category,company,year,total_share_capital,total_reserves_and_surplus,total_shareholders_funds,long_term_borrowings,deferred_tax_liabilities_net,other_long_term_liabilities,long_term_provisions,total_non.current_liabilities,short_term_borrowings,trade_payables,other_current_liabilities,short_term_provisions,total_current_liabilities,total_capital_and_liabilities,tangible_assets,intangible_assets,capital_work.in.progress,fixed_assets,non.current_investments,deferred_tax_assets_net,long_term_loans_and_advances,other_non.current_assets,total_non.current_assets,current_investments,inventories,trade_receivables,cash_and_cash_equivalents,short_term_loans_and_advances,other_current_assets,total_current_assets,total_assets,contingent_liabilities,capital_goods,expenditure_in_foreign_currency,dividend_remittance_in_foreign_currency,other_earnings,bonus_equity_share_capital,revenueGross,less_levies,revenueNet,other_operating_revenues,total_oper_revenue,other_income,total_revenue,cogs,purchaseStock,operating_direct_expenses,changeInventory,employeeBenefits,financeCosts,depr_amort,other_expenses,total_expenses,netIncome_beforeExceptional_tax,exceptionalItems,EBT,current_tax,less_mat,deferred_tax,tax_earlier_years,total_tax,EAT_before_Extraordinary,earnings_continuing_operations,NetIncome,EPS_basic,EPS_diluted,dividendEquity,taxDividend,net_cashflow_from_operating_activities,net_cash_used_in_investing_activities,net_cash_used_from_financing_activities,net_inc.dec_in_cash_and_cash_equivalents,cash_and_equivalents_year_begin,cash_and_equivalents_year_end,fraud
0.8076923076923077,0.0,0.25,0.006150969392776302,0.5031811367605467,0.5148799736928642,0.009462642694638507,0.002110285347279567,0.0002761961417523583,0.002453385672227674,0.013616247589934167,0.05099031194314155,0.017248497175596345,0.013550409545960157,0.0007783262786408078,0.08170099453309394,0.1196679617094565,0.025704640663765405,5.008113143292133e-05,0.022254778847495462,0.02568911507385367,0.002345875001263941,0.0,0.0,0.023125506868840774,0.047500792020520995,0.0,0.045466579772718015,0.0199203187250996,0.003309974965695671,0.006247981266149871,0.0,0.07353148472583017,0.1196679617094565,0.016914258033263362,0.0,0.00018218070301509063,0.0,0.00017866338766802243,0.0010006027727546714,0.10059978736635172,0.004747999134760977,0.09590136887680108,9.490624618680261e-05,0.09619666606487332,0.00669168746004578,0.09682650916007608,0.05303069277387359,0.029586278123164778,0.005606496103867717,0.6916224970553594,0.02744545260714032,0.01707175925925926,0.0024067388688327313,0.012516404733240056,0.09662224727243449,0.45390236189017796,0.4911115915814564,0.4321737625475943,0.15547370612030662,0.48437913688112255,0.31462745037555717,0.32132889803512527,0.2915694709299747,0.4959673189985923,0.4888615612314858,0.4888615612314858,0.3321678321678322,0.3321678321678322,0.0,0.00014632005072428425,0.4758492970217913,0.5251939416328038,0.5271087872805847,0.5167093610480861,0.17398219092979914,0.3827727337486562,1.0
0.8076923076923077,0.0,0.0,0.006150969392776302,0.5028153704285647,0.5145151677079908,0.010348507117115303,0.002110285347279567,0.00013809807087617916,0.002686457311089303,0.014565289058051368,0.03766667349404994,0.024870862827625788,0.013297603397714632,0.0005011141793988762,0.07570958826733373,0.11395041454720231,0.026141863586448124,9.01460365792584e-05,0.022254778847495462,0.02615545260084549,0.002345875001263941,0.0,0.0,0.016121501069032464,0.04215593095624981,0.0,0.03565027901103825,0.031309107006318164,0.0032890257570520275,0.00410812338501292,0.0,0.07305825731488753,0.11395041454720231,0.022374051348296467,0.0,8.096920134004029e-05,0.0,0.0005254805519647718,0.0010006027727546714,0.1198371146015125,0.0054510058403634005,0.11442970132688057,9.490624618680261e-05,0.11478205051052136,0.0071659827191553425,0.11581739913905297,0.06587165214170328,0.029586278123164778,0.0053223462038666245,0.6995484884177464,0.027030868730899528,0.01410033831908832,0.0019087928959707872,0.012570635256347683,0.11520190023752969,0.4541853226584997,0.4911115915814564,0.43246798200069225,0.15547370612030662,0.48437913688112255,0.31462745037555717,0.32132889803512527,0.2915694709299747,0.4962488614093682,0.48913906996484885,0.48913906996484885,0.3339160839160839,0.3339160839160839,0.0,0.00014632005072428425,0.4780359803900395,0.525800833817088,0.5242703942805313,0.5166288516431237,0.17405674052598882,0.38275978189071225,1.0
0.5384615384615384,0.0020429009193054137,1.0,0.017124298789489224,0.5089715784105134,0.5252384084182835,0.7011818236727133,0.007299344486242366,0.004174810911872185,0.0033243375858684984,0.709533371294992,0.0034000368678696515,0.12929827917795253,0.025482859743148952,0.0002558880916079368,0.1584898428516673,0.9136159730844715,0.170588115670883,0.01781886656383341,0.02405868165600271,0.18995144007055892,0.10559470964741095,0.0,0.14140084832410435,4.9150917893391654e-05,0.44098680647106314,0.0,0.009154413262188913,0.45806672300696205,0.00739507065120615,0.010366198320413435,5.36480686695279e-05,0.48420225940917055,0.9136159730844715,0.02986234458259325,0.0,0.0,0.0,0.0,0.007377938517179023,0.2539166716816112,0.0007678996322734154,0.252427281544661,9.490624618680261e-05,0.2532045495576819,0.028230878683521334,0.2744418860746821,0.00902365494037391,0.258803993438772,0.0,0.6973727260829735,0.03067920684181848,0.009415064102564104,0.007074982364413461,0.024718272432455883,0.29499979870365156,0.44298340518317547,0.4911115915814564,0.42082035306334364,0.15547370612030662,0.48437913688112255,0.31515955395838796,0.32176585008316183,0.29245642822298107,0.48455105026360096,0.4776088541609986,0.4776088541609986,0.3041958041958042,0.3041958041958042,0.0,0.00014632005072428425,0.41987560201282853,0.527294316322761,0.4872752494264525,0.3891019541828295,0.32163180782770756,0.38529834604774055,1.0
0.5384615384615384,0.0020429009193054137,0.75,0.017235016238559196,0.5199960847547562,0.5362750739888195,0.7720711107531861,0.006585721421944928,0.0037180249851279,0.0030421982335623156,0.7785137011618265,0.0019150810069024846,0.13715223586036068,0.025159267873394682,0.0019084986832425288,0.1661354420931593,0.0,0.040590555984870054,0.019842144273723432,0.1538300544160737,0.1943917843493071,0.10548348281545446,0.0,0.13392992721419678,0.00029490550736034995,0.4380231167795935,0.00019516451220352217,0.011221538837521894,0.38339571008893714,0.18999884779352458,0.009064114987080102,6.437768240343347e-05,0.585915946756882,0.0,0.038965364120781526,0.0,0.0,0.0,0.0,0.007377938517179023,0.8307355920643518,0.0010707332900713822,0.827195552400284,9.490624618680261e-05,0.8297426330464786,0.02798342028746417,0.8496546200820904,0.011318153288952453,0.8187865778335797,0.0,0.694436264886795,0.014297221103503826,0.010895210113960113,0.004450392132453629,0.016551155652447424,0.8275594830709772,0.46820020306596316,0.4911115915814564,0.44704049844236754,0.16350078279834573,0.48437913688112255,0.3152675170041797,0.3215121359907535,0.30028826112022705,0.5047668994451958,0.49753506948601023,0.49753506948601023,0.3513986013986014,0.3513986013986014,0.0013921731208222012,0.0005202490692418995,0.34051249379089915,0.5182542614385983,0.7539027903750732,0.6347434677596427,0.18803064816732243,0.4981932158168089,1.0
0.5384615384615384,0.005447735784814436,1.0,0.0023988780631827578,0.49665401080813754,0.5068028609010194,0.019418550806337958,0.0018758091975818372,0.0,0.0,0.02101877104124834,0.04600290846527252,0.00021145267991098848,0.015026797451714025,0.0,0.060468822497024476,0.09025914206752915,0.08499410257453126,0.0,0.026221371763439572,0.08876633448566013,0.0,0.0004117119953500763,0.0014678639037081279,0.0,0.09113856782250565,0.0,0.00038694961508696187,0.0,0.00114173187107857,7.065568475452197e-05,0.00022532188841201716,0.000966592158521114,0.09025914206752915,0.005863474891005974,0.0,0.0,0.0,0.0,0.0006389391199517783,0.000371105895568795,0.0,0.0003699667029967303,9.490624618680261e-05,0.000371105895568795,0.0056296785103004555,0.00013014315747322054,1.028923026268405e-05,0.029586278123164778,4.371536923093737e-05,0.6959494830519566,0.0016109544905356424,0.010861823361823363,0.0002593468608655961,0.0005097669172116834,0.004166834413623737,0.4512780394702531,0.4911115915814564,0.42944502134533286,0.15547370612030662,0.48437913688112255,0.31462745037555717,0.32132889803512527,0.2915694709299747,0.49335615114963155,0.48628780376323605,0.48628780376323605,0.2937062937062937,0.2937062937062937,0.0,0.00014632005072428425,0.4811513292875192,0.5191777930233785,0.5278664034572906,0.5165922564590499,0.17240008283288466,0.38143221645145,1.0
0.5384615384615384,0.005447735784814436,0.75,0.0023988780631827578,0.4840221932585658,0.4942042091417297,0.022196943767742457,0.0018758091975818372,0.0,0.0,0.02377598625388358,0.0342768777010835,0.0,0.006977449691576499,0.0,0.040679026043452825,0.04882444827171867,0.00022369544881441412,0.0,0.06805995734417668,0.046816232601048245,0.0,0.0004117119953500763,0.0015286030997236366,0.0,0.04891109952887553,0.0,0.00038694961508696187,0.0,0.0012883763315840744,7.065568475452197e-05,0.0,0.0009061801486135445,0.04882444827171867,0.007740594219279832,0.0,0.0,0.0,0.0,0.0006389391199517783,0.0002708070048745261,0.0,0.0002699757021868032,9.490624618680261e-05,0.0002708070048745261,0.00606273070340049,0.0004605065572129343,0.0,0.029586278123164778,0.0,0.6959494830519566,0.0014806567008599654,0.00984909188034188,3.1121623303871525e-05,0.00037961366175338126,0.0027476951568098556,0.45224343503276243,0.4911115915814564,0.43044882889119646,0.15547370612030662,0.48437913688112255,0.31462745037555717,0.32132889803512527,0.2915694709299747,0.4943167076099258,0.48723459826529836,0.48723459826529836,0.3094405594405594,0.3513986013986014,0.0,0.00014632005072428425,0.4790402349739758,0.5170826956567628,0.5323107293389532,0.5169142940788991,0.17215158417891904,0.38152287945705815,1.0
0.7115384615384616,0.011576438542730678,1.0,0.3825041826591871,0.7452720837862482,0.9135255672476159,0.0,0.02163297346341662,0.0,0.007593228655544652,0.0017482342833737925,0.0,0.5081107206508715,4.0448983719284053e-05,0.05966457335991727,0.0,0.0,0.771037540163501,0.0008413630080730784,0.022254778847495462,0.0,0.22258511380527213,0.0,0.3211382525333306,0.0,0.0,0.0,0.0,0.0800132802124834,0.05404895830060019,3.0281007751937984e-05,0.6214377682403432,0.0,0.0,0.0,0.002403515273439568,0.0817991356537757,0.0,0.0,0.03701024713682941,0.38715371807987803,0.0,0.3859652631263186,0.008758490719524926,0.39356281719524183,0.015435217454065536,0.40211232355591153,0.13976890388830013,0.030203924586379376,0.0,0.7703589189896611,0.07900784155788776,0.9028668091168092,0.10288808664259928,0.42378984587685337,0.0,0.45350288786431203,0.4911115915814564,0.4317583939079266,0.25588908697658846,0.48437913688112255,0.0,0.33378907901784455,0.03595724865847711,0.0,0.0,0.0,0.027972027972027972,0.027972027972027972,0.0,0.00014632005072428425,0.0,0.29082801203229713,0.5237688737128527,0.41118348825294593,0.3198923172499482,0.40347627867217556,1.0
0.38461538461538464,0.01191692202928158,1.0,0.014725420726306468,0.5881265036344809,0.6031835744820783,0.15587187179125814,0.0036904507039381795,0.03347284779468004,0.0001226692836113837,0.1897783238928682,0.0013723040370317268,0.007340428745481457,0.0952775811507736,3.19860114509921e-05,0.10374008997195941,0.4901970601193576,0.2558567535689592,0.0,0.029320895373637103,0.2622844456159204,0.11836557226205041,0.0,0.04526082423088993,8.601410631343541e-05,0.4297963229808587,0.0,0.0,0.02688236951185158,0.002597701871811792,0.034550629844961246,0.006813304721030042,0.06946374272538713,0.4901970601193576,0.35188922977555304,0.0,0.00032387680536016117,0.0,0.0,0.008740204942736588,0.07225532085615133,0.0,0.07203351698347148,9.490624618680261e-05,0.07225532085615133,0.01142432928463902,0.07751526679347283,0.0,0.029586278123164778,0.0,0.6959494830519566,0.011371443462604533,0.042289886039886045,0.02343458234781526,0.0395448974500808,0.09954104432545595,0.44159634259336317,0.4911115915814564,0.4193781008422752,0.15547370612030662,0.48437913688112255,0.30983851813008007,0.32132889803512527,0.28606146614040534,0.4871511772337078,0.4810205791770505,0.4810205791770505,0.3111888111888112,0.3111888111888112,0.0,0.00014632005072428425,0.5149180398678272,0.5168927120164651,0.49656405057888275,0.5162555807655712,0.17283081383309173,0.381471072025282,1.0
0.5384615384615384,0.021109976166155942,1.0,0.03571252829445921,0.3485650111017809,0.37301668858927983,0.04307515754293422,0.029401270249054447,0.0,0.0,0.07146781750432064,0.2348585707555865,0.027398225811323795,0.01517848114066134,0.005352325916132677,0.2789231607189687,0.0969679977570393,0.06589864562573718,0.0,0.029390659570651196,0.07296154742956783,6.066918106717089e-05,0.0,0.0,0.0,0.07362213978395725,0.0,0.0009673740377174046,0.009769004788925109,0.0013721731661586484,0.003240067829457364,0.011169527896995709,0.024970297428462112,0.0969679977570393,0.3926106087518165,0.0,0.0,0.0,0.0,0.0,0.008966720828067641,0.0,0.008939195472407483,9.490624618680261e-05,0.008966720828067641,0.005753407708329037,0.008849734708178998,0.0,0.035965249792430286,0.0016065398192369482,0.6976508310430573,0.0022624434389140274,0.007233796296296296,0.03391219552678534,0.0011063026713955682,0.04450662264986513,0.4338731780932883,0.4911115915814564,0.4113476404753663,0.15547370612030662,0.48437913688112255,0.31462745037555717,0.32132889803512527,0.2915694709299747,0.4760385326672003,0.46921829598755016,0.46921829598755016,0.32867132867132864,0.32867132867132864,0.0,0.00014632005072428425,0.47753385309807145,0.5261755237743416,0.5244357893613616,0.5166874039376418,0.17247463242907435,0.38157468688883417,1.0
0.4230769230769231,0.029281579843377595,0.25,0.009644720007873241,0.4916981345917069,0.5048863449523183,4.02665646580362e-05,0.002232620729730556,0.0,0.00039254170755642783,0.0024575179069140167,0.0019970096061282592,0.001540583810780059,0.0025685104661745373,0.0004797901717648815,0.006485646849972766,0.014328914166700046,0.003680806930491723,0.0,0.02226474516135462,0.003680011354305005,0.0,0.0,0.00035431197675713427,0.0,0.0040674086110514965,0.0,0.006537411918048145,0.0011569882087810372,0.0017387843174224095,0.001695736434108527,0.00022532188841201716,0.010390865704101976,0.014328914166700046,0.002411997416437914,0.0,6.072690100503021e-05,0.0,0.0,0.0,0.057732041483621196,0.0012870430456413584,0.05636492715655591,9.490624618680261e-05,0.056538484684359396,0.005681232342812364,0.05625187706477125,0.0407041949191781,0.029586278123164778,0.004426181134632408,0.6978471404266459,0.003304825756319443,0.009437321937321939,0.00026972073530021995,0.004511979522554475,0.05422923628165385,0.45478453369729854,0.4911115915814564,0.43309103496019374,0.15594429009692223,0.48437913688112255,0.3148973579900366,0.32132889803512527,0.29234112377489024,0.4963647906373348,0.48925333826682194,0.48925333826682194,0.3339160839160839,0.3339160839160839,0.0,0.00014632005072428425,0.4790294365375894,0.5259697081640192,0.5232033292429173,0.5167459562321598,0.1726982812176434,0.38180134440285457,1.0
0.4230769230769231,0.029281579843377595,0.0,0.009644720007873241,0.4909562986507858,0.5041413186451825,9.059977048058144e-05,0.0018758091975818372,0.0,0.0003557409224730127,0.002127850870620673,0.0,0.004279399474389053,0.010809990898978663,9.595803435297629e-05,0.015119727259889856,0.02111787559578644,0.0034774474315695286,0.0,0.02249397038011521,0.0037104246712827325,0.0,0.0,0.0003340655780852981,0.0,0.004077628230677254,0.0,0.012728605759439534,0.0012475351120769447,0.0016654620871696568,0.0024325742894056846,0.00013948497854077255,0.017217422823657347,0.02111787559578644,0.002411997416437914,0.0,0.0,0.0,0.0,0.0,0.03972839060399993,0.001016655851178888,0.03866652001319881,9.490624618680261e-05,0.038785581031473795,0.005650300043305218,0.038502352587846636,0.031217524616983405,0.029586278123164778,0.003836023650014754,0.6972582122758803,0.002748098836796096,0.007400730056980058,0.0002593468608655961,0.0007049968003991367,0.0378135190627642,0.4539966821462852,0.4911115915814564,0.4322718356986269,0.15563660057375048,0.48437913688112255,0.31462745037555717,0.3213429932624813,0.29173799281564594,0.49595627811973836,0.4888506785360598,0.4888506785360598,0.3321678321678322,0.3321678321678322,0.0,0.00014632005072428425,0.4788620607736,0.5259116576072616,0.5236995144854079,0.5171119080728976,0.17222613377510873,0.38175601290005057,1.0
0.8653846153846154,0.04085801838610827,1.0,0.006643046944198406,0.4990958874470025,0.511010975008221,0.0,0.002110285347279567,0.0,0.00022080471050049064,0.0021578206011927956,0.0,0.0001913143294432753,7.07857215087471e-05,4.264801526798947e-05,0.00026225010590869664,0.01978611767533144,0.004443405051449953,0.0,0.022304610416791246,0.004480895368051825,0.00328624730780509,0.0,0.007076116335806768,4.9150917893391654e-05,0.01501262123023781,0.0,0.00017310903832837767,7.042536923015011e-05,0.0030166860446846615,0.0022307009043927646,0.0005579399141630902,0.005104814837189634,0.01978611767533144,0.0016450024220894558,0.0,3.0363450502515105e-05,0.0,0.0,0.0,0.00046137489719363706,0.0,0.0004599586037256647,0.00010846428135634584,0.00047140478626306396,0.008093951704369702,0.002632896185804385,3.086769078805215e-05,0.02974828375286041,0.0,0.6959494830519566,0.001966312098742034,0.007233796296296296,0.0004979459728619444,0.0008243039512359136,0.0018519264060549944,0.4539411996426927,0.4911168650364659,0.43221991461866843,0.15556420303888654,0.48444532697908393,0.31455033391427734,0.32132889803512527,0.29148077520067406,0.4960666869082779,0.4889595054903198,0.4889595054903198,0.32867132867132864,0.32867132867132864,0.0,0.00014632005072428425,0.4778794030624366,0.5269037943954825,0.5237688737128527,0.5172509697723779,0.17307102919859185,0.38253312437669185,1.0
0.8557692307692307,0.04187946884576098,1.0,0.37771872847160715,0.12770396624646468,0.2955801956593226,0.701906621836558,0.0018758091975818372,0.24476289623523412,0.004219823356231599,0.9319087721401385,0.39241750814165455,0.052369780391288145,0.06778238446759026,0.00034118412214391577,0.5068588489237659,0.0,0.4658356041810713,0.00016025962058534827,0.02262353246028424,0.46689510446974386,0.009696957440569481,0.0,0.012856463156616016,0.00659851072718783,0.49892183012948255,0.00028700663559341495,0.39158282758339785,0.09376634874642843,0.03312069886560035,0.027151970284237728,0.01017167381974249,0.5489639340300853,0.0,0.5500867915388342,0.0006882312456985547,0.004443184923534711,0.0,0.0,0.019602169981916818,0.608643758400032,0.0021739130434782605,0.6047655710986011,0.05179169434765514,0.644871717718802,0.01292970119398676,0.6505155671238362,0.42168352385558033,0.038790222960247873,0.0860864908580234,0.6952542206517472,0.08360379995735709,0.011907941595441595,0.046423088094941695,0.06957776114708403,0.6836929828092918,0.43714109755488606,0.4911115915814564,0.4147455867082035,0.15547370612030662,0.48437913688112255,0.31462745037555717,0.32132889803512527,0.2915694709299747,0.4792900714896906,0.4724232497905081,0.4724232497905081,0.3111888111888112,0.3111888111888112,0.0,0.00014632005072428425,0.48047102779517525,0.5333315742255528,0.5136264205303313,0.5157652052989826,0.17729550631600746,0.38452123457109927,1.0
0.028846153846153848,0.06435137895812053,1.0,0.019793819505954137,0.5270486778319845,0.5443830154554423,0.049215808653284746,0.005535676055907269,0.0,0.0,0.05417528296420615,0.09435102308338282,0.05783734254327228,0.011052684801294368,0.0007889882824578051,0.1625950656633919,0.2981135098329796,0.09422662382559889,0.0,0.03592856146225756,0.10785575977534696,0.0016077332982800288,0.0,0.008797060222912849,0.0,0.1192323021737131,0.0,0.09640136857969125,0.0537043744215059,0.0072903246079879325,0.021832606589147287,0.005568669527896996,0.18229323989609136,0.2981135098329796,0.005661634103019539,0.0,0.00016193840268008058,0.0,0.0,0.0002772754671488849,0.13336743495616937,0.003893575600259572,0.1293583577478027,0.0054503301381563785,0.13371848107359935,0.006103973769410018,0.1336970667734508,0.08027657450946095,0.029586278123164778,0.011584572846198403,0.6984524276927104,0.01668996233209353,0.025997150997150997,0.00798788331466036,0.010900335144632806,0.14003180482306052,0.45041251241421015,0.4911115915814564,0.42854505595938613,0.15547370612030662,0.48437913688112255,0.3149590511590604,0.32132889803512527,0.2919508625659675,0.49225758370366285,0.48520497556834874,0.48520497556834874,0.32517482517482516,0.32342657342657344,0.0,0.00014632005072428425,0.47522838692957264,0.5241173676711172,0.5271514698820893,0.5144331405986972,0.17969765997100848,0.3852335867580205,1.0
0.028846153846153848,0.06435137895812053,0.75,0.019178722566676507,0.5298717757182672,0.546941795462019,0.04284362479615052,0.005097307602124557,0.0,0.0,0.047412113765097255,0.10233906150789587,0.05496762760162315,0.0193447264637476,0.0007036922519218263,0.1757781767565714,0.3094184323306765,0.10063244804164802,0.0,0.03450337858039825,0.1127928548980647,0.0016380678888136143,0.0,0.008209914661429597,0.0,0.12364717785204034,0.0,0.09672722088713291,0.056672300696205075,0.010516502739109028,0.021479328165374678,0.006598712446351932,0.18931110171368737,0.3094184323306765,0.014209591474245116,0.0,0.0003137556551926561,0.0,0.0008302592721043395,0.0002772754671488849,0.15733886983209966,0.003471771576898118,0.153646171844534,0.005802839052564502,0.15834185873904236,0.006279256799950508,0.15844428871758937,0.10541316404119808,0.029586278123164778,0.012655599392356368,0.6918597042271954,0.01789817819999526,0.029079861111111112,0.007137225611021204,0.014186704844954934,0.16353315350859535,0.4511670744630681,0.4911115915814564,0.4293296411676473,0.15547370612030662,0.48437913688112255,0.31411077008498234,0.32132889803512527,0.29097520954366046,0.49361009136327255,0.48653810575803413,0.48653810575803413,0.32517482517482516,0.32517482517482516,0.0,0.00014632005072428425,0.48181003390709026,0.5207926539659085,0.5260790695192872,0.5172729268828221,0.17905156347069787,0.3872281728813998,1.0
0.5480769230769231,0.06605379639087504,1.0,0.02745792736935341,0.5046287471730383,0.5252281321933575,0.0,0.0018758091975818372,0.0,8.58684985279686e-05,0.0018181636547087443,0.023042418532249143,0.0027790923645444198,0.007988674284558602,0.0002558880916079368,0.03363861935405782,0.0802859774902872,0.01860739415138081,0.0001201947154390112,0.022254778847495462,0.018785292119909574,0.006289371770630049,0.0,0.002287843049917496,0.0,0.027603192609171087,0.0,0.0038796790354771703,0.005171234254899593,0.00769883417653898,0.03649870801033592,0.001609442060085837,0.05353510944642462,0.0802859774902872,0.03639189407395447,0.0,0.0,0.0,0.003836008029342834,0.0,0.0018154099215662676,0.0001838632922344798,0.0016398524132828047,9.490624618680261e-05,0.0016449018073860105,0.012775039696451034,0.008349184102512765,0.0,0.029586278123164778,0.0,0.6959494830519566,0.008575963611380919,0.013877759971509971,0.00631768953068592,0.0071692751548281435,0.02481983976810661,0.4444536915283766,0.49087428610602807,0.4220895350178839,0.15547370612030662,0.48437913688112255,0.31462745037555717,0.32132889803512527,0.2915694709299747,0.4863175908802341,0.4793500854291591,0.4793500854291591,0.31643356643356646,0.31643356643356646,0.0,0.00014632005072428425,0.47622184307712245,0.5401657079529262,0.5114229312276584,0.5164605137963844,0.1726568647753158,0.38151640352808613,1.0
0.6442307692307693,0.06877766428328226,1.0,0.0,0.4920432943697743,0.5012023183163433,0.0,0.0018758091975818372,0.06430058638565479,0.08845682041216879,0.0017482342833737925,0.0,0.0,4.0448983719284053e-05,0.271305349127315,0.0,0.0,0.0,0.007161601794907751,0.06966453387550081,0.0,0.0,0.0,0.0,0.0,0.0,0.2542075172777995,1.0,0.0,0.38735086782096806,0.26262718023255816,0.0,0.0,0.0,0.37242652995317294,0.002075281910106411,0.3652621883950892,0.0,0.0,0.9491380349608197,0.0002708070048745261,0.0,0.0002699757021868032,0.014276611033529021,0.0002708070048745261,0.43080444600251583,0.0,0.0,0.6660861464935907,0.0,0.6959494830519566,0.22821065599014473,0.007233796296296296,0.9143221710444417,0.0,0.0,0.17356591598839305,0.6028402828681266,0.26291104188300446,0.15547370612030662,0.48437913688112255,0.31462745037555717,0.32132889803512527,0.2915694709299747,0.3339976262110464,0.3292124193320201,0.45112581484182,0.3304195804195804,0.3304195804195804,0.0,0.00014632005072428425,0.4782951428633134,0.5260963639242175,0.5014512084511551,0.5151577252433579,0.2393207703458273,0.43248196453781296,1.0
0.5769230769230769,0.07218249914879128,1.0,0.01984302726109635,0.48251276318433073,0.499984585662611,0.021522478809720347,0.0018758091975818372,0.0,6.133464180569185e-05,0.02315661182205972,0.016774880691477374,0.000745118967305388,0.006825766002629184,0.0004797901717648815,0.024490125274858287,0.043397284415428374,0.004209541627689429,0.0,0.0579640814048516,0.040510538214332786,0.0,0.0,0.0009110879402326311,0.0,0.04175736579084526,0.0,0.0016699930756384669,0.0,0.0009322397846421351,0.0007166505167958656,1.072961373390558e-05,0.002497029742846211,0.043397284415428374,0.0001917487485871145,0.0,0.0,0.0,0.0,0.0,0.0002708070048745261,0.0,0.0002699757021868032,9.490624618680261e-05,0.0002708070048745261,0.010486049532922277,0.004755230753829213,0.0,0.029586278123164778,7.65018961541404e-05,0.6959494830519566,0.0018478595626732369,0.007233796296296296,0.0003008423586040914,0.0006941506957776115,0.0013184910825717623,0.45541148598789377,0.4911115915814564,0.43374293296411676,0.15547370612030662,0.48437913688112255,0.31462745037555717,0.32132889803512527,0.2915694709299747,0.4974688785227305,0.49034160780942226,0.49034160780942226,0.3339160839160839,0.3339160839160839,0.0,0.00014632005072428425,0.4780629764810056,0.526196633067708,0.5233740596489356,0.5159774573666105,0.1728473804100228,0.3812379385822896,1.0
0.5384615384615384,0.0749063670411985,1.0,0.007442672965259325,0.5048657225430548,0.5170996382768827,0.0201332823290181,0.0018758091975818372,5.311464264468429e-05,0.0019259077526987242,0.02333643020549245,0.008172377772771031,0.057857480893739995,0.00988977651936495,0.0019511466985105183,0.07767646406164895,0.12973124524372173,0.038109570098019276,0.0014223041326949658,0.02352050070760828,0.040723431433176874,0.0,0.0,0.00646872437565168,2.4575458946695827e-05,0.04760298821677857,0.0,0.029092501323775,0.04211437079962976,0.002849092375535514,0.010719476744186045,0.0,0.0835498097021688,0.12973124524372173,0.016682141127078963,3.1764519032240984e-05,0.0041901561693470845,0.0,0.0,0.0014948764315852923,0.17399851557641774,0.009333765952844474,0.16483516483516486,0.003579321284759412,0.1679103729112756,0.0061142845359124,0.1678446290920012,0.10549547788329955,0.0384257102934327,0.0,0.694452624002094,0.029755277060481866,0.010027154558404559,0.005197311091746545,0.03314569572338095,0.17249084101614398,0.4514389387306713,0.4911115915814564,0.42961232260297677,0.15547370612030662,0.48437913688112255,0.31462745037555717,0.32132889803512527,0.2915694709299747,0.4935162438930139,0.48644560284691307,0.48644560284691307,0.31993006993006995,0.31993006993006995,0.0,0.00014632005072428425,0.48501716951385443,0.5229088606258905,0.5210211812409966,0.5176169216131157,0.17231724994822945,0.3822740872178114,1.0
0.9134615384615384,0.08205652025876745,1.0,0.025317390020667255,0.4521438543528769,0.47198701085169353,0.04099136282188085,0.0018758091975818372,0.014011642729667715,0.0019381746810598626,0.057182245931609074,0.015310406980316653,0.05011428513890428,0.013803215694205681,0.000437142156496892,0.07941134937766034,0.0774622501702247,0.042420791475169806,0.0,0.022254778847495462,0.04229478614369279,0.0,0.0,0.0008908415415607949,0.003268536039910545,0.046264218045804335,0.0,0.0010284713453627143,0.0008048613626302869,0.0009636635976076004,0.02946342054263566,0.00101931330472103,0.03231035663223183,0.0774622501702247,0.07820321330534474,0.0,1.0121150167505037e-05,0.0,0.0,0.0,0.03118292511684821,0.0,0.031087202151806336,0.0017761026072101631,0.032426631361457146,0.0056296785103004555,0.032135348883772154,0.019395199045159434,0.029586278123164778,0.0,0.6957777123413166,0.013385136575774087,0.011095530626780628,0.003568612805510602,0.012841787871885812,0.04773742904303716,0.44499742006358295,0.4911115915814564,0.422914503288335,0.15547370612030662,0.48437913688112255,0.32139827567592577,0.32132889803512527,0.2993569559625704,0.482254547461978,0.47534525351238993,0.47534525351238993,0.31993006993006995,0.31993006993006995,0.0,0.00014632005072428425,0.48003369112152566,0.5257163966436224,0.5224403777410233,0.5167020420112712,0.172135017601988,0.38132212565892576,1.0
0.9134615384615384,0.08273748723186926,1.0,0.008303808680248007,0.5296451036252079,0.5421736270963499,0.06772836175481689,0.018054663526725183,0.0,0.0,0.0848143375191057,0.019161051143928066,0.00824665451652855,0.010830215390838305,0.008529603053597894,0.045954287789231614,0.20873553090078906,0.12082604628462196,0.0,0.027178137893918555,0.12547520807777698,0.002558217134999039,0.0,0.0,2.4575458946695827e-05,0.1290942351125691,0.0,0.052258563805954956,0.018823695118515837,0.0020215986341115964,0.011052567829457363,0.0,0.0826939728951449,0.20873553090078906,0.0,0.0,0.0001113326518425554,0.0,0.0,0.0,0.20235301197568756,0.0,0.20173184413402792,9.490624618680261e-05,0.20235301197568756,0.007289711917183923,0.20334367804585043,0.11799689265246067,0.029586278123164778,0.0,0.6850379531474938,0.013716803676766719,0.024394586894586897,0.01422258184986929,0.04861224091367585,0.18682314102822176,0.46321787424335736,0.4911115915814564,0.4418599284642898,0.15918407978208343,0.48437913688112255,0.31477397165198884,0.32132889803512527,0.29537451771697193,0.5028678682823153,0.49566324587273775,0.49566324587273775,0.36538461538461536,0.36538461538461536,0.0013819365537573321,0.0005202490692418995,0.4997246398721465,0.5237901736239379,0.5049191698234007,0.5166874039376418,0.17298819631393664,0.3819761944850989,1.0
0.9134615384615384,0.08273748723186926,0.75,0.008303808680248007,0.5236537480745751,0.5361980023018743,0.08435845295858584,0.01786096583784445,0.0,0.0,0.10112786086053087,0.021035167851217663,0.012848267598401015,0.012124582869855394,0.010715313836082355,0.05577858021827278,0.22317459045940644,0.12597104160735348,0.0,0.02827443241842572,0.13172007583053702,0.0008392570047625307,0.0,0.0,3.6863188420043744e-05,0.1336624050852827,0.0,0.05350087572807625,0.021037063865749123,0.002032073238433418,0.017653827519379845,0.0,0.09272236653980145,0.22317459045940644,5.046019699660908e-05,0.0,0.0001416961023450705,0.0,0.0,0.0,0.1989027301358047,0.0,0.19829215370616643,0.00018981249237360522,0.19897293935929072,0.007867114841317304,0.20054059465411953,0.10986840074494027,0.029586278123164778,0.0,0.6846207957073682,0.01288763592428514,0.022869925213675216,0.01652558197435578,0.0442846451696873,0.17449373968356216,0.4684554225824887,0.4911115915814564,0.4473058728510442,0.16135600582800158,0.48437913688112255,0.31488964634390854,0.32132889803512527,0.2976362588141381,0.5066714510475034,0.4994123344469958,0.4994123344469958,0.38286713286713286,0.38286713286713286,0.0013819365537573321,0.0005039912858280902,0.4944873982247371,0.506733864583883,0.527359547564424,0.5167166800849008,0.17295506316007456,0.38198267041407097,1.0
0.18269230769230768,0.08546135512427647,1.0,0.019732309812026373,0.47848933353253004,0.4959254768168366,0.019619883629628136,0.0018758091975818372,0.0,1.226692836113837e-05,0.021228559155253193,0.0,0.002215218551448451,0.0008797653958944282,0.0,0.0030461358455548607,0.012266191372611849,0.0028775369097490543,0.006029768224523728,0.022254778847495462,0.008982066280755466,0.0,0.0,0.0018626686778089347,0.0,0.010924773379934798,0.0,0.0,0.0,0.0007960699284584524,0.0008983365633074935,0.0007403433476394849,0.0015707122575968104,0.012266191372611849,0.0027450347166155338,0.0,0.0,0.0,0.0,0.0012658227848101266,0.0010431084632203968,0.0,0.001039906408423242,9.490624618680261e-05,0.0010431084632203968,0.005908069205864764,0.0010912003203523877,0.0,0.029586278123164778,0.0009180227538496847,0.6959494830519566,0.0021321456492383504,0.00820201210826211,0.0027490767251753183,0.0029392943524333237,0.007679455694673699,0.4498687838790038,0.49083737192096144,0.42767970462674504,0.15547370612030662,0.48437913688112255,0.31462745037555717,0.32132889803512527,0.2915694709299747,0.4916668966849761,0.48462275136305755,0.48462275136305755,0.31993006993006995,0.31993006993006995,0.0,0.00014632005072428425,0.47710191564261495,0.5252942107762942,0.5257482793576268,0.5166800849008271,0.17202733485193622,0.3812185107953736,1.0
0.20192307692307693,0.08648280558392918,1.0,0.04784223993701407,0.48382643099637834,0.5129891483064781,0.0,0.0018758091975818372,0.0,0.0010426889106967614,0.0025973766495839203,0.11118735022427953,0.0,0.05044999494387704,0.0,0.15978092029614088,0.1824508351023351,0.03738764387684549,0.04167751757847713,0.022254778847495462,0.07945985949047556,0.07558368807951707,0.008815480371025163,0.015377139791259629,0.0,0.1757263594649007,0.0,0.0,0.007062658457080767,0.0011312572667567483,0.0029675387596899225,0.0,0.010330453694194407,0.1824508351023351,0.04463709026320038,0.0,0.0,0.0,0.011140187701653162,0.019288728149487643,0.018735832781689436,0.0,0.018678318951294383,9.490624618680261e-05,0.018735832781689436,0.012486338234384343,0.025137651416558215,0.0,0.029586278123164778,0.0,0.6959494830519566,0.020302764682191846,0.022680733618233622,0.03216938462176854,0.16736624041475504,0.21649422279479852,0.34809167928893625,0.4911115915814564,0.3221529941156109,0.15547370612030662,0.48437913688112255,0.31001588599102364,0.32132889803512527,0.2862654663177968,0.39398824146402056,0.39143423043019293,0.39143423043019293,0.25,0.25,0.0,0.00014632005072428425,0.4713841435760103,0.5266504828750856,0.5299578509310142,0.5165849374222352,0.17240008283288466,0.381425740522478,1.0
0.3942307692307692,0.0892066734763364,1.0,0.06465899025686449,0.388145049533004,0.42457764715554097,0.312569208158006,0.0018758091975818372,0.0,0.0,0.3119349457048381,0.10175532023841222,0.008357415444100975,0.009738092830417634,0.00013860604962096578,0.11839583627524157,0.2791184363359635,0.22847439703908567,0.0,0.022254778847495462,0.22779574416317758,0.0,0.0,0.001235030318982011,0.0,0.2308816465851141,0.0,0.008237953647509266,0.028793915248098514,0.0016864112958133004,0.015453407622739017,0.0,0.053202843391932986,0.2791184363359635,0.014118763119651219,0.0,0.00018218070301509063,0.0,0.0,0.0,0.06442197749292894,0.0012978585334198572,0.06302432781049705,9.490624618680261e-05,0.06321839080459771,0.006361742931969562,0.0635799379317249,0.016545082262395948,0.051750673335898424,0.0,0.7016588142913232,0.004027386226339105,0.007233796296296296,0.00022822523756172456,0.01484831722686797,0.06142558073996538,0.4548844022037651,0.4911115915814564,0.43319487712011073,0.15547370612030662,0.48437913688112255,0.31462745037555717,0.32132889803512527,0.2915694709299747,0.4969444367771675,0.5082545244806234,0.5082545244806234,0.34265734265734266,0.34265734265734266,0.0,0.00014632005072428425,0.48296546660043627,0.5255686315900575,0.5199221042522542,0.517009441557491,0.17235038310209153,0.38176896475799454,1.0
0.9711538461538461,0.09124957439564181,1.0,0.08209083751599253,0.5555011771493923,0.5987750739888196,0.030783788681068673,0.005025945295694814,0.0010729157814226226,0.013505888125613345,0.047392133944715836,0.04543964934559531,0.10075216738996909,0.07859237536656893,0.019756693072896122,0.24272255956103367,0.5054672167260784,0.18311506080449017,0.0003105030148841123,0.026909047419721343,0.1876197524355998,0.008483573819226063,0.0,0.0021764878572223963,0.020139588606817232,0.21665593606605962,5.740132711868299e-05,0.0425644576595658,0.10137228862328464,0.09463805004765943,0.06028948643410853,0.000944206008583691,0.2948106083489398,0.5054672167260784,0.09375504601969967,0.0,4.0484600670020146e-05,0.0,0.0,0.0007233273056057866,0.37315199293895807,0.017975340687865025,0.35538801507864287,0.030586927342489523,0.37903953782271166,0.03084981337512631,0.40258284112523773,0.1543590324007861,0.029586278123164778,0.0,0.6933156654888104,0.16535974035204093,0.019175124643874646,0.006494045396074525,0.09338496079133178,0.390766536495028,0.46120940761330914,0.4911115915814564,0.43977154724818274,0.15635152623053186,0.48437913688112255,0.3145966037910452,0.32132889803512527,0.29239434121247065,0.5027243368572138,0.4955217708321997,0.4955217708321997,0.3304195804195804,0.3304195804195804,0.0034190133996662877,0.0012355915394495114,0.49620974882836966,0.5267560293419178,0.5048924931974603,0.5159994144770548,0.20114309380824189,0.40337913973759537,1.0
0.9711538461538461,0.09124957439564181,0.75,0.08024554669815964,0.5518589687450093,0.5943717116080236,0.05537659304596428,0.006055601431323974,0.0010729157814226226,0.006427870461236506,0.06704228728983727,0.026176187452635027,0.08933372267477571,0.07079583375467692,0.015012101374332293,0.20005648463819573,0.47572796090839914,0.18025785984463333,0.00037060037260361784,0.027985409316510192,0.185926744457173,0.008483573819226063,0.0,0.0021866110565583147,0.008490821066083409,0.20527127980296575,0.0,0.040314040161296895,0.09466175701235462,0.10016864112958132,0.0446140180878553,0.0016309012875536481,0.27612315995086495,0.47572796090839914,0.08848700145325368,0.0,9.109035150754532e-05,0.0,0.0,0.0007233273056057866,0.34651260757056024,0.015541855937702789,0.3310702036816686,0.04887671678620334,0.36817716796052236,0.01649722640381086,0.37780558614475923,0.1364969286647666,0.029586278123164778,0.0,0.6929148671639838,0.153040676600886,0.02009882478632479,0.004657869621146105,0.08570591871929197,0.35424131406256293,0.4676120885278827,0.4911115915814564,0.44642898350063454,0.15797142107311246,0.48437913688112255,0.3149204929284205,0.32132889803512527,0.29434564725708456,0.5078749068425846,0.5005985482484301,0.5005985482484301,0.3321678321678322,0.3321678321678322,0.0,0.00014632005072428425,0.48505496404120685,0.5256266821468151,0.5179587045830443,0.5172363316987484,0.20053013046179333,0.4039943529899364,1.0
0.15384615384615385,0.09431392577459993,1.0,0.007971656333038087,0.6111749341878183,0.6233506658993753,0.07336568080694195,0.05230857061300221,0.008498342823149485,0.0,0.13195672370905387,0.13881777031317208,0.04449568535841229,0.03807260592577611,0.019031676813340302,0.2372455669645559,0.6040773821444306,0.32647333956969127,0.0,0.02539416771312962,0.32869699212295095,0.0007179186426281888,0.0,0.0007491167508579411,0.002715588213609889,0.3350911079089636,0.03379790140748055,0.09116736589140972,0.11567869934403799,0.007793105615435377,0.03510578165374677,0.0,0.27728105680742665,0.6040773821444306,0.0,0.0008894065329027476,0.0010525996174205238,0.0,0.00038885560845393114,0.003905967450271248,0.6602174479950252,0.05744105559160718,0.6050755432011119,9.490624618680261e-05,0.6069386772582295,0.009083785288598354,0.6089198117929723,0.35944396999660455,0.029586278123164778,0.10023934164653939,0.6970700824499412,0.023275923337518652,0.042200854700854704,0.019285032573965723,0.045195717957895426,0.5560912275051331,0.4844288353667671,0.4911115915814564,0.46391484942886807,0.16665007556492703,0.48437913688112255,0.3200487376035288,0.32132889803512527,0.30875870326843763,0.5156421651163433,0.5082545244806234,0.5082545244806234,0.34965034965034963,0.34965034965034963,0.00398202458823409,0.0014144271570014143,0.5104744832948189,0.5186395060425352,0.4978818759003361,0.5144624167459563,0.18007040795195695,0.385544431348677,1.0
0.15384615384615385,0.09431392577459993,0.75,0.007971656333038087,0.5928917692272028,0.6051155047681683,0.08652278080895529,0.04514175612441508,0.005353955978584176,0.0,0.13504360595798245,0.1428220306003318,0.0875716170088508,0.04202649408433613,0.018903732767536333,0.2881523471384479,0.6221712660712141,0.3305405295481352,0.0,0.030347425701130176,0.33778043612696546,0.0007179186426281888,0.0,0.0007491167508579411,0.002801602319923324,0.3443296440506484,0.022891649254930778,0.0922874831982404,0.13232926878345205,0.010987859933591007,0.032915455426356585,0.0,0.2863831329668338,0.6221712660712141,0.00662037784595511,0.0027529249827942187,0.002520166391708754,0.0,0.00048344210780759005,0.003905967450271248,0.6696756333874947,0.06196192948301968,0.610345068943795,9.490624618680261e-05,0.6122244287978175,0.008269234734910192,0.6134047452197418,0.4142855672967105,0.029586278123164778,0.09879673446191846,0.6775863761287789,0.020243538414157446,0.04230101495726497,0.017075397319390846,0.035445069903144284,0.5707657313096342,0.4788251025039254,0.4911115915814564,0.45808815045575163,0.16407996307725722,0.48437913688112255,0.31664019001496063,0.32132889803512527,0.3023193933212116,0.5140743603190814,0.5067091817301309,0.5067091817301309,0.3479020979020979,0.3479020979020979,0.003316647729017597,0.0010079825716561804,0.5380320929529404,0.49966752862947905,0.4952302192818652,0.5218692820024885,0.17422240629529925,0.3875195896851404,1.0
0.75,0.09567585972080354,1.0,0.045467965751402425,0.9360939246727421,0.9630775238408419,0.038535102377740646,0.012478209010000917,0.0,0.013309617271835132,0.06121816964865486,0.07945025909919505,0.22266974112150473,0.05719486297906765,0.04842682133680204,0.40412741320530154,0.0,0.93421320209867,0.015665377912217792,0.0946999142897008,0.0,0.0343994256650859,0.0,0.057681989816061464,0.0,0.0,0.0,0.128793124516313,0.015191758219646665,0.008913888277870303,0.10591287144702843,0.007253218884120172,0.26278217442960994,0.0,0.11361617955756499,0.0,0.012226349402346083,0.0,0.0,0.0,0.8798419289482659,0.03410123296560675,0.8456138947494725,0.0033895087923858074,0.8506549517562336,0.040449136988843754,0.8826308939833817,0.5206144728312875,0.029586278123164778,0.0,0.6961376128778957,0.07492122906351424,0.04525017806267806,0.02184737955931781,0.1860323864683999,0.8001026611377271,0.5016173149797212,0.4680824135548888,0.4565882081458405,0.17492149392313194,0.48437913688112255,0.31042460323580673,0.31817156710737743,0.30380948157346227,0.5117116122443347,0.5043802849089662,0.5043802849089662,0.3374125874125874,0.3374125874125874,0.004350541002569378,0.0015607472077256985,0.5138759907565384,0.6016518022059211,0.4125540201675292,0.5171485032569714,0.17307931248705738,0.3824554132290277,1.0
0.75,0.09567585972080354,0.75,0.04140832595217006,0.9471235826554635,0.9737391072015785,0.19937989490426625,0.018594978132550385,0.0,0.012279195289499509,0.22599174833418248,0.10145832906621878,0.17906014318367183,0.06634644554555567,0.028392916164663988,0.3722942849649997,0.0,0.9486822304469842,0.015455037160199523,0.09992226275189858,0.0,0.03809013418000546,0.0,0.2291183705698349,0.0019045980683689268,0.0,0.0,0.09988391511547391,0.012797295665821563,0.006808492809184133,0.1011890342377261,0.0048819742489270386,0.2228397672123885,0.0,0.09207976747941224,0.0,0.012226349402346083,0.0,0.0,0.0,0.8133939138633127,0.03170019467878001,0.7815796578307952,0.0017489865368710766,0.7852199554672925,0.01453818076835832,0.7921613775152668,0.46333432795892543,0.029586278123164778,0.0,0.6998265933778302,0.06112150861149937,0.05307380698005698,0.019554753309265944,0.16736624041475504,0.7244152341076533,0.49319507093438086,0.4911115915814564,0.4730298834660205,0.17646899123084858,0.48437913688112255,0.3165090920307849,0.3211879457615651,0.3142223601933567,0.5209638687239504,0.5134999836759568,0.5134999836759568,0.34265734265734266,0.34265734265734266,0.003951314887039483,0.001219333756035702,0.5318715849944928,0.5019156683730012,0.4956570452969108,0.5172216936251189,0.17248291571753988,0.38205390563276304,1.0
0.028846153846153848,0.09635682669390534,1.0,0.02579716563330381,0.49299119584984,0.512917214731996,0.0,0.001967560734420079,0.0,3.680078508341511e-05,0.0018681132056622813,0.0,0.002356187004722443,4.0448983719284053e-05,0.0,0.0023602509531782693,0.025293387271197985,0.003945174279090576,0.0,0.023261376547270226,0.004967508439695462,0.0,0.0,0.010386402518651994,0.0,0.015492943352648414,0.0,0.001099751537615576,0.00875286731860437,0.0011207826624349264,3.0281007751937984e-05,0.0,0.010169355001107553,0.025293387271197985,0.0008679153883416761,0.0,0.0,0.0,0.0,0.0,0.000371105895568795,0.0,0.0003699667029967303,9.490624618680261e-05,0.000371105895568795,0.005588435444290929,0.00010011012113324658,0.0,0.029636904882444665,0.0,0.6959494830519566,0.0014806567008599654,0.007233796296296296,3.1121623303871525e-05,3.253831386457554e-05,0.00011071299166633118,0.45350288786431203,0.4911115915814564,0.4317583939079266,0.15547370612030662,0.48437913688112255,0.31462745037555717,0.32132889803512527,0.2915694709299747,0.4955643269204229,0.48846434284843665,0.48846434284843665,0.3304195804195804,0.3304195804195804,0.0,0.00014632005072428425,0.4782951428633134,0.5260963639242175,0.5237688737128527,0.5166947229744565,0.17200248498653967,0.3812120348664016,1.0
0.8557692307692307,0.09737827715355805,0.25,0.01937555358724535,0.58250091441583,0.5995201002959553,0.2659505929251646,0.04163480849415339,0.0012003909237698648,0.0013125613346418057,0.3068301015973866,0.09131966491202917,0.03900798485596045,0.069096976438467,0.0005224381870328709,0.198392205119929,0.6943465374294068,0.4715805100256233,0.0,0.023769658554087185,0.47172068409687656,0.017685066281080315,0.0,0.03629166961926647,0.004104101644098203,0.5334539248449173,0.0,0.1010447639607348,0.032818222061249944,0.013847426913448344,0.014343104005167957,0.008465665236051502,0.16753257214200848,0.6943465374294068,0.06438721136767318,0.004690560643760919,0.005222513486432599,4.7103155911446066e-05,0.0,0.006329113924050633,0.45169605424164005,0.0,0.45030947214750666,0.013178410184796019,0.46137489719363706,0.007918668673829211,0.46248873761137255,0.3271769438928274,0.03059881330876248,0.0,0.7148606203376522,0.023951102793110798,0.04355858262108262,0.03862193452010457,0.0705105261445352,0.4991545553363662,0.4346610296443017,0.4911115915814564,0.41216683973693313,0.15547370612030662,0.48437913688112255,0.3009932600212841,0.32145575508132945,0.2759678921459932,0.48652736757845927,0.4795568566422531,0.4795568566422531,0.3129370629370629,0.3129370629370629,0.0,0.00014632005072428425,0.5671176813597391,0.5159058525515858,0.45007202689003895,0.5218766010393032,0.17646717746945537,0.38928751829449937,1.0
0.8557692307692307,0.09737827715355805,0.0,0.01937555358724535,0.5909392982438064,0.6079311903978954,0.31008274779037226,0.05965888817526582,0.0012428826378856122,0.0015701668302257113,0.3685377768453862,0.1506154886016836,0.02960337518753839,0.06393973101425826,0.004510027614589887,0.24600068588489238,0.8198522049104818,0.4886423719851954,0.0,0.02277302716817158,0.4877180888271611,0.017685066281080315,0.0,0.037020539971452576,0.004312993045145118,0.5504900307610551,0.0,0.20212007657529227,0.03715441265242062,0.006431407053598549,0.010941537467700258,0.0305793991416309,0.2820435369218067,0.8198522049104818,0.06354957209752947,0.009603472920747525,0.0037448255619768633,3.1402103940964046e-05,0.0,0.006329113924050633,0.537240978114782,0.0,0.5355917967382935,0.013815637837764549,0.5473912258530421,0.022312498711154188,0.5623285614175594,0.3712765847986912,0.03580324416273466,0.0,0.6624460149195132,0.02139252801402478,0.03586850071225072,0.0385908128968007,0.07815702990271044,0.4809171061636942,0.5000416118776944,0.4911115915814564,0.48014884042921424,0.16423380783884312,0.4907863383637807,0.33652081373289944,0.32132889803512527,0.31675018847842473,0.5262027657401529,0.5095822133225957,0.5095822133225957,0.3741258741258741,0.3741258741258741,0.0032245186254337747,0.000991724788242371,0.4879489449927651,0.5057839463823948,0.5298511444272528,0.509953890068067,0.1837150548767861,0.384398191920631,1.0
1.0,0.10112359550561797,1.0,0.017407243381556935,0.5274092925254877,0.5437458895100296,0.046991080955928244,0.009317878296683691,0.01101597688450752,0.0,0.06604329627076652,0.12620076603240277,0.08638345433125573,0.004499949438770351,0.0015779765649156102,0.21676988561860766,0.3625485641046181,0.10140521413755237,0.0,0.022254778847495462,0.10110400340629151,0.0038019353468760424,0.0,0.0013362623123411924,0.0,0.10711183329756467,1.1480265423736597e-05,0.2277911286709299,0.01928649040202825,0.009385245472352283,0.006258074935400517,0.0,0.2590164924787048,0.3625485641046181,0.0,0.0,0.08029108427881744,0.0,0.0,0.0009041591320072332,0.6776794848648974,0.0,0.6755991960723534,0.002128611521618287,0.6791839682253115,0.011908935310250965,0.6837721493643008,0.55290207739559,0.029586278123164778,0.07660025573491,0.689503991624133,0.010483049442088554,0.03429932336182336,0.008589568031868541,0.035824683564897666,0.6771709811184025,0.4591676514811055,0.4911115915814564,0.43764855197877,0.15728364449190507,0.48437913688112255,0.3150130326819563,0.32132889803512527,0.29378686416249056,0.49982610615805023,0.4922351968135467,0.4922351968135467,0.33916083916083917,0.33916083916083917,0.0014535925232114157,0.0006015379863109463,0.4903192017795823,0.5273576442028602,0.5117270447633783,0.5182244016687404,0.1770718575274384,0.3865287725524227,1.0
1.0,0.10112359550561797,0.75,0.017407243381556935,0.5247304405166063,0.5410740710292666,0.056826189373653586,0.008818342151675485,0.010909747599218152,0.0,0.0751940540054545,0.11277471683427892,0.05790782676990928,0.005369602588734958,0.0011514964122357157,0.1754957535655928,0.32554972563784196,0.10501484524342132,0.0,0.022254778847495462,0.10470291258198924,0.008888035026340535,0.0,0.0016197118937468999,0.0,0.11616641628598584,1.1480265423736597e-05,0.18275223005172905,0.01502072518008773,0.007196053169091538,0.011042474160206718,0.0,0.2129019915825933,0.32554972563784196,0.0,0.0,0.005151665435260063,0.0,0.0,0.0009041591320072332,0.6344506629756674,0.0,0.6325030747232748,0.007023062217823393,0.6395659064010751,0.009970511207803187,0.6423565922514766,0.5172293160748644,0.029586278123164778,0.08089529076184959,0.6888496270121712,0.008895785458766672,0.022981214387464387,0.011618739366778704,0.037288907688803566,0.6381295543298845,0.4577306546380599,0.4911115915814564,0.43615437867774315,0.15624292992823596,0.48437913688112255,0.3146505853139411,0.32132889803512527,0.2923499933478203,0.4992906235336333,0.49169650338995957,0.49169650338995957,0.3374125874125874,0.3374125874125874,0.0007267962616057078,0.00034141345168999654,0.48874802928535954,0.5233574331099266,0.5162834124739902,0.5167971894898631,0.1769558914889211,0.38517530339727235,1.0
0.6442307692307693,0.11201906707524685,1.0,0.013003149296329102,0.49917316202418177,0.513749588951003,0.0,0.0018758091975818372,0.0,3.680078508341511e-05,0.0017782040139459148,0.0818159474018393,0.006424133799200507,0.009910001011224592,0.0,0.0968610679631236,0.12063924380181841,0.04682352462683532,0.0,0.02539416771312962,0.0498778398434728,0.0,0.0,0.0008705951428889585,0.0,0.0511594158465422,0.00013776318508483917,0.0007128019225286139,0.03123868163708801,0.0009008159716766698,0.037508074935400516,0.0013948497854077253,0.07089349362653295,0.12063924380181841,0.024140158243177782,0.0,2.0242300335010073e-05,0.0,0.0,0.0,0.04319873222202163,0.0026714254812892062,0.04058634722874942,0.002291307943652806,0.04233616176205091,0.011115006289567568,0.04735208729602563,0.016730288407124264,0.04391365099937222,0.000415296007693905,0.7024031540374297,0.003091611191395608,0.007968304843304843,0.004906842607577078,0.0020390676688467335,0.04761665123394662,0.4534917913635935,0.49161784326237024,0.4323064497519326,0.15547370612030662,0.48437913688112255,0.31462745037555717,0.32132889803512527,0.2915694709299747,0.4960942891054128,0.48898671222888485,0.48898671222888485,0.3304195804195804,0.3304195804195804,0.0,0.00014632005072428425,0.48639397015312186,0.518734497862684,0.5232193352184815,0.5167166800849008,0.17206875129426383,0.3812832700850937,1.0
0.6442307692307693,0.11201906707524685,0.75,0.013003149296329102,0.4987764858613282,0.5133488161788885,0.0,0.0018758091975818372,0.0,2.453385672227674e-05,0.0017682141037552073,0.08227679577248428,0.004410298752429188,0.014308827990696733,0.0,0.09968529987290957,0.12264188729122442,0.05618822955220238,0.0,0.02539416771312962,0.05921472815563508,0.0,0.0,0.0008705951428889585,0.0,0.06057168552186488,0.0008380593759327716,0.010284713453627144,0.037285202623848046,0.0008693921587112046,0.015402939276485788,0.0,0.06364405243762461,0.12264188729122442,0.024140158243177782,5.294086505373498e-05,5.060575083752518e-05,0.0,0.0,0.0,0.05985837796633969,0.004477611940298507,0.05552500274975252,0.004623289992814241,0.05905598684078554,0.006537025962510053,0.05959555511062169,0.028933315498667546,0.05491990846681922,0.002841499000010929,0.6969473890851984,0.003553576082063917,0.01957576566951567,0.003164031702560272,0.0021041442965758846,0.07526470469825677,0.44503625781609774,0.48963502417879123,0.4213395638629283,0.15547370612030662,0.48437913688112255,0.31462745037555717,0.32132889803512527,0.2915694709299747,0.48559993375472693,0.47864271022646887,0.47864271022646887,0.3269230769230769,0.3269230769230769,0.0,0.00014632005072428425,0.47830054208150663,0.5230355163860889,0.5261644347222963,0.5157432481885383,0.17314557879478154,0.3812638422981777,1.0
0.5576923076923077,0.11406196799455226,1.0,0.006470819801200669,0.48981778654701125,0.5016853008878659,0.0,0.0018758091975818372,0.0,0.0,0.0017482342833737925,0.0,0.0,4.0448983719284053e-05,0.0,0.0,0.0009412424400208275,0.0003965510228982796,0.0,0.022254778847495462,0.0003953731207104551,0.0,0.0,0.0003948047741008068,0.0,0.0008073499504348448,0.0,0.0,0.0,0.0008170191371020959,0.00015140503875968992,0.0,0.00015103002476892408,0.0009412424400208275,0.0,0.0,0.0,0.0,0.0,0.0,0.0002708070048745261,0.0,0.0002699757021868032,9.490624618680261e-05,0.0002708070048745261,0.005588435444290929,0.0,0.0,0.029586278123164778,0.0,0.6959494830519566,0.001492501954466845,0.007233796296296296,3.1121623303871525e-05,5.42305231076259e-05,9.058335681790733e-05,0.45345295361107874,0.4911115915814564,0.4317064728279681,0.15547370612030662,0.48437913688112255,0.31462745037555717,0.32132889803512527,0.2915694709299747,0.49552016340500704,0.48842081206673266,0.48842081206673266,0.3304195804195804,0.3304195804195804,0.0,0.00014632005072428425,0.4782627475541542,0.5260963639242175,0.5238115563143574,0.5167093610480861,0.17200248498653967,0.38123146265331764,1.0
0.5576923076923077,0.11406196799455226,0.75,0.006470819801200669,0.4898641512933188,0.5017264057875699,0.0,0.0018758091975818372,0.0,0.0,0.0017482342833737925,0.0,0.0,4.0448983719284053e-05,0.0,0.0,0.0010213481795970682,0.00042705494773660876,0.0,0.022254778847495462,0.0004257864376881824,0.0,0.0,0.0003948047741008068,0.0,0.0008277891896863599,0.0,0.0,0.0,0.0007855953241366307,0.00024224806201550387,0.0,0.0002114420346764937,0.0010213481795970682,0.0,0.0,0.0,0.0,0.0,0.0,0.0002708070048745261,0.0,0.0002699757021868032,9.490624618680261e-05,0.0002708070048745261,0.005588435444290929,0.0,0.0,0.029586278123164778,0.0,0.6959494830519566,0.001492501954466845,0.007233796296296296,3.1121623303871525e-05,5.42305231076259e-05,9.058335681790733e-05,0.45345295361107874,0.4911115915814564,0.4317064728279681,0.15547370612030662,0.48437913688112255,0.31462745037555717,0.32132889803512527,0.2915694709299747,0.49552016340500704,0.48842081206673266,0.48842081206673266,0.3304195804195804,0.3304195804195804,0.0,0.00014632005072428425,0.4782627475541542,0.5260963639242175,0.5237955503387931,0.5166874039376418,0.17201076827500517,0.3812120348664016,1.0
0.5769230769230769,0.1201906707524685,1.0,0.16130302135616573,0.4920432943697743,0.5012023183163433,0.42911071291952724,0.0593020766431171,0.005215857907707997,0.03716879293424926,0.5190357738683928,0.5258177498310223,0.1199138078599982,0.16532510870664374,0.03579234681366016,0.8367291359867665,0.0,0.0,0.05795388529417657,0.18212441946221772,0.0,0.8228561028140388,0.0,0.003856938946984805,0.0,0.0,0.0,0.29900004073153846,0.21792627469918308,0.011427793315107522,0.20124757751937983,0.00030042918454935627,0.7249743248957893,0.0,0.2044849023090586,0.0,4.0484600670020146e-05,0.00017271157167530226,0.0,0.018589511754068717,0.4713145172614391,0.02527579493835172,0.4464998150166484,0.00654853098688938,0.4526488937032356,0.0068566597240838885,0.45275803383722096,0.1121731883237815,0.0992081974848626,0.0,0.6946325742703835,0.06935395986828077,0.047286769943019946,0.04600813311755674,0.1621384179871799,0.46630299126373853,0.4473776194677009,0.4911115915814564,0.42538940809968845,0.15547370612030662,0.48437913688112255,0.2992195814118482,0.32132889803512527,0.273848064215708,0.5005051202075685,0.4933343490515731,0.4933343490515731,0.3304195804195804,0.3304195804195804,0.013420139422043424,0.004487148222211383,0.5339394855624906,0.49282811757876405,0.5035373205996906,0.5182317207055551,0.17819010147028372,0.3874094988926162,1.0
0.5769230769230769,0.1201906707524685,0.75,0.16130302135616573,0.4920432943697743,0.5012023183163433,0.4097827618836699,0.07967091782120683,0.00726608311379281,0.03763493621197252,0.5221226561173214,0.49561681994142104,0.11768852013331588,0.1884012539184953,0.023456408397394206,0.816102156502794,0.0,0.0,0.03645906368316673,0.15468715740796107,0.0,0.8228561028140388,0.0,0.04954293754998329,0.0,0.0,0.0,0.311932304183129,0.21044106402672139,0.021410091233803642,0.1708858204134367,0.00020386266094420602,0.7094887130228156,0.0,0.1440134022283223,0.0002752924982794219,0.0007894497130653928,0.0002669178834981944,0.0,0.018589511754068717,0.9979438727407676,0.053958468526930564,0.944994950454459,0.0077958702224873565,0.9536017331648312,0.010104551172334152,0.9559215136650315,0.35764335470063485,0.17537109414552154,0.0,0.6837783012694674,0.11621378313709696,0.0670405982905983,0.07442217519399144,0.26648879055087366,0.9508534965175732,0.4591288137285907,0.4911115915814564,0.4376081689165801,0.15740129048605897,0.48437913688112255,0.29364406126131687,0.32132889803512527,0.2693245820213757,0.5150128350216677,0.5076342108413412,0.5076342108413412,0.3321678321678322,0.3321678321678322,0.013420139422043424,0.0044058593051423366,0.5075265101613287,0.48337115415061477,0.5390865923278023,0.5180780209324453,0.1766245599503003,0.3860495538084939,1.0
0.25961538461538464,0.12734082397003746,1.0,0.007454974904044877,0.4911881223823237,0.5034630878000658,0.0,0.0019165876583988337,0.0,0.0,0.001788193924136622,0.0,0.0003926978341204072,0.0017291940539993934,0.0,0.002077827762199673,0.006508591340569552,0.00019319152397608493,0.0,0.022254778847495462,0.000192617674192273,0.0,0.0,0.0,0.0,0.00019417277288939305,0.0,0.0012423119221212984,0.00024145840878908606,0.000858917554389383,0.004441214470284238,0.0004291845493562232,0.006353329708612738,0.006508591340569552,0.0,0.0,0.0,0.0,0.0,0.0,0.0014643638041363263,0.0,0.0014598686118249356,9.490624618680261e-05,0.0014643638041363263,0.005588435444290929,0.0011913104414856342,0.0,0.029586278123164778,0.0019890493000076503,0.6959494830519566,0.0015280377152874843,0.007233796296296296,0.0017739325283206771,9.76149415937266e-05,0.0036937879946857765,0.4521269217752182,0.4911115915814564,0.4303276797046267,0.15547370612030662,0.48437913688112255,0.31421873313077414,0.32132889803512527,0.2910993835646814,0.494493361671589,0.48677208370969316,0.48677208370969316,0.32167832167832167,0.32167832167832167,0.0,0.00014632005072428425,0.4757305142215408,0.5286400337748693,0.5237688737128527,0.5167459562321598,0.17201076827500517,0.3812573663692057,1.0
0.25961538461538464,0.12734082397003746,0.75,0.007454974904044877,0.49279543358765254,0.5050661788885236,0.0,0.0024569022642240367,0.0035161893430780996,0.0,0.005624319437368258,0.0,0.0003926978341204072,0.00020224491859642028,0.0,0.0005547598394222429,0.011965794849200946,0.0019319152397608492,0.0,0.022254778847495462,0.006812583003010918,0.0,0.0,0.0,0.0,0.0068675843885090595,0.0,0.0,0.0007646182944987726,0.0007960699284584524,0.004320090439276486,0.0002145922746781116,0.0052558448619585574,0.011965794849200946,0.0,0.0,0.0,0.0,0.0,0.0,0.00034101622836051434,0.0,0.0003399694027537522,9.490624618680261e-05,0.00034101622836051434,0.005588435444290929,7.007708479327261e-05,0.0,0.029586278123164778,0.0,0.6959494830519566,0.001539882968894364,0.007244925213675214,0.00018672973982322916,9.76149415937266e-05,0.00033213897499899354,0.4533530851046123,0.4911115915814564,0.4316026306680512,0.15547370612030662,0.48437913688112255,0.31458889214491725,0.32132889803512527,0.2915251230653244,0.4954483976924563,0.4883500745464636,0.4883500745464636,0.3304195804195804,0.3304195804195804,0.0,0.00014632005072428425,0.4785489061183941,0.5246503773286189,0.5249746572053566,0.5166874039376418,0.17201905156347072,0.3812185107953736,1.0
0.23076923076923078,0.12802179094313926,1.0,0.006778368270839484,0.4993895308402837,0.5113603666557054,0.04329662364855342,0.0018758091975818372,0.06099685561315544,0.0,0.10207690232864808,0.013794727894639822,0.005034587616928298,0.00020224491859642028,0.0,0.018801315285146558,0.13902351103456564,0.0007117582462276812,1.0016226286584267e-05,0.022254778847495462,0.0007197818351395465,0.00025278825444654537,0.0,0.013372746322747842,0.0,0.014481201009698418,0.0063485867793263385,0.1138650156816423,0.003108777013159483,0.0031214320879028794,0.002049014857881137,0.0,0.12552608791961176,0.13902351103456564,0.0070644275795252705,0.0,0.0,0.0,0.0,0.0,0.02469358688892901,0.0,0.024617784399404055,0.00012202231652588907,0.024703616777998434,0.0064545398304909985,0.025227750525578137,0.0009260307236415644,0.029586278123164778,0.01975934689238369,0.6899375081795577,0.0024638127502309825,0.014712428774928775,0.000394207228515706,0.004164904174665669,0.023561737590080116,0.45450157292897686,0.4911115915814564,0.4327968155070958,0.15601668763178614,0.48437913688112255,0.31462745037555717,0.32132889803512527,0.29210164530577853,0.49623230009108726,0.4891227459217099,0.4891227459217099,0.3339160839160839,0.3339160839160839,0.0,0.00014632005072428425,0.47143813575794224,0.5257744472003799,0.5308168382862936,0.5166215326063089,0.17393249119900603,0.3826561670271601,1.0
0.5961538461538461,0.132448076268301,1.0,0.005228323983859856,0.5481394857634471,0.5593349227227886,0.06872495923010329,0.010418896738742595,0.0,0.0005152109911678116,0.0787404721231556,0.07466767711939044,0.038121897435381066,0.030174941854585906,0.0034331652290731525,0.14503439511004418,0.33444146273080466,0.13880302598934394,0.00011017848915242694,0.023919153261974527,0.140195253494997,0.000384238146758749,0.0,0.0006985007541783504,0.0,0.1424308387241827,0.032144743186462474,0.05843957476273879,0.0800132802124834,0.0056458117294619185,0.02175185723514212,0.0038090128755364806,0.19596649147183795,0.33444146273080466,0.015148151138382044,0.0,0.15514711091768468,0.0,0.0,0.0,0.47411285631180916,0.04016872160934458,0.4355208031277185,0.004799544450018303,0.44034221981504884,0.006485472129998144,0.4401141255380919,0.2892199734537859,0.029586278123164778,0.030163604769346784,0.7009717314487633,0.035322546255715334,0.02552973646723647,0.018392879372588072,0.01518454647013525,0.39409799106244214,0.480173327341223,0.4911063181264469,0.45948425060574594,0.16929258558746077,0.48437913688112255,0.3154294615728674,0.32132889803512527,0.3060357443789082,0.5130972425405063,0.5057460631849297,0.5057460631849297,0.46153846153846156,0.46153846153846156,0.0006551402921516241,0.00035767123510380594,0.5105338746949443,0.5044751701936777,0.5136424265058955,0.5165117470540876,0.17606129633464487,0.38421686590941473,1.0
0.5961538461538461,0.132448076268301,0.75,0.005228323983859856,0.5321900130336453,0.5434273265373233,0.0926533652781413,0.009358656757500687,0.0,0.0004293424926398429,0.10137760861529856,0.05241382135468939,0.03768892290032524,0.03656588128223278,0.000725016259555821,0.12648524338827138,0.30771618536468137,0.1445275958840037,0.0001201947154390112,0.02282285873746736,0.14479780213095977,0.0002628997846244072,0.0,0.0006276383588269236,0.0,0.14687637326138722,0.0,0.06866319090872063,0.060777093645619534,0.005918151441829285,0.02875686369509044,0.002575107296137339,0.1647133450129886,0.30771618536468137,0.015339899886969158,0.0,0.12911551268686172,0.0,0.0,0.0,0.39003229624280356,0.03254380272550292,0.3587577118059374,0.003986062339845709,0.3627309381958235,0.006588579795021961,0.36274902392631897,0.2637541285536429,0.029586278123164778,0.024830329723172423,0.6785679230467216,0.029648669778019946,0.02361556267806268,0.01849661811693431,0.017158537511252833,0.33208865091187245,0.47147921902827944,0.48988287656423857,0.44910003461405323,0.163174993891458,0.48437913688112255,0.3157070808334747,0.32132889803512527,0.30036808727659764,0.5066935328052113,0.4994340998378478,0.4994340998378478,0.4125874125874126,0.4125874125874126,0.0005118283532434563,0.00014632005072428425,0.49369371315033583,0.5127130719299171,0.5223550125380142,0.5170679938520091,0.17563056533443777,0.384385240062687,1.0
0.7115384615384616,0.1351719441607082,1.0,0.06187875209132959,0.4920432943697743,0.5012023183163433,0.0034729912017556226,0.0018758091975818372,0.00260261748958953,0.003447006869479882,0.010449446059479926,0.652018515863425,0.19604684180318788,4.0448983719284053e-05,0.02546086511498971,0.0,0.0,0.8635457762232074,0.00013021094172559547,0.2560246367278598,0.0,0.0017695177811258176,0.726502143324211,0.0,0.0,0.0,0.0,0.0,0.7900116704897581,0.23908284364558127,0.17046188630490955,0.0,0.0,0.0,0.4965081543678347,0.0,0.011285082436768115,0.0,0.0,0.005919228450874021,0.029477843975045638,0.0,0.029387355138037575,0.013110620008948302,0.03910653748169546,0.010754129461984204,0.04377815597156872,0.04359546862299231,0.029586278123164778,0.0,0.6959494830519566,0.052687688043401,0.33532540954415957,0.06459811610440268,0.07676872851115522,0.5167881154635856,0.1928849237392988,0.2079534248453559,0.4317583939079266,0.15547370612030662,0.48437913688112255,0.20884680043802153,0.31437995094860877,0.16553283959377357,0.01828369538215242,0.018021743625461155,0.018021743625461155,0.02972027972027972,0.02972027972027972,0.0,0.00014632005072428425,0.3751268816275403,0.558467465301599,0.6001600597556421,0.5265388274903022,0.20974114723545248,0.4194264917302387,1.0
0.7115384615384616,0.1351719441607082,0.75,0.06187875209132959,0.36196957442314526,0.41886406609667876,0.0,0.0018758091975818372,0.0,0.0031403336604514226,0.0017482342833737925,0.0,0.20877427929878264,4.0448983719284053e-05,0.04598522246270965,0.0,0.0,0.9248790010981413,0.00022035697830485388,0.2616257051167055,0.0,0.0017695177811258176,0.3942989997820348,0.0,0.0,0.0,0.0,0.0,0.7610064791339691,0.10507075595219391,0.18538032945736432,0.05394849785407725,0.0,0.0,0.7706079444534152,0.0,0.013946944930821938,0.0,0.0,0.005919228450874021,0.17936450622856112,0.0,0.17881390674839265,0.011727700421654894,0.18798018093919883,0.021941311117068443,0.20323355691260386,0.17079093313029253,0.029586278123164778,0.0,0.6959494830519566,0.11462651915377507,0.5768563034188033,0.051246939707041785,0.12454581936897363,0.9436571520592617,0.045945061224942685,0.3375116675192086,0.4317583939079266,0.15547370612030662,0.48437913688112255,0.31462745037555717,0.35690525188171285,0.1291587210075835,0.03034585553010021,0.029911088378369567,0.029911088378369567,0.0,0.0,0.0,0.00014632005072428425,0.7570297820875538,0.5549791545728006,0.22357146668089423,0.5116519066090902,0.2601780907020087,0.4456863837117435,1.0
0.7211538461538461,0.1355124276472591,1.0,0.21591132762523374,0.4920432943697743,0.5012023183163433,0.0,0.0018758091975818372,0.6748746494433585,0.0,0.0017482342833737925,0.0,0.0,4.0448983719284053e-05,0.030365386870808503,0.0,0.0,0.0,0.0003906328251767864,0.022254778847495462,0.0,0.6223343478568611,0.0,0.0,0.03021552677496252,0.0,0.0,0.0,0.0,0.09174705925483664,3.0281007751937984e-05,0.6697854077253219,0.0,0.0,0.0,0.18180951876753665,0.3941277086728136,0.0,0.00024172105390379503,0.0,0.0002708070048745261,0.0,0.0002699757021868032,0.7638190273465569,0.0002708070048745261,0.01951828098900872,0.0,0.0,0.07851197829124561,0.0,0.8739939144091088,0.3065314728388334,0.007233796296296296,0.9734843769451014,0.0,0.0,0.45350288786431203,0.4858381365719378,0.4317583939079266,0.15547370612030662,0.48437913688112255,0.31376374600922313,0.32132889803512527,0.29057607876180763,0.4955698473598499,0.48846978419614967,0.48846978419614967,0.23251748251748253,0.23251748251748253,0.0,0.00014632005072428425,0.4782951428633134,0.5260963639242175,0.1147841860961426,0.5195345092585816,0.24072064609650032,0.43744900205934545,1.0
0.7211538461538461,0.1355124276472591,0.75,0.1833234917823049,0.4920432943697743,0.5012023183163433,0.0,0.0018758091975818372,0.0,0.0,0.0017482342833737925,0.0,0.0,4.0448983719284053e-05,0.04559072832148074,0.0,0.0,0.0,0.000901460365792584,0.022254778847495462,0.0,0.6301910068050598,0.0,0.0,0.0,0.0,0.0,0.0,0.0,0.0876829127779698,3.0281007751937984e-05,0.0010300429184549355,0.0,0.0,0.0,0.6626396315315792,0.4000789449713066,0.0,0.0,0.0,0.0002708070048745261,1.0,0.0002699757021868032,0.5803923695378065,0.0002708070048745261,0.03560307673272431,0.0,0.0,0.06912577712075495,0.0,0.6784615887972779,0.22479922295136337,0.007233796296296296,1.0,0.0,0.0,0.5063943585390348,0.4911115915814564,0.4867543556017076,0.17355499045257508,0.4976039184537993,0.3396208954763484,0.32268203986130295,0.3211672357975964,0.529774490049408,0.5221843746259073,0.5221843746259073,0.3339160839160839,0.3339160839160839,0.01159803048449672,0.006047895429937082,0.4782951428633134,0.5260963639242175,0.5237688737128527,0.46497108980458174,0.29925864568233584,0.43493634161820516,1.0
0.7788461538461539,0.1372148450800136,1.0,0.11102499753961224,0.4059491121151082,0.4617107859256824,0.06905715838853207,0.0018758091975818372,0.0008604572108438854,0.005789990186457311,0.07580343852708764,0.0,0.019443577376577082,0.07810698756193751,0.00028787410305892893,0.09761755865324484,0.0941743100893179,0.06633586854841989,1.0016226286584267e-05,0.025055313041918312,0.06948429152178101,0.0,0.0,0.00393792454167215,0.0009584428989211373,0.07480761566054511,0.0,0.0075862490326259625,0.00011066843736166445,0.011427793315107522,0.0031795058139534884,0.0,0.020983104774562517,0.0941743100893179,0.12651380590989827,0.0,0.0,0.0,0.0,0.0,0.0002708070048745261,0.0,0.0002699757021868032,9.490624618680261e-05,0.0002708070048745261,0.007743385643288722,0.0020923015316848532,0.0,0.029586278123164778,0.0,0.6959494830519566,0.003269289995498803,0.0078125,0.004637121872276858,0.0019414527272530071,0.008343733644671685,0.45006297264157746,0.4904998708003523,0.4275124033691011,0.15547370612030662,0.48437913688112255,0.31462745037555717,0.32132889803512527,0.2915694709299747,0.49150680394159374,0.4844649522793805,0.4844649522793805,0.32867132867132864,0.32867132867132864,0.0,0.00014632005072428425,0.4780629764810056,0.5263496754446144,0.5232993650963026,0.5160872429188318,0.18110581901014705,0.3877915787019648,1.0
0.7788461538461539,0.1372148450800136,0.75,0.11102499753961224,0.41628329890321614,0.4720127014140086,0.06909742495319011,0.0018758091975818372,0.0008604572108438854,0.005532384690873405,0.07563361005384561,0.0,0.02052097912659974,0.07905753867934069,0.00020257807252294996,0.09956426136249016,0.11601313734129051,0.08376377760605197,3.00486788597528e-05,0.024985548844904223,0.08689084660536693,0.0,0.0,0.00393792454167215,0.0,0.09156779184678746,0.0,0.007779723840169443,0.00047285605054529355,0.012297185473818726,0.006581072351421189,0.0007403433476394849,0.026440323002879643,0.11601313734129051,0.09908364282254159,0.0,0.0,0.0,0.0,0.0,0.021112916491143607,0.0018278174345662988,0.01936825685688288,9.490624618680261e-05,0.019427895127479892,0.008434206998948302,0.021874061467614378,0.012470547078373067,0.029586278123164778,0.0,0.6998511320507788,0.00939328611025562,0.011562945156695158,0.0035582389310759785,0.008318962244709812,0.03880993598776119,0.44423176151400656,0.490568425715476,0.42152417214722504,0.15547370612030662,0.48437913688112255,0.31462745037555717,0.32132889803512527,0.2915694709299747,0.4857765878163902,0.4788168333532849,0.4788168333532849,0.3269230769230769,0.3269230769230769,0.0,0.00014632005072428425,0.47737727577046846,0.5266399282284026,0.5238382329402976,0.5163068140232745,0.18154483329881965,0.38832908080664175,1.0
0.9519230769230769,0.13823629553966632,1.0,0.012658695010333627,0.5213458140361542,0.535715019730352,0.04214902655579939,0.008910093688513726,0.002167077419903119,0.0,0.05250696796235802,0.08520574319480573,0.015667636663880862,0.034543432096268575,0.0028467550191382967,0.13671299751871052,0.2538550887171066,0.09484687029731159,0.000450730182896292,0.025553628734876117,0.09837694265062197,0.0,0.0,0.001305892714333438,2.4575458946695827e-05,0.10049973939969954,0.0,0.07730845994053195,0.05940882932914805,0.0012045794970095003,0.003209786821705426,0.017864806866952788,0.15624559495761092,0.2538550887171066,0.021354755368964962,0.00419291651225581,0.008866127546734411,6.280420788192809e-05,0.0,0.0,0.3773344566809091,0.0008652390222799049,0.3753762161405473,0.006534972951719837,0.3812862329742633,0.007310333450188687,0.38198017819601565,0.1731883237814979,0.058058767542172096,0.05411962710790046,0.7020596126161498,0.05773376607993177,0.02323717948717949,0.020695879497074566,0.04413279970498595,0.3783767462458231,0.4566210045662101,0.4911115915814564,0.4350005769008884,0.1565415697595497,0.48437913688112255,0.31249132439810606,0.3213429932624813,0.29016807840702474,0.4995390433078474,0.4923821132017978,0.4923821132017978,0.34265734265734266,0.34265734265734266,0.0012693343160437717,0.0005527646360695182,0.4915070297820876,0.5189297588263232,0.5179907165341727,0.516738637195345,0.17228411679436736,0.381471072025282,1.0
0.5384615384615384,0.14300306435137897,1.0,0.006273988780631827,0.4902814340100869,0.5020655212101283,0.0,0.0018860038127860863,0.0,0.0,0.0017582241935644998,0.0,6.041505140313957e-05,0.0063201537061381334,0.00023456408397394207,0.0065562526477174156,0.008200825089117635,7.117582462276814e-05,0.0,0.022254778847495462,7.096440628136374e-05,0.0,0.0,0.0035431197675713432,0.0,0.0036484042063954377,0.0,0.0015070669219176408,0.00014085073846030021,0.000890341367354848,0.0023114502583979324,0.0006866952789699571,0.004651724762882861,0.008200825089117635,0.0,0.0,0.0,0.0,0.0,0.0,0.0002708070048745261,0.0,0.0002699757021868032,9.490624618680261e-05,0.0002708070048745261,0.005908069205864764,0.0003103413755130644,0.0,0.029586278123164778,0.0,0.6959494830519566,0.0029376228945061714,0.007233796296296296,3.1121623303871525e-05,0.0014533780192843742,0.0026168525302951006,0.452232338532044,0.4911115915814564,0.4304372908734279,0.15547370612030662,0.48437913688112255,0.3146351620216851,0.3213429932624813,0.29157834050290476,0.49430014629164487,0.48721827422215935,0.48721827422215935,0.32167832167832167,0.32167832167832167,0.0,0.00014632005072428425,0.4778956007170162,0.5260963639242175,0.5237688737128527,0.5161457952133499,0.1726982812176434,0.38127679415612176,1.0
0.6346153846153846,0.14334354783792985,1.0,0.024788406652888492,0.4966488591696589,0.5161490874712266,0.004650788218003181,0.008359584467484275,0.003208124415738931,0.0,0.015734108550364133,0.005110296376707699,0.0037155256612930836,0.0009707756092628174,0.0026655009542493418,0.012214803009824292,0.05526294709015901,0.029456623418879894,0.0,0.02237437461380534,0.029500917468395498,0.0038626045279432134,0.0,0.0,0.0008355656041876583,0.03432770232291955,0.000826579110509035,0.007077104802248381,0.007002293854883496,0.0009217651803203133,0.006934350775193799,0.0,0.021748323566725066,0.05526294709015901,0.0003330373001776199,0.0,0.0,0.0,0.0,0.0,0.037822711680808814,0.0007678996322734154,0.036996670299673025,9.490624618680261e-05,0.0371105895568795,0.009454972882684098,0.04052457703473821,0.01710070069658089,0.029586278123164778,0.002393416465393821,0.6956386598612747,0.004453815356186775,0.008847489316239318,0.0020021577658824014,0.010911181249254331,0.0346028423044406,0.45688732058345405,0.4912592483217229,0.4354390215760932,0.15636962561424786,0.48437913688112255,0.3144346592223576,0.32132889803512527,0.2922258193267994,0.49868337519666567,0.49153870430628255,0.49153870430628255,0.3356643356643357,0.3356643356643357,0.0014433559561465466,0.00019509340096571232,0.4748342440014686,0.5281809066441501,0.5246492023688843,0.5161092000292762,0.1727728308138331,0.38129622194303775,1.0
0.3942307692307692,0.14470548178413348,1.0,0.007381163271331562,0.4914044911984256,0.503648059848734,0.007771446979000987,0.0018758091975818372,0.0,0.0,0.009460444950599892,0.0017000184339348258,0.011931972652120065,0.0023359288097886542,0.00019191606870595259,0.016098121885779994,0.028487603636800578,0.001291332818155936,0.0,0.022254778847495462,0.0012874970853904563,0.0,0.0,0.0003036959800775437,0.005984124253520434,0.0065814350389878495,0.0,0.007372408455867379,0.013531731659221698,0.0008693921587112046,0.0011405846253229974,0.00015021459227467814,0.022161138967760126,0.028487603636800578,0.003804698853544324,0.0,8.096920134004029e-05,0.0,0.0,0.0,0.022015606507392028,0.0016872160934458145,0.020388165065144136,0.00012202231652588907,0.02047100359070029,0.005918379972367146,0.020472519771748923,0.014404922367757669,0.032087240031591094,0.0,0.6944199057714959,0.003032384923361209,0.007612179487179488,0.00013486036765010997,0.0037635983036692373,0.019978662587060672,0.45383578288586696,0.4911115915814564,0.432104534440983,0.15563660057375048,0.48437913688112255,0.31462745037555717,0.32132889803512527,0.2917291232427159,0.4958017058157829,0.48869832080009573,0.48869832080009573,0.3321678321678322,0.3321678321678322,0.0,0.00014632005072428425,0.47772282573483366,0.5259908174573855,0.5237475324121005,0.5157505672253532,0.173137295506316,0.3812638422981777,1.0
0.15384615384615385,0.14674838270343887,1.0,0.005646589902568644,0.5564336237140222,0.5677768414995067,0.0,0.015974962025058364,0.0009773094246621908,0.0004293424926398429,0.016832998671341946,0.024383999344571205,0.010139659460493592,0.007361715036909698,0.0015246665458306234,0.042908151943676746,0.18746745704329715,0.11278317810224915,0.0007612331977804043,0.04293488010524427,0.13424438113968837,0.0,0.0,0.024123584017492886,0.0018923103388955788,0.16126559769445384,0.012582370904415312,0.002606818459533217,0.010573866151555394,0.0032785511527302054,0.0029473514211886304,0.00012875536480686693,0.029622022191344976,0.18746745704329715,0.012988454706927175,0.001747048546773254,2.0242300335010073e-05,0.0009106610142879572,0.000819749661065044,0.0,0.12324727688511765,0.013800562405364482,0.11011009009189171,0.0008270401453421371,0.11099075244227799,0.010702575629472294,0.11547702472719992,0.005278375124756917,0.030112796419675583,0.062425547261778555,0.6959494830519566,0.012982397953140178,0.00802394943019943,0.0105294825511432,0.01750561285914164,0.10013486855348444,0.46230241293408125,0.4911115915814564,0.4409080419983846,0.15838770689858012,0.4845379931162298,0.31667874824560055,0.32132889803512527,0.2965630404896004,0.5012172568936487,0.4940362829065503,0.4940362829065503,0.34965034965034963,0.34965034965034963,0.0011772052124599493,0.0005202490692418995,0.4891043776861111,0.5192411209034777,0.5227178146508029,0.5203981556027226,0.1785048664319735,0.3895724591692678,1.0
0.15384615384615385,0.14674838270343887,0.75,0.005646589902568644,0.5520753375611114,0.5634351364682669,0.0,0.013477281300017331,0.000669244497323022,0.0003680078508341511,0.014045813728134585,0.024773160190893637,0.012767714196530161,0.008878551926382849,0.0014606945229286394,0.04738657682919449,0.18063844274442264,0.07288404441371457,0.00010016226286584267,0.08076700751460064,0.13311908841151246,0.0,0.0,0.019132846744885253,0.0,0.15350890639850387,0.008242830574242877,0.002841024805506904,0.010654352287818422,0.002775770145282762,0.0076207202842377255,0.00022532188841201716,0.030397309651825452,0.18063844274442264,0.02645123526562248,0.03281274816030494,9.109035150754532e-05,0.0,0.00048344210780759005,0.0,0.1259152273775852,0.014276443867618428,0.11231989120979112,0.0009083883563593962,0.11326753726103789,0.010465427999917514,0.11752928221043148,0.005978042782619432,0.029586278123164778,0.061332663031005125,0.6959331239366576,0.012141384947051716,0.008157496438746439,0.006504419270509149,0.01585700495666981,0.09324046861789928,0.4672348075034538,0.4911115915814564,0.44603669089650394,0.1621342793277889,0.48437913688112255,0.3153523451115875,0.32132889803512527,0.2989312164619274,0.5046509702172294,0.49742080118403725,0.49742080118403725,0.3618881118881119,0.3618881118881119,0.0011772052124599493,0.00045521793558666213,0.4870688724272726,0.493767481133569,0.5366430133916662,0.5014198931420625,0.19580037274798096,0.38629563910943027,1.0
0.028846153846153848,0.1470888661899898,1.0,0.023078437161696684,0.3940333723140645,0.41308882768826044,0.20070869153798143,0.001967560734420079,0.00932693124840656,0.009862610402355249,0.21782000179818384,0.0925997992749319,0.03349007682780703,0.007756092628172717,6.39720229019842e-05,0.13249682273910152,0.1763928385468819,0.14492414690690203,0.0014423365852681343,0.022254778847495462,0.16116016666497704,0.0,0.0,0.0006478847574987599,0.0015605416431151852,0.16441324053918713,0.0,0.00782045537859965,0.0047386212724858144,0.0021787176989389225,0.0016048934108527132,0.0,0.015384925189794398,0.1763928385468819,0.010798482157274341,0.0,0.0002024230033501007,0.0,0.0,0.00028933092224231466,0.03931716515215342,0.0,0.039196472317491425,9.490624618680261e-05,0.03931716515215342,0.007990844039345885,0.04131544699169087,0.037216145860128204,0.029586278123164778,0.0009070939115419503,0.711866902237927,0.008362749046457084,0.007244925213675214,0.019938586663347024,0.00942526491610538,0.09076452353154316,0.4263608471068649,0.42134378180552556,0.32721818391600316,0.15547370612030662,0.48437913688112255,0.31357866650215155,0.3225833732698108,0.2911526010022617,0.39579342515664245,0.39012286563135956,0.39012286563135956,0.1590909090909091,0.1590909090909091,0.0,0.00014632005072428425,0.4797421333390925,0.5262019103910497,0.522344341887638,0.5168484227475664,0.172930213294678,0.3820733334196791,1.0
0.3076923076923077,0.1491317671092952,1.0,0.07399616179509891,0.5488607151504536,0.5887763071358106,0.0402665646580362,0.0018758091975818372,0.0,0.0001717369970559372,0.041847733788873236,0.014419433463736354,0.020601532528470592,0.025037920922236827,0.005362987919949676,0.06484638195719272,0.2752333079665158,0.17080164314475127,3.00486788597528e-05,0.022254778847495462,0.17032471284759887,0.0,0.0,0.002692771023354221,0.0,0.17441824815280374,0.0,0.039489226508085215,0.011982373536158396,0.003739433742890362,0.002876695736434108,0.051362660944206,0.1049155238728126,0.2752333079665158,0.11598780881640562,0.0,0.0,0.0,0.0,0.0,0.027271268379771722,0.002282067921263249,0.025077743003129715,0.009978713884783818,0.032466750917734856,0.008310477800919721,0.034778256081689864,0.033830989103705154,0.029586278123164778,0.0,0.6870501243292764,0.005223756840633958,0.015625,0.002966928088302419,0.015086931528541524,0.0498007166150006,0.4453247668347787,0.4854689947212715,0.4170820353063343,0.15547370612030662,0.48437913688112255,0.31462745037555717,0.3218081357652299,0.2918710364095969,0.4813381545170996,0.47444198979203167,0.47444198979203167,0.3076923076923077,0.3076923076923077,0.0,0.00014632005072428425,0.46831198842407623,0.525748060583672,0.5343114762844795,0.5171411842201566,0.17259888175605717,0.3820798093486511,1.0
0.3076923076923077,0.1491317671092952,0.75,0.024788406652888492,0.5625898316959709,0.5819169269976981,0.03286758340212205,0.0018758091975818372,0.0,0.00013493621197252208,0.03447518006813119,0.02943284927185957,0.01138823718949181,0.029851349984831632,0.0008529603053597894,0.07093865364830243,0.26052389153682864,0.17390287550331476,6.00973577195056e-05,0.022414239869241962,0.17360935108119344,0.0,0.0,0.002945851006752174,0.0,0.17798489540219312,0.0,0.019958453830801193,0.012183588876815967,0.002691973310708188,0.003532784237726098,0.052607296137339055,0.08661068487081898,0.26052389153682864,0.14902914580978524,0.0,0.0,0.0,0.0,0.0,0.11885418547270868,0.004564135842526498,0.1142697157255847,0.019252409940751388,0.12879380554051073,0.006186459901429072,0.128861747922715,0.08535945425922686,0.031125331605273282,0.0,0.7020759717314489,0.00556726919523347,0.015791933760683764,0.0013071081787626043,0.02152951767372748,0.12501509722613632,0.4560051487763334,0.48451977281955816,0.4271489558093919,0.15547370612030662,0.48437913688112255,0.31801286302574144,0.32132889803512527,0.2954632134462726,0.48873002290982365,0.48172795437974075,0.48172795437974075,0.31993006993006995,0.31993006993006995,0.0,0.00014632005072428425,0.493828693605166,0.5257586152303552,0.5085525262764765,0.5164092805386811,0.17292193000621248,0.38167830175238643,1.0
0.5096153846153846,0.15083418454204972,1.0,0.0063970081684873534,0.49029688892552276,0.5021323166721473,0.0,0.0018758091975818372,0.0,0.0,0.0017482342833737925,0.0,0.0,5.056122964910507e-05,0.0,1.008654253494987e-05,0.0018224055753594747,0.0,0.0,0.022254778847495462,0.0,0.0014661718757899632,0.00046014870068537936,2.0246398671836248e-05,0.0,0.0016964568578757499,0.0,0.0,0.0,0.000858917554389383,0.00012112403100775194,0.0,0.00016109869308685235,0.0018224055753594747,0.0,0.0,0.0,0.0,0.0,9.644364074743822e-05,0.0002708070048745261,0.0,0.0002699757021868032,9.490624618680261e-05,0.0002708070048745261,0.005722475408821892,0.00013014315747322054,0.0,0.029586278123164778,0.0,0.6959494830519566,0.001539882968894364,0.007233796296296296,0.0,9.76149415937266e-05,0.00014090744393896698,0.4534917913635935,0.4911115915814564,0.43174685589015804,0.15547370612030662,0.48437913688112255,0.31449635239138146,0.32132889803512527,0.29141868819016364,0.4956526539512545,0.4885514044118447,0.4885514044118447,0.3304195804195804,0.3304195804195804,0.0,0.00014632005072428425,0.47821955380860853,0.5253997572431263,0.5237688737128527,0.5156261435995022,0.17326982812176434,0.3812573663692057,1.0
0.23076923076923078,0.15287708546135512,1.0,0.004391792146442279,0.4922081468010901,0.5032010440644525,0.0017213956391310475,0.0019063930431945846,0.0,0.0009690873405299313,0.00427568156162276,0.030385269237859207,0.010854570902097408,0.006380827181717059,0.00020257807252294996,0.047326057573984795,0.05341050186245845,0.00643632814088746,0.005569021815340852,0.022254778847495462,0.012063949067831835,0.005611899248713308,0.0,0.0075012907079153295,0.0,0.025395754770007464,0.0,0.001476518268094986,0.024608636162421024,0.0016968859001351224,0.0010194605943152455,0.0007725321888412017,0.02867556736945972,0.05341050186245845,0.0026642984014209592,0.0,0.0,0.0,0.0,0.0010488245931283907,0.004122284407534452,0.0,0.004109630133288003,9.490624618680261e-05,0.004122284407534452,0.005650300043305218,0.0039042947241966163,0.0004938830526088344,0.029586278123164778,0.0,0.6963502813767832,0.0020847646348108313,0.007233796296296296,0.0003838333540810822,0.002201759238169611,0.003915213978018439,0.45350843611467123,0.4911115915814564,0.43176416291681086,0.15550990488773858,0.48437913688112255,0.3146120270833012,0.32165308826431366,0.2917912102532263,0.49543735681360235,0.48833919185103764,0.48833919185103764,0.32867132867132864,0.32867132867132864,0.0,0.00014632005072428425,0.47850031315465524,0.5260963639242175,0.5235607960305181,0.5166874039376418,0.172739697659971,0.38177544068696656,1.0
0.23076923076923078,0.15662240381341505,1.0,0.003690581635665781,0.4974731213262378,0.5081593225912528,4.02665646580362e-05,0.0020083391952370757,0.0,0.0,0.0019080728464251106,0.0,0.0012787852546997875,0.0012336940034381636,7.463402671898158e-05,0.0025418087188073674,0.01624143869908279,0.0034774474315695286,0.0,0.022254778847495462,0.0034671181354609137,0.0023660980616196647,0.0,0.0014476175050362917,0.0,0.007337686891293906,0.0,0.0009368253838947498,0.0028874401384361543,0.006117168923943897,0.00016149870801033592,2.145922746781116e-05,0.009102076159407156,0.01624143869908279,0.0001917487485871145,0.0,0.0,0.0,0.0,0.00108499095840868,0.019437925016549316,0.0,0.019378255956963873,9.490624618680261e-05,0.019437925016549316,0.006743241292557689,0.02025227750525578,0.010021710275854264,0.029586278123164778,0.00631687085387045,0.6958676874754613,0.0030560754305749686,0.007267183048433049,0.0005498153450350637,0.0018763760995238559,0.01917347719312372,0.45415758140670337,0.4911115915814564,0.43243913695627084,0.15567279934118244,0.48437913688112255,0.3145040640375094,0.32132889803512527,0.2916226883675551,0.49618813657567146,0.48907921514000585,0.48907921514000585,0.3374125874125874,0.3374125874125874,0.0,0.00014632005072428425,0.48074098870483556,0.5254894717399334,0.5236568318839033,0.5190148576447339,0.17359287637191964,0.38450828271315524,1.0
0.5096153846153846,0.17705141300646918,1.0,0.012917035724830233,0.5012183625001931,0.5157483146991121,0.01516036159375063,0.0018758091975818372,0.0,0.0008586849852796858,0.01749233274392863,0.005939823443868668,0.00887094338102766,0.0012438062493679847,0.00046912816794788414,0.01638054507675859,0.060389714423038414,0.004453573026396063,0.0013822392275486288,0.022254778847495462,0.005839356859723644,0.01880744613082298,0.006199898282918796,0.00507172286729498,0.0,0.03264146508466955,0.0,0.0012524948067288502,0.02647993883053644,0.0013721731661586484,0.00010093669250645996,0.0002145922746781116,0.02856481201796251,0.060389714423038414,0.012978362667527853,0.0,8.096920134004029e-05,0.0,0.0007146535506720897,0.007462326702833032,0.016669675633387497,0.0,0.016618504334609884,9.490624618680261e-05,0.016669675633387497,0.006165838368424309,0.01691861047151867,0.0006276430460237269,0.029586278123164778,0.0,0.6959494830519566,0.008481201582525882,0.011718750000000002,0.001597576662932072,0.013503400253798847,0.024709126776440278,0.4492640245898456,0.4911115915814564,0.4273508711203415,0.15547370612030662,0.48437913688112255,0.3132856239492882,0.32132889803512527,0.2900261652401437,0.4923127880979326,0.4852593890454788,0.4852593890454788,0.31993006993006995,0.31993006993006995,0.0,0.00014632005072428425,0.4772638921884112,0.530270726687424,0.519986128154511,0.5158969479616482,0.1733692275833506,0.38157468688883417,1.0
0.4519230769230769,0.177732379979571,1.0,0.009189548272807794,0.4853770741784424,0.49839177079907926,0.01155650405685639,0.0018758091975818372,0.0,0.0010549558390578998,0.014075783458706706,0.0006656698687094197,0.0014600304089092062,0.00988977651936495,2.1324007633994736e-05,0.011952552903915595,0.01873472984339328,0.01552649774270956,0.0,0.02226474516135462,0.015490516113989113,0.0,0.0,0.00036443517609305244,0.0,0.015983485094684776,0.0,0.00043786403812471995,0.0005432814197754437,0.0015607160439514397,0.0013121770025839793,9.656652360515021e-05,0.003091081173603979,0.01873472984339328,0.0002523009849830454,0.0,0.0,0.0,0.0,0.0,0.019046759342841668,0.0,0.018988291053805156,0.00029827677372995103,0.019197207678883072,0.00571216464231951,0.019010912003203522,0.0,0.034527449828881555,0.0,0.6959658421672557,0.008256141763995167,0.008769586894586895,0.0012344910577202373,0.00663781602837341,0.019425097628729016,0.45333089210317534,0.4907635435508282,0.431198800046152,0.15547370612030662,0.48437913688112255,0.31462745037555717,0.32132889803512527,0.2915694709299747,0.49503436473543294,0.4879419734679885,0.4879419734679885,0.32867132867132864,0.32867132867132864,0.0,0.00014632005072428425,0.4804548301405957,0.5251570003694126,0.5227018086752387,0.5168557417843812,0.17243321598674674,0.3816912536103304,1.0
0.6346153846153846,0.18113721484508002,1.0,0.005117606534789883,0.4944336546238531,0.5057238572837882,0.003221325172642896,0.002344761496977297,0.0,0.0,0.005404541413172695,0.005315117874772136,0.008629283175415102,0.001375265446455658,0.00010662003816997367,0.015321458110588852,0.027676533023591143,0.011235612315451254,0.0,0.022254778847495462,0.011202238420129561,0.0008190339444068071,0.0,0.0,0.0011919097589147476,0.013101552360221152,0.0,0.006303205572074458,0.007746790615316511,0.000890341367354848,0.0004542151162790697,0.0004291845493562232,0.014921766447169698,0.027676533023591143,0.0,0.0,0.00012145380201006042,0.0,0.0,0.0018444846292947558,0.03519488074461897,0.0001838632922344798,0.034916857482826545,9.490624618680261e-05,0.035024372630438706,0.005660610809807601,0.034748223045349885,0.02911852164339586,0.029758409104716388,0.0014316783423131989,0.6955405051694805,0.002748098836796096,0.00947070868945869,0.0006224324660774306,0.0010086877298018417,0.034109666250654216,0.45395784439377046,0.4911115915814564,0.43223145263643703,0.15547370612030662,0.48437913688112255,0.31502074432808425,0.32132889803512527,0.29202181914940795,0.49574098098208613,0.48909009783543184,0.48909009783543184,0.3356643356643357,0.3356643356643357,0.0,0.00014632005072428425,0.47977992786644497,0.5244076204549052,0.5240249693218801,0.5167166800849008,0.1720604680057983,0.38127679415612176,1.0
0.9711538461538461,0.18249914879128362,1.0,0.004551717350654463,0.49592247814417373,0.5069724186122986,3.019992349352715e-05,0.0018758091975818372,0.0,3.680078508341511e-05,0.0018181636547087443,0.004854269504127153,0.004672097308509459,0.002841541106279705,0.0,0.012255149179964092,0.02348099491328554,0.0005389026721438158,0.0,0.022254778847495462,0.0005373019332731826,0.0006066918106717089,0.00019374682134121237,0.0008098559468734499,0.0,0.0020541435447772633,0.0,0.005315465765141949,0.008954082659261942,0.0018959033822497356,0.006096576227390181,0.00025751072961373387,0.021587224873638216,0.02348099491328554,0.0046221540448893915,0.0,0.0,0.0,0.0,0.0,0.049026097771358655,0.0,0.04887560119589237,9.490624618680261e-05,0.049026097771358655,0.005722475408821892,0.048783662028231055,0.0,0.08228873453352503,0.0,0.6918188064389479,0.0018952405771007557,0.0076900819088319096,0.00028009460973484377,0.0008676883697220144,0.04914650348242683,0.45345295361107874,0.4911115915814564,0.4317064728279681,0.15547370612030662,0.48437913688112255,0.3145966037910452,0.3214275646266174,0.2915960796487649,0.49549808164729914,0.48839904667588063,0.48839904667588063,0.3304195804195804,0.3304195804195804,0.0,0.00014632005072428425,0.4783437358270523,0.5258483297271623,0.5230752814384036,0.5154651247895777,0.17427210602609236,0.38189848333743476,1.0
0.9711538461538461,0.18249914879128362,0.75,0.004551717350654463,0.49598944944439577,0.5070392140743177,0.00017113289979665385,0.0018758091975818372,0.0,0.0,0.001918062756615818,0.005417528623804354,0.004813065761783452,0.004156133077156437,0.0014287085114776472,0.0156139678441024,0.027045700324428247,0.0008134379956887787,0.0,0.022254778847495462,0.0008110217860727285,5.055765088930908e-05,0.00012109176333825773,0.0010021967342558943,0.0,0.0019212884896424153,0.0,0.00017310903832837767,0.007646182944987725,0.0036556369083157883,0.014484415374677002,0.0003218884120171674,0.025302563482953743,0.027045700324428247,0.004319392862909737,0.0,0.0,0.0,0.0,0.0,0.1033880965276524,0.0,0.10307072363487285,9.490624618680261e-05,0.1033880965276524,0.0059493122718742904,0.10326358994894384,0.0,0.11809197869625969,0.0,0.7045625572569035,0.0019070858307076353,0.007979433760683762,0.00018672973982322916,0.0014208397054197984,0.10110109102620879,0.45500091546130933,0.49112213849147546,0.4333333333333333,0.15626102931195193,0.48437913688112255,0.31462745037555717,0.32130070758041324,0.2923233846290301,0.4966021695326948,0.48948731621848096,0.48948731621848096,0.33916083916083917,0.33916083916083917,0.00037875298140015764,0.0002438667512071404,0.4810487441418483,0.5259380442239696,0.5219762044496612,0.5177486642757813,0.17308759577552288,0.38298643940473265,1.0
0.21153846153846154,0.18760640108954715,1.0,0.015217498277728569,0.47187978136446296,0.48744245314041434,0.025247136040588695,0.0018758091975818372,0.0,0.0,0.026802929041667915,0.025285213936054728,0.04050829196580508,0.020204267367782386,1.0662003816997368e-05,0.0856145730366545,0.08328994272439622,0.04267499084882255,0.0,0.022254778847495462,0.042548230451840516,0.034217418121884384,0.0,0.005668991628114148,0.0,0.08319792337329204,0.0,0.0,0.0,0.001099833453791283,4.037467700258398e-05,0.00157725321888412,0.001782154292273304,0.08328994272439622,0.0063378007427741,0.0,0.0007084805117253525,0.0,0.0005885382182005444,0.0,0.0002708070048745261,0.0,0.0002699757021868032,9.490624618680261e-05,0.0002708070048745261,0.009331243684655518,0.0036339973971368507,0.0,0.029586278123164778,0.0,0.6959494830519566,0.0016227997441425222,0.017260950854700856,0.0026349641063944562,0.006030434169567999,0.017351745239341358,0.44595171912537385,0.4918973363778747,0.42476635514018685,0.15547370612030662,0.48437913688112255,0.31462745037555717,0.32132889803512527,0.2915694709299747,0.48887907477435205,0.4818748707679918,0.4818748707679918,0.3129370629370629,0.3129370629370629,0.0,0.00014632005072428425,0.4811351316329396,0.5261121958942424,0.5203809422184281,0.5159189050720925,0.17312901221785051,0.3814063127355619,1.0
0.21153846153846154,0.18760640108954715,0.75,0.015217498277728569,0.4781235672005481,0.4936698454455771,0.03632044132154865,0.0018758091975818372,0.0,0.0,0.037791830251446036,0.011295905618253691,0.039451028566250136,0.017524522196379816,0.0,0.06809424865344658,0.08904754275643852,0.045786391182332124,0.0,0.022254778847495462,0.0456503887835687,0.034217418121884384,0.0,0.005689238026785985,0.0,0.08634556621802536,0.0,0.0,0.00020121534065757174,0.002210141511904388,0.00016149870801033592,0.0029613733905579395,0.004470488733160153,0.08904754275643852,0.00639835297917003,0.0,0.012216228252178577,0.0,0.0042143540267574695,0.0,0.004924675533088604,0.0,0.004909558139767421,9.490624618680261e-05,0.004924675533088604,0.008227991668900666,0.007207928721593753,0.0,0.029586278123164778,0.0050272674615577965,0.6959494830519566,0.005200066333420199,0.017950943732193737,0.0025312253620482176,0.0070499680039913665,0.026470469825677363,0.442905729678146,0.4914016316069799,0.42105111341871465,0.15547370612030662,0.48437913688112255,0.31462745037555717,0.32132889803512527,0.2915694709299747,0.485323911783378,0.4783706428408188,0.4783706428408188,0.3041958041958042,0.3041958041958042,0.0,0.00014632005072428425,0.48066000043193746,0.5296532798564568,0.5140425758950008,0.5114835687623508,0.17901843031683579,0.38209276120659513,1.0
0.21153846153846154,0.18896833503575078,1.0,0.02897106583997638,0.4271326495391859,0.448567494245314,0.0,0.0018758091975818372,0.0,0.0006869479882237489,0.002307669254053406,0.00045060729574176105,0.012797921722231733,4.0448983719284053e-05,0.000874284312993784,0.0,0.0,0.013584414528002603,0.08471724193192973,0.022254778847495462,0.32696343305522046,0.08098324519449529,0.6530720980358916,0.18554812062804327,0.0,0.8743497767013111,0.0,0.000519327114985133,0.08922894281460018,0.0015292922309859743,0.2491420381136951,0.0,0.3390321996012808,0.0,0.08396576780235751,0.0,0.016305172919850612,0.0,0.0,0.013707052441229656,0.014011755029989368,0.0,0.013968742813146815,9.490624618680261e-05,0.014011755029989368,0.08015589878951601,0.0861147261988187,0.0,0.029586278123164778,0.0019999781423153846,0.695941303494307,0.00978417947928265,0.13074252136752137,0.0147931449437736,0.0034707534788880577,0.13815974878215712,0.42507365302351907,0.49092174720111376,0.40199030806507435,0.15547370612030662,0.4777932221339687,0.28514582722828014,0.3214134693992614,0.26653953612133574,0.48266305997957437,0.475747913243152,0.475747913243152,0.3269230769230769,0.3269230769230769,0.0,0.00014632005072428425,0.4883700840118351,0.5268299118687001,0.5128261217521207,0.5163580472809778,0.1729799130254711,0.3816718258234144,1.0
0.25,0.19339462036091248,1.0,0.4384287963783092,0.4920432943697743,0.5012023183163433,0.0,0.09514634370125699,1.0,0.02039990186457311,0.0017482342833737925,0.0,0.5520123246704862,4.0448983719284053e-05,0.6028296958130311,0.0,0.0,0.0,0.19866183216811234,0.022254778847495462,0.0,0.0,0.0,0.0,0.0,0.0,0.0,0.0,0.21341905106845344,1.0,3.0281007751937984e-05,0.0,0.0,0.0,0.0,0.0,0.11034077912613989,0.0,0.16404451871236245,0.322748643761302,0.0002708070048745261,0.0,0.0002699757021868032,0.1263337717098038,0.0002708070048745261,0.005588435444290929,0.0,0.0,0.029586278123164778,0.9559567654998307,0.6959494830519566,0.12891189500367203,0.007233796296296296,0.05790696709407029,0.4328463432358268,0.0,0.45350288786431203,0.4755601727583861,0.4317583939079266,0.399815386286097,0.48437913688112255,0.32045745484831195,0.32210413553970624,0.5382411636879685,1.0,1.0,1.0,0.33916083916083917,0.33916083916083917,0.36482101362487074,0.00014632005072428425,0.45865818629462457,0.5260963639242175,0.5237688737128527,0.8466442216204346,0.5528680886311866,0.9709166029866986,1.0
0.15384615384615385,0.1940755873340143,1.0,0.004182659187087885,0.4909305404583928,0.501839444261756,0.0,0.0018758091975818372,0.0,0.0,0.0017482342833737925,5.1205374516109214e-05,0.0,0.00012134695115785216,0.0,0.00013112505295434832,0.0013718107902431212,0.0009354536950420954,0.0,0.022254778847495462,0.0009326750539836377,0.0,0.00033905693734712165,5.061599667959062e-05,0.0,0.0011343777784590858,0.0,0.0,0.0001509115054931788,0.0008693921587112046,5.046834625322998e-05,0.0,0.00026178537626613506,0.0013718107902431212,0.0,0.0,0.0,0.0,0.0,0.0,0.00043128522998535644,0.0,0.0004299613034826866,9.490624618680261e-05,0.00043128522998535644,0.005609056977295692,0.00018019821803984381,0.00013375999341489264,0.029586278123164778,0.0,0.6959494830519566,0.001539882968894364,0.007233796296296296,7.261712104236691e-05,4.3384418486100716e-05,0.00029187970530214583,0.4534418571103603,0.4911115915814564,0.43169493481019955,0.15547370612030662,0.48437913688112255,0.31462745037555717,0.32132889803512527,0.2915694709299747,0.4955091225261531,0.4884099293713067,0.4884099293713067,0.3304195804195804,0.3304195804195804,0.0,0.00014632005072428425,0.4783383366088591,0.526091086600876,0.5237688737128527,0.5167459562321598,0.17201905156347072,0.3812638422981777,1.0
0.23076923076923078,0.195097037793667,1.0,0.006163271331561854,0.49818919907476567,0.5099062808286748,0.0,0.0018860038127860863,0.0,0.0,0.0017582241935644998,0.0,0.0,4.0448983719284053e-05,0.0003305221183269184,0.000312682818583446,0.017292826531020947,0.00015251962419164598,0.0,0.022254778847495462,0.00015206658488863656,0.0034884779113623266,0.0,0.00022271038539019872,0.0,0.0038936750774136186,0.0,0.0,0.0,0.0010788842451476396,0.013323643410852713,0.0,0.013542358887613523,0.017292826531020947,0.0,0.0,0.0,0.0,0.0,0.0,0.002457322822009589,0.0,0.002449779519843214,9.490624618680261e-05,0.002457322822009589,0.005083207885674221,0.001691861047151867,0.0,0.029586278123164778,0.0,0.6959494830519566,0.0016227997441425222,0.007233796296296296,1.0373874434623843e-05,0.00013015325545830215,0.00029187970530214583,0.4542796429146069,0.4911115915814564,0.43256605515172486,0.1560619360910761,0.48437913688112255,0.31462745037555717,0.32132889803512527,0.29214599317042883,0.49598388031687324,0.4888778852746248,0.4888778852746248,0.3321678321678322,0.3321678321678322,0.0,0.00014632005072428425,0.4789700451374641,0.5255053037099583,0.5237688737128527,0.5167898704530484,0.1721267343135225,0.3813933608776179,1.0
0.125,0.1961184882533197,1.0,0.008611357149886822,0.6146625934378429,0.6270963498849063,0.11708510338440477,0.05083035140838609,0.03220871929973655,0.002907262021589794,0.19856944486069072,0.04383180058578948,0.014721134191898341,0.04772980078875518,0.0034438272328901494,0.1087329285267596,0.550576761324949,0.3436063773538862,0.018119353352430936,0.05510374932727381,0.3943289301608865,9.100377160075633e-05,0.0,0.0094955609770912,0.0,0.407190524368683,0.0,0.06960001629261536,0.029930781922813794,0.02829190627324053,0.012768491602067182,0.01548283261802575,0.15243963833343405,0.550576761324949,0.024543839819150655,0.0,0.0014979302247907452,0.0,0.0,0.004219409282700422,0.5740506709995787,0.14525200086523904,0.43801057904788565,0.0012202231652588904,0.44019177147900745,0.007702142577279194,0.441135248773651,0.03269917377480991,0.029586278123164778,0.0,0.6986078392880514,0.021475444789272935,0.036870103276353275,0.020208307398647245,0.3484744953849825,0.4220278594146302,0.46534285413094983,0.4911115915814564,0.44406945886696664,0.1593379245436693,0.4847564204395023,0.3127843669509694,0.32132889803512527,0.29286442857776396,0.5065444809406829,0.49928718344959677,0.49928718344959677,0.3793706293706294,0.3793706293706294,0.001791399236352097,0.0007153424702076118,0.5146966719219057,0.5251833869861205,0.47964039908232403,0.504245041352558,0.20784427417684823,0.39821782434690256,1.0
0.5096153846153846,0.20122574055158324,1.0,0.09752977069186104,0.6821181476768685,0.731513071358106,0.021029213392659406,0.0018758091975818372,0.0,0.014021099116781156,0.03404561392993077,0.055209634803268945,0.015063486149849467,0.04896349479219335,0.02806239404633707,0.14481249117427528,0.6249649537389355,0.008805466303331028,0.0899557282798133,0.02237437461380534,0.13431534554596974,0.12709182280554515,0.0052311641762127345,0.018090157213285687,0.008441670148190018,0.2913613555303472,0.0,0.0,0.3115316511730854,0.0009112905759984916,0.0009286175710594316,0.03046137339055794,0.34137819931935803,0.6249649537389355,0.11300056515420637,0.0,0.001993866582998492,0.0,0.1863459133377474,0.06993369499698614,0.1823835028384586,0.0,0.18182363587277145,9.490624618680261e-05,0.1823835028384586,0.008640422328995936,0.1847332065271799,0.0,0.029586278123164778,0.012764887815433711,0.6959494830519566,0.07654402880765677,0.030304042022792025,0.038030623677331,0.01786353431165197,0.149885261081364,0.4732546591432392,0.4911115915814564,0.45229606553594087,0.1651568764083583,0.48550436854646545,0.3071857118620541,0.3315620330955938,0.29743225863674666,0.5115791216980872,0.5042496925638542,0.5042496925638542,0.3374125874125874,0.3374125874125874,0.0,0.00014632005072428425,0.5231518476124658,0.518497018312312,0.4870725070693059,0.5166215326063089,0.1721764340443156,0.38128974601406573,1.0
0.5480769230769231,0.212461695607763,1.0,0.020630351343371715,0.5721461210738076,0.5897114436040776,0.00036239908192232576,0.0018758091975818372,0.0,0.0007850834151128557,0.002737235392253824,0.0673350674886836,0.06885302024911139,0.0253615127919911,0.0009489183397127657,0.16143511327187268,0.3337405375095126,0.02125106763736934,0.00020032452573168533,0.022812892423608202,0.02195841485791912,0.02016239117465646,0.0015015378653943957,0.01894050595750281,0.0,0.062268142379740626,0.0,0.008553623070343368,0.13059881685379693,0.008096869140768207,0.02225654069767442,0.11283261802575106,0.27424031897541234,0.3337405375095126,0.15580090424673018,0.0,0.0003137556551926561,0.0,0.02014692436232935,0.013007836045810729,0.050259774126898166,0.0,0.05010549050585448,9.490624618680261e-05,0.050259774126898166,0.02339512919390427,0.06718390229252177,0.0,0.029586278123164778,0.02033857553469361,0.6968983117393012,0.021795266636658688,0.022102029914529916,0.005290675961658159,0.029186867536524257,0.08282338258383994,0.4450806438189717,0.4763459175548044,0.4068478135456329,0.15739224079420097,0.48437913688112255,0.3137714576553511,0.32156851690017757,0.2926160805357222,0.47108117806177374,0.4643319657412748,0.4643319657412748,0.28496503496503495,0.28496503496503495,0.0,0.00014632005072428425,0.47888905686456607,0.5450788959839569,0.5040495118177453,0.5167752323794188,0.17231724994822945,0.38152935538603017,1.0
0.5576923076923077,0.21450459652706844,1.0,0.002608011022537152,0.48444977925229116,0.49471288227556726,0.01632809196883368,0.0018758091975818372,0.0,9.813542688910696e-05,0.018031787894226832,0.0016078487598058292,0.0010572633995549424,0.001405602184245121,0.0,0.004004357386375099,0.007660111346978012,0.0016878838410542155,0.0,0.022254778847495462,0.0016828702061009114,0.0,0.0,0.00024295678406203495,0.0,0.0019417277288939305,0.0,0.0032992546128467275,0.0012072920439454304,0.001016036619216709,0.0010497416020671835,8.583690987124464e-05,0.0057794156144908276,0.007660111346978012,4.036815759728726e-05,0.0,0.0,0.0,0.0,0.0003857745629897529,0.0020160077029548053,0.00028120268224096905,0.0017398434140927315,9.490624618680261e-05,0.0017452006980802793,0.005691543109314746,0.0015717289017919713,0.0011421045591579295,0.029586278123164778,0.0,0.7061575709985605,0.002380895974982824,0.009025551994301995,0.00022822523756172456,0.0008134578466143885,0.017039735899190788,0.44498077531250524,0.4911115915814564,0.4228971962616822,0.15547370612030662,0.48437913688112255,0.31477397165198884,0.32132889803512527,0.29173799281564594,0.4869855640508985,0.4800084885024323,0.4800084885024323,0.20104895104895104,0.20104895104895104,0.0,0.00014632005072428425,0.47601127356758743,0.526091086600876,0.5255348663501039,0.5160213715874991,0.17294677987160903,0.38135450530378584,1.0
0.25,0.21586653047327203,1.0,0.2992569628973526,0.4920432943697743,0.5012023183163433,0.030803921963397693,0.0018758091975818372,0.0,0.003483807654563297,0.035154493961099285,0.1864797329127665,0.012677091619425453,0.3214480736171504,0.0021750487786674627,0.5190030461358456,0.0,0.009690080123642574,0.0025741701556521563,0.022254778847495462,0.033667541894344136,0.0,0.01537865394395873,0.6786390370812792,0.0040549507262048114,0.0,0.20759763965742892,0.25896093845464546,0.0,0.0027652955409609398,0.42240996447028417,0.00012875536480686693,0.8614853299502608,0.0,0.0,0.0,3.0363450502515105e-05,0.0,0.0,0.24249547920433998,0.0002708070048745261,0.0,0.0002699757021868032,9.490624618680261e-05,0.0002708070048745261,0.042686573319860595,0.03601962158374211,0.0,0.029586278123164778,0.030710046884733503,0.6729649260567989,0.014818412262206534,0.053007033475783484,0.005684883190173866,0.011312487120250762,0.06874270300736744,0.43557094270321856,0.49362702962099675,0.4158647744317526,0.15547370612030662,0.48437913688112255,0.3117895646004596,0.3215121359907535,0.2884207725398022,0.4823152722956748,0.47517113038557385,0.47517113038557385,0.32867132867132864,0.32867132867132864,0.0,0.00014632005072428425,0.43866488132518416,0.5673017045754393,0.5150829643066744,0.5082046402693405,0.18171049906813005,0.38128974601406573,1.0
0.10576923076923077,0.2250595846101464,1.0,0.0439179214644228,0.4920432943697743,0.5012023183163433,0.0,0.03334658633309886,0.0008817030679017592,0.015934739941118742,0.0017482342833737925,0.8297216475841305,0.22096805050698295,0.525310951562342,0.08414453412374322,0.0,0.0,0.0,0.002353813177347303,0.022254778847495462,0.0,0.0,0.0,0.021602907382849274,0.004177828020938291,0.0,0.008208389777971668,0.5048572359578022,0.5838766147531088,0.2209827273774733,0.3685804263565891,0.1422961373390558,0.0,0.0,0.0,0.01789401238816242,0.1435179093752214,0.002810488302716282,0.009868524765898414,0.010705244122965642,0.0002708070048745261,0.0535474799913476,0.0002699757021868032,0.09031007226432744,0.0002708070048745261,0.03735590703812921,0.0,0.0,0.11720094773293371,0.0,0.7001128778955635,0.1908981071284736,0.16895922364672364,0.06995103531266858,0.6363518042495038,0.0,0.5069547318253189,0.4911115915814564,0.48733702549901925,0.17790789223626935,0.48437913688112255,0.31376374600922313,0.32132889803512527,0.3125548804825048,0.5356868806757018,0.528012058026532,0.528012058026532,0.3339160839160839,0.3339160839160839,0.02374883559049637,0.007819993822042301,0.6914616763492647,0.3953348461660246,0.4427359547564424,0.5131962233770035,0.2416980741354318,0.4326050071882812,1.0
0.36538461538461536,0.22948586993530815,1.0,0.0037397893908079913,0.49180631899975785,0.5025279513317988,0.0,0.0018758091975818372,0.0,0.00040480863591756626,0.002077901319667136,0.00013313397374188396,0.0008860874205793804,0.0003842653453331985,2.1324007633994736e-05,0.0013818563272881322,0.004285657067328874,0.0009354536950420954,0.0,0.022324543044509558,0.0010036394602650014,0.0,0.0,0.0,0.0,0.0010117423429499954,0.0,0.0006211559610606492,0.0014990542878989095,0.001016036619216709,0.0010093669250645994,0.0,0.0033125918765984012,0.004285657067328874,0.0,0.0,0.0,0.0,0.0,0.0018806509945750454,0.006288740446530661,0.000508327925589444,0.0057994780469757725,9.490624618680261e-05,0.005817335660267598,0.005743096941826655,0.005676243868255081,0.0033748675261603676,0.029586278123164778,0.0,0.6957858918989661,0.002925777640899291,0.007278311965811966,0.00021785136312710068,0.0015618390654996257,0.006028825637102943,0.45332534385281603,0.49077936391585675,0.43121033806392056,0.15547370612030662,0.48437913688112255,0.3146197387294292,0.32132889803512527,0.29156060135704465,0.49505092605371387,0.4879582975111275,0.4879582975111275,0.32517482517482516,0.32517482517482516,0.0,0.00014632005072428425,0.47831134051789304,0.52603831336746,0.5237688737128527,0.5166361706799385,0.17225098364050528,0.38135450530378584,1.0
0.22115384615384615,0.22982635342185903,1.0,0.02958616277925401,0.5479540267782168,0.5693234133508714,0.4644949566127766,0.0018758091975818372,0.0024326506331265405,0.0006501472031403337,0.46551982497677347,0.3190094832353604,0.030096764773997364,0.01946607341490545,0.011141793988762248,0.3742611607593149,0.9691492770457004,0.03308659047464107,0.003054949017408201,0.022254778847495462,0.03608033170791051,0.2573991122076504,0.4130682230994648,0.001386878309020783,0.03439335479590081,0.500843118619125,0.0,0.0,0.16347740351724416,0.006756119787575024,0.3125403746770026,0.0,0.4810809722306128,0.9691492770457004,0.8351969966090748,0.0,0.0001113326518425554,0.0,0.00027324988702168135,0.008257986738999397,0.02868548273856091,0.0,0.02859742623163915,9.490624618680261e-05,0.02868548273856091,0.00588744767286,0.028641505656221845,0.0,0.029586278123164778,0.0,0.6959494830519566,0.022446755585037073,0.05267316595441596,0.033995186522262334,0.01664877059404115,0.1073513426466444,0.41019879381037194,0.4877682211054216,0.383073727933541,0.15547370612030662,0.48437913688112255,0.31462745037555717,0.32132889803512527,0.2915694709299747,0.4489828590355793,0.44255025084612953,0.44255025084612953,0.2692307692307692,0.2692307692307692,0.0,0.00014632005072428425,0.4835809774744617,0.5261280278642672,0.5127994451261805,0.5088560345458537,0.1855953613584593,0.38490331438044795,1.0
0.36538461538461536,0.23391215526046988,1.0,0.01059196929436079,0.5657529377218424,0.5791423462676751,0.018281020354748434,0.0018758091975818372,0.027354040962012407,0.0003189401373895976,0.04588365750591902,0.10177580238821866,0.0036551106098899437,0.06572959854383659,4.264801526798947e-05,0.16946400112969276,0.3643609564625305,0.008246227681294993,0.0,0.04840638641392094,0.034833385711823685,0.27352700284133996,0.0,0.0038468157476488868,0.0,0.3154489989882577,0.0,0.02789092094008391,0.005744697975773673,0.0010684096408258177,0.02208494832041344,0.0,0.05558911778328199,0.3643609564625305,0.03782496366865816,0.0,0.0008704189144054331,0.0,0.0,0.0,0.03739142645082345,0.00037854207224745834,0.036926676599106076,0.00010846428135634584,0.03705041022246294,0.006011176870888582,0.037120832916207824,0.002932430624864954,0.029586278123164778,0.01253538212697129,0.6960885355319985,0.003707564378953353,0.027210202991452992,0.0004875720984273206,0.004674671091877352,0.03934337131124442,0.45238768954210296,0.4910957712164279,0.43058151609553474,0.15547370612030662,0.48437913688112255,0.31462745037555717,0.32132889803512527,0.2915694709299747,0.4944436777167463,0.4873597492626974,0.4873597492626974,0.32342657342657344,0.32342657342657344,0.0,0.00014632005072428425,0.48299786190959554,0.5226291624887857,0.5222162940831243,0.5161311571397204,0.17286394698695381,0.38138688494864587,1.0
0.15384615384615385,0.2397003745318352,1.0,0.008057769904536955,0.49535579791152573,0.5078715882933246,0.1260444140208178,0.002140869192892314,0.0,0.0,0.12708164753598863,0.07952194662351761,0.006383857098265081,0.010152694913540298,0.006386540286381423,0.10084525226442881,0.23874514358953822,0.16609387074470247,0.0002103407520182696,0.0238792880065379,0.1674658610516925,0.0,0.0,0.0,0.0,0.16881789659788862,0.0,0.012504582298073398,0.025373254456919795,0.0030271606490064836,0.033945009689922485,0.0,0.07374292676050666,0.23874514358953822,0.011747133860810593,0.015130499232357455,0.0642996670141595,0.0,0.0,0.0,0.09005837395438406,0.007776335712740645,0.08260256576908077,0.0068332497254497875,0.08783173858097129,0.006980388922112469,0.08875763339673641,0.005432713578697178,0.04891557481622487,0.0,0.6902156131396415,0.009026083248442349,0.021122685185185185,0.005467031827046765,0.06057549431121813,0.09796086798985466,0.4486870065524837,0.4911115915814564,0.4267508941963771,0.15547370612030662,0.48437913688112255,0.31462745037555717,0.32132889803512527,0.2915694709299747,0.49077810593723264,0.48374669438126433,0.48374669438126433,0.3076923076923077,0.3076923076923077,0.0,0.00014632005072428425,0.48484439453167183,0.5035410839622143,0.540655177933095,0.5174632218400058,0.17290536342928142,0.38259788366641195,1.0
0.21153846153846154,0.24753149472250596,1.0,0.00487156775907883,0.49326423268920677,0.5044547435054259,0.0,0.0018758091975818372,0.0,0.0,0.0017482342833737925,0.00011265182393544026,0.0,4.0448983719284053e-05,0.00040515614504589993,0.0004942405842125436,0.006829014298874515,0.00016268759913775572,0.0,0.022254778847495462,0.0001622043572145457,0.0,0.0,0.00015184799003877184,0.0,0.00032702782802424094,0.00704888297017427,0.0,0.0,0.0007960699284584524,0.0003936531007751938,0.0,0.006554703074971305,0.006829014298874515,0.0,0.0,0.0,0.0,0.0,0.0,0.0009829291288038354,0.0,0.0009799118079372856,9.490624618680261e-05,0.0009829291288038354,0.005578124677788547,0.000700770847932726,0.0,0.029586278123164778,0.0,0.6959494830519566,0.001883395323493876,0.007233796296296296,2.0747748869247687e-05,0.00015184546470135252,0.0005032408712105962,0.453613852871497,0.4911115915814564,0.43187377408561206,0.15553705396331255,0.48437913688112255,0.31462745037555717,0.32132889803512527,0.2916226883675551,0.49564713351182754,0.48854596306413167,0.48854596306413167,0.3304195804195804,0.3304195804195804,0.0,0.00014632005072428425,0.47848411550007564,0.5259116576072616,0.5237688737128527,0.5166947229744565,0.17201076827500517,0.3812185107953736,1.0
0.7115384615384616,0.24889342866870956,1.0,0.25247268969589604,0.4920432943697743,0.5012023183163433,0.0,0.0018758091975818372,0.04726140902524008,0.01579980372914622,0.0017482342833737925,0.1799152038998013,0.24340217292801547,4.0448983719284053e-05,0.005885426106982546,0.0,0.0,0.0,0.0,0.022254778847495462,0.0,0.0,0.0,0.4487411801625785,0.03681403750215035,0.0,0.0,0.014439330373508207,0.06931868485653346,0.02634362986938168,0.4184835271317829,0.15245708154506438,0.0,0.0,0.6844118359438075,0.0,1.0,0.0,0.5420542085737406,0.0,0.7904756173396722,0.0,0.7880490755831975,0.004555499816966525,0.7937754508435136,0.2198049202977749,1.0,0.0,0.029586278123164778,0.5246500038250949,0.6959494830519566,0.12897112127170643,0.3258769586894587,0.14934229636084484,0.06445839976572414,0.0,0.4099491225442057,0.4911115915814564,0.3864716741663782,0.15954606745640312,0.48437913688112255,0.31462745037555717,0.32132889803512527,0.2955607787485033,0.44975020011592926,0.44330659817823675,0.44330659817823675,0.32342657342657344,0.32342657342657344,0.0,0.00014632005072428425,0.5884553916592878,0.580642777983007,0.3526916715573814,0.5069750420844616,0.1833588734727687,0.38149049981219807,1.0
0.22115384615384615,0.24923391215526047,1.0,0.030127448085818322,0.7314708443020302,0.7525844705688918,0.0,0.0018758091975818372,0.019546188493243816,0.08898429833169774,0.0017482342833737925,0.21577944821088418,0.08985731978693624,0.31338861361108306,0.05780938469575972,0.6697665974057413,0.0,0.029385447594257125,0.05497906608706104,0.026111742310988856,0.08887784998124512,0.0,0.0,0.03604871283520444,0.0016711312083753165,0.0,0.0,0.025823795364750927,0.0,0.0604594161455551,0.14032218992248063,0.0009656652360515021,0.0,0.0,0.0,0.0,0.027175288199751024,0.0,0.0,0.012718505123568416,0.1990431485827767,0.0,0.19843214110730034,9.490624618680261e-05,0.1990431485827767,0.040675973851896155,0.23245570127139853,0.0,0.048783945242097164,0.0,0.699556667975396,0.1541185946791121,0.2626869658119658,0.04961824142080584,0.10922027353875856,0.5337372680059583,0.28810954465509303,0.03684563015150637,0.4317583939079266,0.15547370612030662,0.48437913688112255,0.31462745037555717,0.32132889803512527,0.2915694709299747,0.4955698473598499,0.48846978419614967,0.48846978419614967,0.16433566433566432,0.16433566433566432,0.0,0.00014632005072428425,0.3164751743947477,0.5350519816349147,0.6945472976577921,0.5440313254775672,0.1858687098778215,0.4162468106049813,1.0
0.4230769230769231,0.25672454885938034,1.0,0.7960215529967524,0.4920432943697743,0.061035637948043446,0.16256618816565666,0.0018758091975818372,0.0,0.26031648675171737,0.37507117811010876,0.8106527661143313,0.7283839980667184,0.5593689958539791,0.048917273512383924,0.0,0.0,0.28653353398137227,0.0,0.04703103510135741,0.31089506391865457,0.0037109315752752864,0.0,0.0023485822459330045,0.0,0.31952662721893493,0.0,0.561412977068144,0.010272043140569037,0.09337062292471901,0.14965883397932817,0.5581008583690987,0.0,0.0,0.33300702405942195,0.0019164593149452061,0.000597147859882797,0.0,0.0,0.0,0.0002708070048745261,0.0172507030067056,0.0002699757021868032,0.8851634421139688,0.0002708070048745261,0.024714907306209143,0.0,0.0,0.0997347157813734,0.0,0.6954668891506348,0.3127502309824453,0.22568331552706553,0.020965600232374787,0.46726103319992623,0.0,0.2449718981119304,0.4784236588285547,0.20104995961693778,0.15547370612030662,0.48437913688112255,0.31462745037555717,0.32132889803512527,0.2915694709299747,0.27480195423555714,0.27086484780550446,0.27086484780550446,0.31993006993006995,0.31993006993006995,0.0,0.00014632005072428425,0.5819817290456343,0.521235949126603,0.4276850024008963,0.5187001390616994,0.17370055912197144,0.38431400484399486,1.0
0.5384615384615384,0.2591079332652366,1.0,0.009866154906013187,0.4881950204262465,0.5014849145018087,0.0,0.0018758091975818372,0.0,0.0,0.0017482342833737925,0.00023554472277410236,4.027670093542638e-05,5.056122964910507e-05,0.0,0.0002824231909785964,0.0008411102655505267,0.0008236059706348884,0.0,0.022254778847495462,0.0008211595583986376,0.0,0.0,0.0,0.0,0.0008277891896863599,0.0,0.0,0.0,0.0008170191371020959,3.0281007751937984e-05,0.0,3.0206004953784814e-05,0.0008411102655505267,0.0,0.0,0.0,0.0,0.0,0.0,0.0002708070048745261,0.0,0.0002699757021868032,9.490624618680261e-05,0.0002708070048745261,0.005588435444290929,0.0,0.0,0.029586278123164778,0.0,0.6959494830519566,0.0014806567008599654,0.007244925213675214,0.00021785136312710068,0.0002603065109166043,0.0004629816015137486,0.4532476683477865,0.49099030211623745,0.43136033229491166,0.15547370612030662,0.48437913688112255,0.31462745037555717,0.32132889803512527,0.2915694709299747,0.4951889370393883,0.4880943312039525,0.4880943312039525,0.32867132867132864,0.32867132867132864,0.0,0.00014632005072428425,0.4781763600630629,0.5260963639242175,0.5238809155418023,0.5166874039376418,0.17203561814040175,0.38123146265331764,1.0
0.6057692307692307,0.2604698672114402,1.0,0.1526670603287078,0.8337514746565144,0.9057772936534035,0.1848839316273732,0.11481175643025354,0.00041429421262853745,0.010598626104023552,0.30491203884077084,0.41312496159596906,0.2013835046771319,0.1357164526241278,0.03274301372199891,0.7749288898751286,0.0,0.8793773132143002,0.0029147218493960217,0.032619745261017755,0.8902586145720339,0.1259997775463361,0.0,0.05953453529453449,0.0,0.0,0.06319886115766997,0.5688668486008717,0.04899593545011872,0.013669358639977374,0.12404110142118863,0.0,0.8030467790330051,0.0,0.2877644114322622,0.0009741119169887236,0.005303482687772639,0.0,0.0,0.006678722121760097,0.0002708070048745261,0.3795695435864157,0.0002699757021868032,0.03323074420055046,0.0002708070048745261,0.02645742684511166,0.0,0.0,0.029586278123164778,0.0,0.7399964009946343,0.08909999763094928,0.07375133547008549,0.06086352130793809,0.3860020173754596,0.0,0.5173965390014259,0.47298145325873153,0.47836044767508934,0.17185364838327255,0.48437913688112255,0.32611780310625105,0.32132889803512527,0.320839061599184,0.5219465069419525,0.5144685435688711,0.5144685435688711,0.3374125874125874,0.3374125874125874,0.02540715945500517,0.008210180623973726,0.594054380925642,0.5377803578025225,0.39297337672731153,0.5103857132401376,0.18933112445640918,0.38917742750197515,1.0
0.04807692307692308,0.26387470207694924,1.0,0.01621395531935833,0.4920432943697743,0.5012023183163433,0.010801505969518212,0.02900368025608873,0.0042066796974589956,0.023577036310107945,0.062207170757534895,0.0,0.3955474107115886,0.16354535342299525,0.04239212717638153,0.5994230497670009,0.0,0.634725668035954,0.01333159718744366,0.19621678725906436,0.8893969039243317,0.0012437182118770033,0.0,0.10120162376117348,0.0,1.0,0.0,0.39972913526943915,0.10934041611332448,0.3181975300883009,0.18641997739018087,0.0045600858369098714,1.0,0.0,0.15754682706281287,0.005548202657631425,0.004099065817839539,4.7103155911446066e-05,0.0,0.006907775768535263,0.0002708070048745261,0.29762059268873026,0.0002699757021868032,0.03887088683108044,0.0002708070048745261,0.07341265749695833,0.0,0.0,0.029586278123164778,0.0,0.6909435937704489,0.33045888512473054,0.014523237179487182,0.0843188514046226,0.3439082853393204,0.0,0.5228227278527716,0.4911115915814564,0.5038363909080419,0.15547370612030662,0.48437913688112255,0.33106867992041583,0.3245144194175852,0.31248392389906426,0.5515250213917028,0.5436232846151334,0.5436232846151334,0.46503496503496505,0.46503496503496505,0.006745897695748754,0.002324863028174739,0.6003012763751808,0.4753126814079898,0.49999466467481196,0.5790382785625412,0.34666390557051147,0.5729319120827884,1.0
0.6153846153846154,0.27477017364657813,1.0,0.009521700620017715,0.5020168664643789,0.5151266030910885,0.011576637339185408,0.00345597455424045,0.002252060848134614,0.0017296368989205102,0.018311505379566637,0.018331524076767094,0.04987262493329171,0.013196480938416421,0.003369193206171168,0.08433358213471587,0.1274582448832459,0.02550128116484321,3.00486788597528e-05,0.022254778847495462,0.025455946310357764,1.0111530177861816e-05,0.0,0.0076936314952977735,0.0034774274409574597,0.03632052814994226,0.0,0.037473015355789986,0.03344198961728842,0.0072903246079879325,0.01567546834625323,0.0,0.09238003181699189,0.1274582448832459,0.01745922816082674,0.0002223516332256869,0.0012651437709381293,0.0,0.0,0.006666666666666667,0.16053840444524684,0.009052563270603503,0.15168634822865942,0.0002711607033908646,0.1522737758520391,0.00617614913492669,0.1522875162678947,0.06770313512846103,0.04650574107450234,0.0,0.6948779609998692,0.024377531922958467,0.012197293447293448,0.00399394165733018,0.03985943448410503,0.14654374169652562,0.45712589534890175,0.4911115915814564,0.4355255567093573,0.15799857014868643,0.48437913688112255,0.314249579715286,0.3214275646266174,0.29367155971439973,0.49786635016147285,0.4907333848447583,0.4907333848447583,0.3321678321678322,0.3321678321678322,0.0003992261155298959,0.0002763823180347591,0.4843152711487377,0.524835083645575,0.5210531931921251,0.5193734904486569,0.17410644025678193,0.3852335867580205,1.0
0.8076923076923077,0.278855975485189,1.0,0.015242102155299676,0.4504901784012405,0.4661244245314042,0.0632889730012684,0.001936976888807332,0.0,0.0,0.06461473911349537,0.1100915552096348,0.0102302820375983,0.04516129032258064,0.0041688434924459705,0.16761816384579695,0.1610525894180318,0.009313865050636515,0.0,0.022254778847495462,0.00928619945053274,0.054440478477608016,0.0,0.0,0.0,0.06438360364227244,0.0,0.0007128019225286139,0.01784780071632661,0.0008065445327802742,0.06030967377260982,0.02109442060085837,0.09851185082261021,0.1610525894180318,0.0,0.0,0.0,0.0,0.0,0.005822784810126582,0.049968907343884775,0.0,0.04981551660350568,9.490624618680261e-05,0.049968907343884775,0.0056193677437980745,0.049634598057863646,0.0,0.029586278123164778,0.0,0.6907554639445099,0.030240932458363935,0.04855546652421653,0.02766712311714179,0.06438247703337346,0.14200450903820605,0.4027308488268225,0.4911115915814564,0.3789661936079381,0.15547370612030662,0.48437913688112255,0.31246818945972205,0.32132889803512527,0.28908599050955697,0.4465980292031246,0.44019958863411285,0.44019958863411285,0.3181818181818182,0.3181818181818182,0.0,0.00014632005072428425,0.5126503682266809,0.5257005646735975,0.4902203489302673,0.5166947229744565,0.17201076827500517,0.3812249867243456,1.0
0.15384615384615385,0.2883895131086142,1.0,0.005560476331069776,0.49013203649420695,0.5016185054258467,0.00045299885240290724,0.0018758091975818372,0.0,0.0,0.002197780241955625,0.0,1.0069175233856595e-05,5.056122964910507e-05,0.00019191606870595259,0.00021181739323394727,0.0014619297472663916,0.0009761255948265343,0.0,0.022254778847495462,0.0009732261432872741,0.0,0.000266401879344167,3.036959800775437e-05,0.0,0.0011241581588333283,0.0,1.0182884607551629e-05,0.00019115457362469315,0.0009112905759984916,3.0281007751937984e-05,4.291845493562232e-05,0.00036247205944541774,0.0014619297472663916,0.0002926691425803326,0.0,0.0,0.0,0.0,0.00025316455696202533,0.0018354696997051213,0.0,0.001829835314821666,9.490624618680261e-05,0.0018354696997051213,0.005681232342812364,0.0016518169986985685,0.0,0.03067981612361029,0.0,0.6959903808402041,0.0016227997441425222,0.007267183048433049,7.261712104236691e-05,0.00024946040629507914,0.0015902411530254843,0.45354172561682676,0.4911115915814564,0.43179877697011654,0.15548275581216459,0.48437913688112255,0.31460431543717327,0.32132889803512527,0.29155173178411464,0.49561953131469266,0.4885187563255667,0.4885187563255667,0.3304195804195804,0.3304195804195804,0.0,0.00014632005072428425,0.47845172019091636,0.5260963639242175,0.5236354905831511,0.5167239991217155,0.17206875129426383,0.38128974601406573,1.0
0.47115384615384615,0.2958801498127341,1.0,0.0,0.4920432943697743,0.5012023183163433,0.0,0.0018758091975818372,0.024135293617744538,0.0021344455348380766,0.0017482342833737925,0.14955041681174855,0.16191233776041405,1.0,0.013636702881939631,0.0,0.0,0.08163867084231505,0.002994851659688696,0.022254778847495462,0.08442736793017103,0.0,0.0,0.0,1.0,0.0,0.11480265423736598,0.004633212496435991,0.14884904825143866,0.41834522200923857,0.23034762596899225,0.2783047210300429,0.0,0.0,0.0,0.0,0.0,0.0,0.023247259618921504,0.12751054852320676,0.16565364787065456,0.0,0.1651451369376756,0.6574562414414903,0.6519528194018174,0.025673808590930648,0.6699569526479128,0.03426313677473788,0.029586278123164778,0.09926667468115102,0.6959494830519566,0.031129326478879914,0.6051793981481481,0.02077887049255156,0.055174134209698585,0.7622589476226902,0.40460615744824874,0.3527361321316887,0.22953732548748124,0.160831123700238,0.48829759068043416,0.31626231935468946,0.32132889803512527,0.2934498203911482,0.30089155096745707,0.2965806570971498,0.2965806570971498,0.32867132867132864,0.32867132867132864,0.0,0.001446942723829033,0.4177051162991599,0.3306348619979946,0.9916288747799178,0.8052916636170678,0.17550631600745495,0.6393037081169295,1.0
0.21153846153846154,0.29690160027238677,1.0,0.08869697864383426,0.48801986471797354,0.538551257809931,0.0,0.0019063930431945846,0.0,0.0,0.0017782040139459148,0.003973537062450075,0.0,0.0004146020831226615,0.0005544241984838631,0.0048213673317060385,0.07761244843193016,1.0167974946109733e-05,0.0,0.022254778847495462,1.0137772325909106e-05,0.06637208408748496,0.0,0.003836692548312969,0.0,0.07096503868126028,0.0,0.0,0.0,0.001099833453791283,0.007873062015503876,0.0,0.008125415332568116,0.07761244843193016,0.010102131438721136,0.0,0.0,0.0,1.0509611039295436e-05,0.00021699819168173598,0.000280836893943953,0.0,0.0002799748022677959,9.490624618680261e-05,0.000280836893943953,0.005609056977295692,3.003303633997397e-05,0.0,0.029586278123164778,0.0,0.6959494830519566,0.0016938712657838004,0.007233796296296296,1.0373874434623843e-05,0.002852525515461122,0.002828213696203551,0.4519660225148,0.49101666939128513,0.4300565362870658,0.15547370612030662,0.48437913688112255,0.3146660086061971,0.32132889803512527,0.29161381879462506,0.49391371553175634,0.48683737988224923,0.48683737988224923,0.3304195804195804,0.3304195804195804,0.0,0.00014632005072428425,0.47649180398678276,0.5261016412475592,0.5257002614309342,0.5168996560052697,0.17201905156347072,0.3814063127355619,1.0
0.5384615384615384,0.2979230507320395,1.0,0.053390414329298294,0.36503479931792304,0.3968267017428478,0.18009221043306692,0.0029054653332109977,0.0,0.0,0.18147670852439035,0.052403580279786165,0.0027488848388428503,0.004055010617858226,0.009809043511637576,0.06765044078190878,0.04389794528777988,0.0075446374100134215,0.0,0.022254778847495462,0.007522227065824556,0.00025278825444654537,0.0,0.0,0.0,0.007838448252956026,0.0,3.0548653822654884e-05,0.00796812749003984,0.0016340382742041919,0.027707122093023256,0.0,0.03641837330594656,0.04389794528777988,0.5852777329242694,0.0,0.0,0.0,0.0,0.0,0.002336964153176466,0.0,0.0023297903188713017,9.490624618680261e-05,0.002336964153176466,0.005588435444290929,0.0020622684953448796,0.0,0.029586278123164778,0.0018469743500071037,0.6959494830519566,0.0019189310843145152,0.007233796296296296,0.0038694551641146936,0.0004338441848610072,0.0062401868030113935,0.45120591221558287,0.4911115915814564,0.4293700242298373,0.15547370612030662,0.48437913688112255,0.31462745037555717,0.32132889803512527,0.2915694709299747,0.4932843854370808,0.48620074219982806,0.48620074219982806,0.32867132867132864,0.32867132867132864,0.0,0.00014632005072428425,0.5418061464699911,0.5428835294738509,0.4440644507282719,0.5167313181585302,0.17263201490991922,0.38173658511313446,1.0
0.6442307692307693,0.2986040177051413,1.0,0.18606682413148312,0.4920432943697743,0.5012023183163433,0.4345869657130202,0.2057986971281769,0.01172771309594629,0.036371442590775266,0.6734897753269198,0.07128812240132724,0.08818583669811605,0.2880169885731621,0.06495292725314795,0.5072421375400941,0.0,0.0,0.004537350507822673,0.06494050110626083,0.0,0.20945023610422964,0.0,0.11281293339947156,0.02226536580570642,0.0,0.0,0.1505641318072584,0.12922049177029257,0.3837161801212959,0.025617732558139535,0.02021459227467811,0.6907811272881049,0.0,0.9107359115129985,0.0,0.0,0.0,0.0,0.0,0.0002708070048745261,7.570841444949168e-05,0.0002699757021868032,0.007280664886044714,0.0002708070048745261,0.05015156826758501,0.0,0.0,0.029586278123164778,0.12344127386585939,0.6959494830519566,0.08141242804008433,0.09403935185185186,0.12451761483879,0.0363995271098385,0.9963565360924354,0.6021627079900354,0.4813504263588375,0.575654782508365,0.21184423670374025,0.48437913688112255,0.3592238999336798,0.3241056578242607,0.4007716528449155,0.5652985177620138,0.5571994471590723,0.5571994471590723,0.34440559440559443,0.34440559440559443,0.038704460072270165,0.012729844413012729,0.6580081204241627,0.49849596284764364,0.40082164007896276,0.5533704164531947,0.4333153862083247,0.617959046225181,1.0
0.7115384615384616,0.30643513789581206,1.0,0.0458124200373979,0.4920432943697743,0.5012023183163433,1.0,0.021041685781570174,0.318974674938387,0.00444062806673209,0.0017482342833737925,0.08259426909448415,0.2202229315396776,4.0448983719284053e-05,0.11345438261666897,0.0,0.0,0.953308659047464,0.0,0.9610018138691224,0.0,0.2645479640433987,0.0,0.0,0.0813447691135632,0.0,0.0,0.059478228992709055,0.2137108133124069,0.10311200494401324,0.10766916989664083,0.1871137339055794,0.6540103505910309,0.0,0.0,0.03316215786965959,0.19181603797455543,0.0,0.8692709482822041,0.0,0.0002708070048745261,0.0,0.0002699757021868032,0.012798785200048807,0.0002708070048745261,0.047615119707999094,0.0,0.0,0.029586278123164778,0.2776909541972219,0.6903301269467348,0.2581554571083367,0.27588586182336183,0.17121042366903189,0.26532825735637044,0.0,0.4443649195226285,0.4911115915814564,0.4222568362755278,0.15938317300295926,0.48437913688112255,0.3084581334731712,0.32132889803512527,0.28830546809171137,0.4885092053327445,0.48151030047122073,0.48151030047122073,0.32517482517482516,0.32517482517482516,0.0,0.00014632005072428425,0.5874943308208972,0.7642514116839938,0.16366643546924184,0.5010246651540657,0.26918202526402984,0.44332266963695943,1.0
0.3557692307692308,0.31086142322097376,1.0,0.022598661549060133,0.48347611957983233,0.5020912117724433,0.0,0.0018758091975818372,0.0,0.0003680078508341511,0.002047931589095014,0.004567519406836942,0.0009465024719825199,0.0008595409040347863,0.0001279440458039684,0.006374694882088318,0.008371049785717146,0.0020742668890063854,7.011358400608988e-05,0.022254778847495462,0.002139069960766821,0.0,0.0,5.061599667959062e-05,0.0,0.0022074378391636266,0.0,0.0029021221131522138,0.003018230109863576,0.0010893588494694613,9.084302325581395e-05,0.0,0.006242574357115528,0.008371049785717146,1.0092039399321815e-05,0.0,0.0,0.0,0.0,0.0,0.011554432207979779,0.0001189703655634869,0.011408973192412682,0.00012202231652588907,0.01145413331728551,0.005650300043305218,0.011222344579036942,0.00037041228945662575,0.03671452582977258,0.0002622922153856242,0.6955241460541814,0.0044656606097936554,0.007879273504273504,0.00014523424208473382,0.0011279948806386187,0.011463827046177384,0.4534085676082048,0.4911115915814564,0.4316603207568939,0.15547370612030662,0.48437913688112255,0.31462745037555717,0.32132889803512527,0.2915694709299747,0.49547599988959123,0.48837728128502866,0.48837728128502866,0.3304195804195804,0.3304195804195804,0.0,0.00014632005072428425,0.47848951471826884,0.526064699984168,0.5236194846075868,0.5167166800849008,0.17220956719817768,0.3813998368065899,1.0
0.08653846153846154,0.3146067415730337,1.0,0.0092141521503789,0.4573160993854095,0.47041474843801384,0.015140228311421611,0.0018758091975818372,0.0,7.360157016683021e-05,0.016832998671341946,0.04298179136882207,0.002104457623876028,0.028486196784305792,0.00020257807252294996,0.07300639486796716,0.027596427284014898,0.008093708057103348,0.0,0.03353664613606012,0.019545625044352755,0.0,0.0,0.0008503487442171223,0.0,0.02056187468702415,0.0,0.0001425603845057228,0.001800877298885267,0.00421079093737234,0.0011607719638242896,0.001201716738197425,0.0074910892285386345,0.027596427284014898,0.003915711286936864,0.0,0.0,0.0,0.0,0.0,0.006479308338849773,4.326195111399524e-05,0.00641942225199732,0.00044741516059492657,0.006699965898377164,0.008918813024560246,0.009640604665131646,0.0,0.029586278123164778,0.0,0.6962521266849889,0.004524886877828054,0.01045005341880342,0.0007054234615544214,0.005401360101519539,0.011554410402995291,0.4524764615478509,0.5317593827948257,0.4751586477443175,0.15547370612030662,0.48437913688112255,0.31462745037555717,0.32132889803512527,0.2915694709299747,0.5371001131690083,0.5294050430410604,0.5294050430410604,0.5052447552447552,0.5052447552447552,0.0,0.00014632005072428425,0.5190376433492431,0.5275212412264499,0.48153977484927707,0.515962819292981,0.17553116587285153,0.38332966364024923,1.0
0.23076923076923078,0.3149472250595846,1.0,0.017640980218482434,0.5580306316423939,0.574389592239395,0.009271376512512836,0.002140869192892314,0.0,0.002674190382728165,0.013386479655547897,0.20718718636708108,0.07477369528661908,0.0689554049954495,0.0006930302481048289,0.34836900607209864,0.5001301718268114,0.06104852157644283,0.00013021094172559547,0.03147361916721481,0.07037641548646101,0.06250947955954174,0.0,0.016318597329500015,0.005271435944066255,0.15497031200498715,0.0011824673386448695,0.06082236976090587,0.06923819872027043,0.016612722454409284,0.033450419896640826,0.18243562231759658,0.3502084214341811,0.5001301718268114,0.23188478927821735,0.0,0.000293513354857646,0.0,0.0054439785183550355,0.00706449668474985,0.24433812762030854,0.002282067921263249,0.24147826695597396,0.008080588961047764,0.24811939579948247,0.014259790072794012,0.255811392531785,0.014919383880891871,0.03656264555193293,0.07331067420028196,0.6960394581861014,0.02520669967544005,0.05073673433048434,0.011992198846425163,0.1045456024468812,0.2572969926325536,0.4534418571103603,0.4911115915814564,0.43169493481019955,0.15547370612030662,0.48437913688112255,0.31370976448632726,0.32132889803512527,0.29051399175129716,0.49616605481796355,0.4890574497491539,0.4890574497491539,0.3321678321678322,0.3321678321678322,0.0,0.00014632005072428425,0.49263006716627433,0.5334582299857512,0.5014031905244625,0.5156554197467613,0.17439635535307516,0.38216399642528726,1.0
0.7980769230769231,0.31869254341164455,1.0,0.10438195059541383,0.42859056322863487,0.4815130713581059,0.06405403772977109,0.0018758091975818372,0.00374989377071471,0.0023307163886162902,0.07072856415020828,0.06710976384081273,0.12266269269884103,0.07166548690464153,0.0004478041603138894,0.26082790341126866,0.28970240717747425,0.13899621751332003,0.0,0.02237437461380534,0.13870500096308838,0.0,0.0,0.0,0.0,0.13982483571961452,0.0,0.1272351431713576,0.011137269105396596,0.010359383674281703,0.007439034237726098,0.0,0.15354719184840615,0.28970240717747425,0.19074963668658163,0.0,0.0,0.0,0.0,0.0,0.23861106096166576,0.007689811810512654,0.23076923076923078,0.0010846428135634584,0.2322119917353714,0.005815272307343328,0.23172489738712584,0.20639166983917934,0.029586278123164778,0.0,0.701560659599529,0.017365141787685674,0.03141693376068376,0.011919581725382796,0.028351717480666817,0.2820463786786908,0.42644961911261287,0.4839291458584921,0.3957713164878274,0.15547370612030662,0.48437913688112255,0.31462745037555717,0.32132889803512527,0.2915694709299747,0.4611333462143587,0.45452665716244595,0.45452665716244595,0.3041958041958042,0.3041958041958042,0.0,0.00014632005072428425,0.48323542751009657,0.5260858092775345,0.5196926852691671,0.5177779404230403,0.1783392006626631,0.3871310339468197,1.0
0.4230769230769231,0.32039496084439906,1.0,0.09804645212085425,0.4920432943697743,0.5012023183163433,0.1932291771527512,0.2834001080629211,0.0,0.2143277723258096,0.6439096512522352,0.522991213157733,0.3503871597877418,0.2839518657093741,0.30187331407064644,0.0,0.0,0.0,0.009445301388248964,0.2812693097331021,0.0,0.8672962779457415,0.0,0.24223803690918477,0.047184881177655985,0.0,0.0,0.6434768441204024,0.0,0.37262357414448666,0.14979005167958656,0.07372317596566523,0.0,0.0,0.0,0.006172904865265498,0.01254010505753874,0.0,0.0,0.03766124171187462,0.0002708070048745261,0.27215011897036556,0.0002699757021868032,9.490624618680261e-05,0.0002708070048745261,0.11069638916957086,0.0,0.0,0.368400801927867,0.0,0.7129793220782621,0.4602828646561323,0.0272769764957265,0.1044234200589236,0.6213950259764205,0.0,0.7719225242319835,0.4911115915814564,0.7628475827852774,0.2992914091275192,0.48437913688112255,0.3257939139688758,0.32132889803512527,0.4453767351102044,0.7166689668497612,0.706401201449575,0.706401201449575,0.3479020979020979,0.3479020979020979,0.08974398345770762,0.029166463444373996,0.6175355808478933,0.45541189508681196,0.44088459691618204,0.49371294737612526,0.4920604680057983,0.6111010374438214,1.0
0.5384615384615384,0.32482124616956076,1.0,0.016066332053931702,0.4922699664628335,0.5081387701414009,0.0,0.0018758091975818372,0.0,0.0,0.0017482342833737925,0.0,0.0,5.056122964910507e-05,0.00014926805343796316,0.00015129813802424805,0.01366804181519606,0.0,0.0,0.022254778847495462,0.0,0.0,0.0,0.0,3.6863188420043744e-05,3.065885887727259e-05,0.0,0.0002240234613661358,0.0,0.0008379683457457395,0.013353924418604649,0.0001609442060085837,0.013723594917336235,0.01366804181519606,0.0,0.0,0.0,0.0,0.0,0.0,0.0003911656737076488,0.0,0.0003899649031587157,9.490624618680261e-05,0.0003911656737076488,0.006361742931969562,0.0008609470417459206,0.0,0.029586278123164778,0.0,0.6962766653579375,0.0015754187297150031,0.007233796296296296,0.0,0.00017353767394440286,0.0006340834977253513,0.45363049762257474,0.4911115915814564,0.4318910811122649,0.15553705396331255,0.48437913688112255,0.31462745037555717,0.32132889803512527,0.2916315579404852,0.4956581743906815,0.48855684575955766,0.48855684575955766,0.3304195804195804,0.3304195804195804,0.0,0.00014632005072428425,0.4779063991534026,0.5264921631748377,0.5237688737128527,0.5167166800849008,0.17201905156347072,0.3812444145112616,1.0
0.6153846153846154,0.3251617296561117,1.0,0.008931207558311189,0.48789622539448674,0.5007964074317659,0.0053151865348607785,0.0018758091975818372,0.0,0.0005029440628066731,0.007432493181886295,0.0,0.005689084007128977,0.004216806552735363,4.264801526798947e-05,0.009894898226785824,0.01472944286458125,0.00987310367267255,0.0,0.022284677789072935,0.009874190245435469,1.0111530177861816e-05,0.0,0.0013160159136693561,0.00023346685999361036,0.011486852459351464,0.0,0.00033603519204920373,0.002384401786792225,0.0010265112235385307,0.0005753391472868218,0.0,0.0035038965746390384,0.01472944286458125,0.009526885192959793,0.0,0.0,0.0,0.0,0.0,0.031804778239152676,0.0,0.031707146356827885,9.490624618680261e-05,0.031804778239152676,0.005681232342812364,0.03156472119331265,0.0002983876776178374,0.029586278123164778,0.0,0.6959494830519566,0.006218758143611855,0.007667824074074074,0.0014315946719780902,0.022624974240501524,0.02708442368855429,0.45606617953028517,0.4911115915814564,0.434423676012461,0.15547370612030662,0.48437913688112255,0.31462745037555717,0.32132889803512527,0.2915694709299747,0.49812029037511385,0.4909673627964174,0.4909673627964174,0.3356643356643357,0.3356643356643357,0.0,0.00014632005072428425,0.47975833099367216,0.5259433215473112,0.5220989169289868,0.5161750713606089,0.17262373162145372,0.3812379385822896,1.0
0.625,0.3258426966292135,1.0,0.023324475937407736,0.49697856403229046,0.5158664912857612,0.0003422657995933077,0.0020185338104413246,0.0,0.0,0.002227749972527747,0.06276754808184666,0.006776554932385489,0.0018100920214379616,0.0010342143702487445,0.07136228843477033,0.09989185725157208,0.011245780290397365,0.0,0.023620163846199842,0.012601251001105018,0.0014661718757899632,0.0,0.0,1.2287729473347913e-05,0.014205271279802966,0.004511744311528483,0.0017718219217139832,0.04404603806994245,0.006955137269689637,3.0281007751937984e-05,0.032757510729613734,0.08645965484605007,0.09989185725157208,1.0092039399321815e-05,0.0,0.0015282936752932603,0.0,0.0,0.0015430982519590115,0.15846221740787547,3.244646333549643e-05,0.15794578487936087,0.012486950391149314,0.1676094762391928,0.006774173592064834,0.16816498147962758,0.0005350399736595706,0.17819606731333915,0.003508158380782724,0.6957286349954195,0.00470256568193125,0.009147970085470086,0.0007676667081621644,0.01172463909586872,0.16728733040782642,0.4544849281778991,0.4911115915814564,0.432779508480443,0.15598953855621217,0.48437913688112255,0.31442694757622963,0.32132889803512527,0.2918444276908067,0.49637583151618875,0.4892642209622479,0.4892642209622479,0.3321678321678322,0.3321678321678322,0.0,0.00014632005072428425,0.46613610349221435,0.5282653438176157,0.5324227711679027,0.5150845348752103,0.178703665355146,0.3850263570309161,1.0
0.8076923076923077,0.3265236636023153,1.0,0.9931355181576615,0.08980851359774979,0.5148234544557712,0.0,0.0018758091975818372,0.0,0.001619234543670265,0.0017482342833737925,0.26765049259570284,0.3162526557449679,4.0448983719284053e-05,0.0006610442366538368,0.0,0.0,0.2430959450115915,0.0010717362126645166,0.02284279136518567,0.2440567309739358,0.0,0.0,0.0,0.0,0.0,0.02389043234679586,0.005732964034051566,0.2256529437804338,0.0776063434203773,0.4177769702842377,0.34011802575107297,0.0,0.0,0.0,0.0,0.029229881683754542,0.0,0.0009353553824972938,0.0,0.0002708070048745261,0.0,0.0002699757021868032,0.00014913838686497554,0.0002708070048745261,0.09032231456086447,0.0,0.0,0.16379781697413986,0.08093900613108054,0.69846060725036,0.1802136883750681,0.5253739316239316,0.1289680069712436,0.12180175489972776,0.0,0.17332734122294535,0.470423827579115,0.11780316141686854,0.15547370612030662,0.48437913688112255,0.31462745037555717,0.32132889803512527,0.2915694709299747,0.195142013304259,0.192346200306892,0.052460033301048044,0.24125874125874125,0.24125874125874125,0.0,0.00014632005072428425,0.6562641729477572,0.5352314106285292,0.30091234060716,0.46489789943643417,0.27589977220956724,0.4166094626274139,1.0
0.8076923076923077,0.3268641470888662,1.0,0.0,0.4920432943697743,0.7304546201907268,0.0,0.0018758091975818372,0.3414846604912042,0.0013984298331697741,0.0017482342833737925,0.0,0.029905450444554085,0.28567094751744365,0.00011728204198697104,0.3149724637388796,0.0,0.0,0.0009916064023718424,0.07606290737307898,0.0,0.0,0.0,0.23292469352014009,0.0,0.0,0.07225679057699815,0.0006211559610606492,0.06082739748078393,0.03929024081115336,0.11233244509043928,0.1376716738197425,0.40307899877162245,0.0,0.8860810592604553,0.0,0.04084896207605032,0.0,0.0,0.0,0.6751720125975407,0.07921263248972528,0.5998660120589147,9.490624618680261e-05,0.6017131050530581,0.029767182892376218,0.6237861647812594,0.0,0.029586278123164778,0.23974601370476825,0.6959494830519566,0.031863732202506455,0.44416622150997154,0.2655608116519358,0.17096714714910138,0.0,0.2159600969834163,0.44545401810904445,0.1348217376254759,0.15547370612030662,0.48437913688112255,0.31462745037555717,0.32132889803512527,0.2915694709299747,0.21142730961384526,0.20839817606024658,0.20839817606024658,0.3269230769230769,0.3269230769230769,0.0,0.00014632005072428425,0.759767185711509,0.5106601931500343,0.25407885610627967,0.5068798946058698,0.2118119693518327,0.40365112875441983,1.0
0.5384615384615384,0.3282260810350698,1.0,0.09832939671292197,0.49233693776305554,0.5425641236435383,0.08404638708248606,0.02184706038270585,0.0,0.0027477919528949954,0.10695197850171327,0.039612477725662086,0.13208744071773082,0.11138638891697847,0.0019831327099615105,0.2842690282624922,0.4682581006929147,0.3409830398177899,0.0,0.022254778847495462,0.33997019494936187,0.0,0.0,0.0365852424000081,0.008982330245017324,0.3871191914236952,0.0,0.013044275182273635,0.011076904503199323,0.023494537493846168,0.023649467054263566,0.02140557939914163,0.08945004933647477,0.4682581006929147,0.048219764249959635,0.0033776271904282914,0.11321518577371133,0.0,0.23845256487057412,0.0038577456298975288,0.34594090389360294,0.0,0.34487896089351955,0.0030505579131472264,0.34811738982166857,0.015383663621553627,0.35670237260987087,0.0,0.029586278123164778,0.05528901323482804,0.6959494830519566,0.08334320437800573,0.02583021723646724,0.026681605045852524,0.050759769628737836,0.31256290510890133,0.47889722975859567,0.4937483190862157,0.46104765201338405,0.15767278124179873,0.48437913688112255,0.32710489381063285,0.32132889803512527,0.3080846157257528,0.5133180601175854,0.5010501801086092,0.5010501801086092,0.3531468531468531,0.3531468531468531,0.0,0.00014632005072428425,0.5176500442735892,0.5274262494063011,0.4894093795016806,0.5247603015443167,0.17539034996893768,0.3909971635431103,1.0
0.6442307692307693,0.3285665645216207,1.0,0.1942722173014467,0.4920432943697743,0.5012023183163433,0.0,0.0018758091975818372,0.0,0.0,0.0017482342833737925,0.4738545357720746,0.0023763253551901562,0.3259379108099909,0.003422503225256155,0.7973916201004619,0.0,0.0008032700207426689,0.0,0.022254778847495462,0.0008008840137468193,0.0,2.4218352667651546e-05,0.22196126863934076,0.7163746282961834,0.0,0.0003444079627120979,0.0,0.0037727876373294697,0.010118467774879803,0.8331819282945736,0.018530042918454934,0.8615256046235326,0.0,0.0,0.0,0.0,0.0,0.015837983836218223,0.0063773357444243525,0.0266293554793284,0.0,0.026547610715035648,9.490624618680261e-05,0.0266293554793284,0.024189058214587673,0.044368805686254884,0.0,0.029586278123164778,0.0,0.6959494830519566,0.005022387529317003,0.09275952635327635,0.0003112162330387153,0.08906821115196478,0.16331172752526268,0.3880668231273269,0.4911115915814564,0.3637187031268028,0.1663061872743233,0.48437913688112255,0.31456575720653335,0.32132889803512527,0.30211539314382013,0.4238979822793894,0.4178247668382504,0.4178247668382504,0.32867132867132864,0.32867132867132864,0.0,0.00014632005072428425,0.4812161199058377,0.4283128397276901,0.6156325028010458,0.511059064627095,0.1857610271277697,0.38698208758046343,1.0
0.23076923076923078,0.3363976847122915,1.0,0.07945822261588427,0.4920432943697743,0.5012023183163433,0.0,0.07127055489290555,0.0,0.04737487733071638,0.0017482342833737925,0.0,0.0,4.0448983719284053e-05,0.14384109349511148,0.0,0.0,0.7969760442510269,0.0009315090446523368,0.026769519025693158,0.8018876532070843,0.6039515859935084,0.0,0.0,0.00014745275368017498,0.0,0.10975133745092186,0.0,0.9283472171918387,0.10326912400884056,0.15125363372093023,0.6215879828326181,0.0,0.0,0.0,0.013595214145799141,0.061263321963907984,0.0,0.003352565921535244,0.05185051235684147,0.0002708070048745261,0.0,0.0002699757021868032,9.490624618680261e-05,0.0002708070048745261,0.1571360814962984,0.0,0.00947638107193201,0.031449342864664546,0.0,0.6959494830519566,0.42922460969889364,0.7318709935897436,0.15591933275239636,0.12107506589008557,0.0,0.524143211438273,0.4911115915814564,0.5052094150224992,0.16919303897702284,0.49441355573206247,0.34984653824205314,0.32132889803512527,0.3320768105015744,0.5406442352811284,0.5328983882728073,0.5328983882728073,0.3321678321678322,0.3321678321678322,0.0,0.00014632005072428425,0.6852417769906919,0.4758509683888331,0.3329082857600171,0.4657176315596867,0.29183681921722926,0.4297944540144284,1.0
0.38461538461538464,0.33878106911814776,1.0,0.01771479185119575,0.11545336994431078,0.1330000411048997,0.18457186575127343,0.0018758091975818372,0.0,0.00165603532875368,0.1862618755057392,0.5565000102410749,0.34867539999798614,0.2993932652442107,0.12258105788401873,0.0,0.7697961308927784,0.11290519380160248,0.0002103407520182696,0.022254778847495462,0.1127827171257388,0.15557600331658192,0.0,0.016571677312897968,0.10439654960556387,0.3744877415662589,0.0,0.0,0.1148235341462433,0.0045774020886361014,0.10643774224806202,0.19225321888412017,0.405112869771844,0.7697961308927784,0.5980138866462135,0.0,1.0121150167505037e-05,0.0,0.0014293071013441795,0.015057263411693791,0.34788670237307173,0.0,0.34681878630923213,0.002426888295348238,0.3496118432930132,0.021755717320025573,0.3643808189007909,0.0,0.029586278123164778,0.4626725390979334,0.6985178641539066,0.02956575300277179,0.13026397792022792,0.0012033694344163657,0.2862937775897786,0.8312130117959661,0.19724030027130945,0.3850518644300186,0.049273104880581495,0.15563660057375048,0.48437913688112255,0.3994169995527246,0.32137118371719336,0.3892766863275533,0.06875155262358888,0.06776654441772141,0.06776654441772141,0.14335664335664336,0.14335664335664336,0.0,0.00014632005072428425,0.4429356629160098,0.5301810121906169,0.5519660673318038,0.5131010758984117,0.1790598467591634,0.38355632115426963,1.0
0.8173076923076923,0.34184542049710587,1.0,0.35192156283830334,0.4920432943697743,0.5012023183163433,0.5911534357446294,0.0018758091975818372,0.12657219342228265,0.006550539744847889,0.7127601122865905,0.010835057247608708,0.11714478467068763,4.0448983719284053e-05,0.0028467550191382967,0.0,0.6266672007049305,0.36744011062756743,0.09289048258178248,0.06020650202316171,0.49897101610892025,2.0223060355723633e-05,0.0,0.016156626140125325,0.0,0.5193304105221204,0.0,0.0022606003828764616,0.052245563201738496,0.020331206988656002,0.0452297319121447,8.583690987124464e-05,0.11847802009706197,0.6266672007049305,0.2598700145325367,0.01738578008364657,0.00019230185318259567,0.0,0.0,6.027727546714889e-05,0.5226173998515576,0.0,0.5210131088202061,9.490624618680261e-05,0.5226173998515576,0.009320932918153134,0.5249974972469716,0.0,0.029586278123164778,0.48545917530955945,0.6959494830519566,0.09670465044656607,0.037103810541310546,0.1441968546412714,0.08014186704844956,0.7692640605499416,0.3204059099962827,0.4911115915814564,0.2933656397830852,0.15547370612030662,0.48437913688112255,0.31462745037555717,0.32132889803512527,0.2915694709299747,0.3631400259460653,0.35793729390895535,0.35793729390895535,0.32342657342657344,0.32342657342657344,0.0,0.00014632005072428425,0.5565298144828629,0.46080004221858667,0.5131409059382169,0.517609602576301,0.17798301925864568,0.386690670776723,1.0
0.46153846153846156,0.34933605720122574,1.0,0.11480169274677689,0.6593169957705047,0.715985695494903,0.0,0.008889704458105229,0.023009263193677233,0.030274779195289498,0.0017482342833737925,0.015310406980316653,0.0653489472677293,0.2937000707857215,0.005693510038276593,0.37884045107018216,0.0,0.0,0.013271499829724153,0.03956626602084953,0.0,0.09100377160075634,0.0,0.16206229816871323,0.0036863188420043743,0.0,0.0,0.05356197303572156,0.05153124874240412,0.027223496632414707,0.027434593023255814,0.0028111587982832618,0.15992065889365475,0.0,0.21364847408364282,0.002583514214622267,0.03428033561733955,0.0,0.3566646698405692,0.0,0.7574772823012578,0.0,0.7551520363167314,9.490624618680261e-05,0.7574772823012578,0.012867836594972471,0.7628491340474522,0.0,0.029586278123164778,0.07322324346182009,0.6959494830519566,0.2529672360285234,0.2271189458689459,0.24907672517531845,0.36000390459766374,0.0,0.2943291333078114,0.39445970816699977,0.16051690319603087,0.15547370612030662,0.48437913688112255,0.2740256335117294,0.3190172807487385,0.24341655949266042,0.2659858124706727,0.262175015507841,0.262175015507841,0.3146853146853147,0.3146853146853147,0.0,0.00014632005072428425,0.6029900870353972,0.49218428413108867,0.4335271834818332,0.5149015589548415,0.19493062745910128,0.39755727959175746,1.0
0.038461538461538464,0.34967654068777665,1.0,0.1284445428599547,0.40662397675580714,0.469654307793489,0.01378123175421289,0.0018758091975818372,0.0016465539219852128,0.009077526987242394,0.024365390955135315,0.00244761690187002,0.02534411406361705,0.08095864091414703,0.0017592306298045654,0.11017530410925744,0.07056314334922098,0.028327978199861714,0.0014523528115547187,0.022254778847495462,0.029713810687239585,0.00014156142249006543,0.0,0.005517143638075378,0.0,0.03567669211351953,0.0,0.010732760376359415,0.0013682643164714878,0.0010369858278603526,0.004037467700258398,0.02089055793991416,0.03581425320687086,0.07056314334922098,0.3135697561763281,0.0,0.00026314990435513094,0.0,0.0,0.009258589511754069,0.015115042827626327,0.00200086523902228,0.013228809407153356,0.0029963257724690533,0.015415939499709133,0.011651166147691419,0.021003103413755133,0.010381833335048204,0.03048743443834673,0.0,0.6982397591938229,0.034303854445523675,0.015936609686609687,0.0021785136312710072,0.012429635896267856,0.06328757196344459,0.43025571885905783,0.4911115915814564,0.40758624668281984,0.15547370612030662,0.48437913688112255,0.31462745037555717,0.32132889803512527,0.2915694709299747,0.4724392061608104,0.4656705372786732,0.4656705372786732,0.3269230769230769,0.3269230769230769,0.0,0.00014632005072428425,0.49619355117379005,0.5264657765581297,0.5053513311636344,0.5162116665446826,0.1726568647753158,0.38129622194303775,1.0
0.057692307692307696,0.35137895812053116,0.5,0.9353779155594922,0.07325629916594975,0.47419126109832294,0.4777829229499285,0.0018758091975818372,0.0,0.04178115799803729,0.5099149858642771,0.058957868217848146,0.039602066194757986,0.46136110830215393,0.03304154982887484,0.589144862923887,0.0,0.03188676943100012,0.00023037320459143814,0.022254778847495462,0.032025222777546866,0.7740983042963892,0.0,0.0009313343389044673,0.0,0.8155971834728312,0.0,0.03359333632031282,0.035514507626061405,0.00553059108192188,0.6067607396640826,0.012027896995708156,0.6898246037979018,0.0,0.017873001776198934,0.0,0.0,0.0,0.0005675189961219536,0.0,0.101522537160739,0.001654769630110318,0.09968102870741632,9.490624618680261e-05,0.09998796413311668,0.054626440929618714,0.1471418560416458,0.05039664982662647,0.03431481743990604,0.0,0.7141571783797933,0.08522659970149961,0.1230079237891738,0.003682725424291464,0.02344927819173744,0.2775876645597649,0.38203032673646364,0.4911115915814564,0.35744202146071297,0.15547370612030662,0.48437913688112255,0.31462745037555717,0.32132889803512527,0.2915694709299747,0.4244555466615143,0.4093634711445331,0.4093634711445331,0.3269230769230769,0.3269230769230769,0.0,0.00014632005072428425,0.4683443837332355,0.5275951237532324,0.5325721602731687,0.5173607553245992,0.1750010354110582,0.3841456306907226,1.0
0.057692307692307696,0.35137895812053116,0.25,0.9353779155594922,0.14815081936810004,0.5488891400854982,0.40503130725402164,0.0018758091975818372,0.0,0.04973012757605495,0.4441913667196132,0.05449275956004342,0.04888584576037377,0.3981696834867024,0.0348221044663134,0.5327005708983075,0.0,0.035394720787407984,0.00026042188345119094,0.022254778847495462,0.03555316754696323,0.7740983042963892,0.0,0.0009313343389044673,0.0,0.8191536111025948,0.0,0.05716671418679484,0.0649321904301984,0.0045774020886361014,0.5796996124031008,0.0071781115879828335,0.710123039126845,0.0,0.0342321976424996,0.0,0.0,0.0,0.00024172105390379503,0.0,0.16187237969148063,0.0016764006056673155,0.1598156165945065,9.490624618680261e-05,0.16030771699665003,0.05361598581238529,0.20637701471618783,0.11870684954058587,0.03546910755148742,0.0,0.6730876194215417,0.090308213498851,0.10689325142450143,0.004564504751234491,0.028362563585288342,0.2901888159748782,0.40790736641200204,0.4911115915814564,0.3843486788969655,0.15547370612030662,0.48437913688112255,0.31462745037555717,0.32132889803512527,0.2915694709299747,0.45020287614894144,0.44374190599527685,0.44374190599527685,0.32867132867132864,0.32867132867132864,0.0,0.00014632005072428425,0.4566820724359113,0.526091086600876,0.5450194739369365,0.5165410232013466,0.17517498446883414,0.38355632115426963,1.0
0.057692307692307696,0.35137895812053116,0.0,0.9353779155594922,0.19049213602386236,0.5911192864189412,0.3218909178763414,0.0018758091975818372,0.0,0.04694553483807655,0.35942697875146107,0.06635192429797432,0.044455408657476866,0.34138942259075744,0.03973728822594919,0.4879566682132699,0.0,0.036686053605563915,0.0,0.02226474516135462,0.03921290335661642,0.7740983042963892,0.0,0.0,0.0,0.8219026887819235,0.0,0.028878660747016414,0.06979154090707876,0.004797368779394358,0.5552022771317829,0.004291845493562232,0.6600716889184237,0.0,0.03609922493137414,0.0,0.0,0.0,9.458649935365892e-05,0.0,0.2017311588533831,0.0016872160934458145,0.19955204031637155,9.490624618680261e-05,0.2001664961585525,0.06203988204483121,0.2543197517268996,0.1354474271779728,0.03547923290334339,0.0,0.6965956681062688,0.10063727464405012,0.09524127492877493,0.0040146894061994275,0.030770398811266933,0.335440235114135,0.40953855201762124,0.4911115915814564,0.3860447675089419,0.15547370612030662,0.48437913688112255,0.31462745037555717,0.32132889803512527,0.2915694709299747,0.45182588534047313,0.4453525449183253,0.4453525449183253,0.32867132867132864,0.32867132867132864,0.0,0.00014632005072428425,0.46640066518368145,0.5804105757559765,0.48031798538120896,0.5162848569128302,0.1756388486229033,0.38369231566268186,1.0
0.6153846153846154,0.35240040858018384,1.0,0.12137092805826198,0.40909161158706525,0.4691610489970405,0.0006945982403511244,0.0018758091975818372,0.0,0.0,0.002437538086532602,0.06633144214816787,0.020390079848559603,0.0017089695621397513,0.0005224381870328709,0.08792439127715802,0.025523691272479672,0.00020335949892219467,0.0,0.022254778847495462,0.00020275544651818212,0.0,0.0,0.0,0.0,0.0002043923925151506,0.0,0.0010895686530080241,0.0003722483802165077,0.000974138201929422,0.01625080749354005,0.00815450643776824,0.025463662176040597,0.025523691272479672,0.0,0.0,0.0,0.0,0.0,0.05063291139240506,0.00074221179113759,5.4077438892494055e-05,0.0006899379055884969,9.490624618680261e-05,0.0006920623457904555,0.006495782896500525,0.0013014315747322054,0.00043214767103273005,0.029586278123164778,0.0,0.6959494830519566,0.0016346449977494015,0.007244925213675214,5.1869372173119215e-05,0.030857167648239134,0.029248359434759855,0.4381009448670362,0.4911115915814564,0.4157436252451828,0.15547370612030662,0.48437913688112255,0.31462745037555717,0.32132889803512527,0.2915694709299747,0.4802451075105579,0.4733646029448574,0.4733646029448574,0.32517482517482516,0.32517482517482516,0.0,0.00014632005072428425,0.46961320000863876,0.5346086864742202,0.5237688737128527,0.5167313181585302,0.17211845102505693,0.3813286015878978,1.0
0.15384615384615385,0.35274089206673476,1.0,0.4149074894203326,0.04311406242755511,0.22674490299243674,0.27802049568141096,0.0018758091975818372,0.0014447182799354127,0.10058881256133463,0.36092546528006714,0.05418552731294676,0.11512088044868245,0.2725654767923956,0.013828618950645586,0.4536019043392306,0.29144470701325753,0.1178468296254118,0.0008914441395059998,0.03288883573521497,0.12921604606603745,0.008999261858297017,0.0,0.02896247330006175,0.0,0.1685828453464962,0.0,0.05292045130544581,0.02212362670530001,0.002723397123673653,0.04843951873385013,0.0025,0.1269558388207576,0.29144470701325753,0.1884688357823349,0.0,0.0,0.0,0.0,0.0,0.16796052235662276,0.019662556781310837,0.1492765651091402,0.0016134061851756445,0.15084953160418046,0.014177303940774957,0.15863449794774254,0.09864285052835198,0.029586278123164778,0.0,0.6944035466561969,0.13064130203027646,0.0642917556980057,0.009129009502468982,0.07581427130446101,0.3352892628527719,0.3565915988393061,0.49063698063059974,0.3304719049267335,0.15547370612030662,0.48437913688112255,0.31462745037555717,0.32132889803512527,0.2915694709299747,0.3986474923403903,0.37121418232867914,0.37121418232867914,0.2744755244755245,0.2744755244755245,0.0,0.00014632005072428425,0.41752694209878416,0.5285292099846958,0.5692952035426558,0.500146380736295,0.19226340857320356,0.38241008172622365,1.0
0.5480769230769231,0.35308137555328567,1.0,0.16055260309024702,0.5648977657343918,0.6409230105228544,0.0,0.0018758091975818372,0.0,0.13530421982335622,0.11193694368687625,0.0,0.012375016362409754,0.028294064111639195,0.00023456408397394207,0.040789978011337276,0.42323867505106744,0.008297067556025542,2.0032452573168534e-05,0.21077757180729137,0.20005879907949028,0.0005055765088930907,0.0,0.034509986536144885,0.06029588852571822,0.28717131148378655,0.025715794549169977,0.023430817481976295,0.0030785947120608474,0.00847395489635379,0.08621002906976744,0.0005257510729613734,0.14265289272840775,0.42323867505106744,0.07159292749878896,0.0,0.016315294070018117,0.0,0.0,0.0,0.04086176806884516,0.0,0.040736333729964304,9.490624618680261e-05,0.04086176806884516,0.013280267255067741,0.04797277004705176,0.0,0.029586278123164778,0.03340947093474388,0.6959903808402041,0.009381440856648741,0.023559918091168093,0.04025063280634051,0.008351500558574388,0.10619388864286003,0.4215505140453958,0.4911115915814564,0.4317583939079266,0.15547370612030662,0.48437913688112255,0.31462745037555717,0.32132889803512527,0.2915694709299747,0.4955698473598499,0.48846978419614967,0.48846978419614967,0.1660839160839161,0.1660839160839161,0.0,0.00014632005072428425,0.48414789538474834,0.5272362657660035,0.5109480872859201,0.5086218253677816,0.20438185959826052,0.39938349156186453,1.0
0.5384615384615384,0.3629553966632618,1.0,0.45225617557327036,0.25267241246078315,0.4513523512002631,0.601743542249693,0.0018758091975818372,0.0,0.0003189401373895976,0.5991648435080569,0.08949675357925567,0.01138823718949181,0.5308929113156032,0.0001279440458039684,0.6291783502451029,0.0,0.47781347866758855,1.0016226286584267e-05,0.5945504195818135,0.0,0.0,0.0,0.00954617697377079,0.0025189845420363222,0.0,0.0,0.022646735367194817,0.0015795404241619381,0.026458850516921723,0.020520429586563308,0.0005686695278969957,0.06961477275015607,0.0,0.09857904085257549,0.0004552914394621208,0.005819661346315395,0.0,0.0,0.0,0.2930833884977232,0.0,0.292173704366607,0.0055723524546822676,0.2971254337927023,0.009630255913224589,0.30022024226649313,0.1907829075306876,0.03288714282821328,0.0,0.7040145268943856,0.013787875198407998,0.1216724537037037,0.027988713224615127,0.042646883371837,0.380510487539756,0.41013221480606094,0.4911115915814564,0.38666205145955923,0.15547370612030662,0.48437913688112255,0.31462745037555717,0.32132889803512527,0.2915694709299747,0.45241657235915983,0.4459347691236165,0.4459347691236165,0.3269230769230769,0.3269230769230769,0.0,0.00014632005072428425,0.5209651642442175,0.4937991450736186,0.5186736381582457,0.522747566420259,0.17365914267964383,0.38786928984962893,1.0
0.6634615384615384,0.3643173306094654,0.25,0.061743430764688516,0.4737240679398082,0.5087245149621835,0.0,0.0018758091975818372,2.1245857057873714e-05,0.00040480863591756626,0.002097881140048551,0.0,0.005145348544500721,0.002315704317929012,0.0015033425381966287,0.008845897803151035,0.02379140465414347,0.002806361085126286,0.0,0.022254778847495462,0.0027980251619509127,0.0,0.0,0.008756567425569177,0.0009215797105010936,0.012427057464921155,0.0,0.0018736507677894997,0.003571572296671898,0.0016340382742041919,0.0021196705426356583,0.003572961373390558,0.011679655248796795,0.02379140465414347,0.015299531729371872,0.0,0.0,0.0,0.0,0.022025316455696203,0.03139355278730618,0.0,0.03129718325350719,0.007416245237740147,0.0368096928847967,0.005753407708329037,0.036630293322654925,0.01336571011122658,0.029930540086267995,0.0,0.6959494830519566,0.011786027338845323,0.007523148148148149,0.000529067596165816,0.015217084783999826,0.03706872257337252,0.45336972985569,0.4911115915814564,0.431619937694704,0.15547370612030662,0.48437913688112255,0.31462745037555717,0.3195106137061991,0.2904252960219965,0.4961439730602556,0.4890356843583018,0.4890356843583018,0.3304195804195804,0.3304195804195804,0.0,0.00014632005072428425,0.47645400945943034,0.5260013721040688,0.5236888438350318,0.5139574032057381,0.17577138123835165,0.38173658511313446,1.0
0.21153846153846154,0.3735103847463398,1.0,0.058852475150083655,0.5324424433190976,0.5660761262742519,0.0012482635043991222,0.003180719943725724,0.0,0.0,0.0042656916514320535,0.0005427769698707576,0.010945193479202118,0.0013044797249469108,0.002942713053491273,0.0155332755038228,0.14437056915127972,0.0008947817952576565,0.00525851880045674,0.026560226434650877,0.010593972080575014,0.0014863949361456868,0.0,0.10785256572487169,0.0,0.12106161408672368,0.0,0.0006720703840984075,0.024135780111875726,0.0009112905759984916,0.0007065568475452197,0.00030042918454935627,0.02589661491371151,0.14437056915127972,0.0,0.0,0.0,0.0,0.0,0.0,0.014613548374154982,0.0,0.01456868881800638,9.490624618680261e-05,0.014613548374154982,0.005660610809807601,0.014385824406847532,0.0,0.041159555294546485,0.0,0.6957449941107186,0.0022742886925209067,0.007378472222222223,0.0015457072907589526,0.00048807470796863306,0.014010225854503,0.45375255913047824,0.4911115915814564,0.4320179993077189,0.15561850119003448,0.48437913688112255,0.3145349106220214,0.32132889803512527,0.291604949221695,0.49579618537635595,0.4885296390209927,0.4885296390209927,0.3304195804195804,0.3304195804195804,0.0,0.00014632005072428425,0.4800606872124917,0.5254208665364927,0.5226858026996746,0.5166727658640122,0.1721267343135225,0.38128974601406573,1.0
0.6442307692307693,0.37623425263874705,1.0,0.11039759866154905,0.5337148980233163,0.5888739312726078,0.07214761722603637,0.008573671386773505,0.0,0.0762512266928361,0.1420065733609055,0.0,0.0007350497920715314,0.00508645970269997,0.0006503822328368393,0.006384781424623268,0.3177694556814996,0.20045145808760725,0.0,0.022254778847495462,0.19985604363297207,0.007037625003791823,0.0,0.03347742020388123,0.08167653780934359,0.31030853031650163,0.0,0.0037880330740092056,0.0043663728922693065,0.005729608564036493,0.0004340277777777778,0.0005793991416309013,0.01381421293219759,0.3177694556814996,0.03713870498950428,0.0,0.005303482687772639,0.0,0.0,0.031597347799879445,0.019317566347716194,0.0,0.01925826675599196,9.490624618680261e-05,0.019317566347716194,0.010888169426515165,0.024156572229452396,0.0,0.029586278123164778,0.0,0.6959167648213586,0.0036957191253464737,0.013955662393162394,0.007821901323706377,0.002201759238169611,0.02378316357341278,0.45378030038227446,0.4911115915814564,0.43204684435214025,0.15557325273074454,0.48437913688112255,0.3147585483597329,0.32132889803512527,0.2918178189720165,0.4956912970272434,0.4885894938458357,0.4885894938458357,0.3304195804195804,0.3304195804195804,0.0,0.00014632005072428425,0.4793101958836361,0.5294949601562088,0.5191911647014885,0.5165117470540876,0.1726982812176434,0.3815941146757503,1.0
0.15384615384615385,0.37929860401770515,1.0,0.03808680248007086,0.7106479215714557,0.7351405787569878,0.34687632124665285,0.05157455831829628,0.0001805897849919266,0.006292934249263984,0.3999760242155423,0.0,0.24496289508926325,0.7031449084841742,0.005203057862694715,0.0,0.0,0.0,0.0007712494240669886,0.164005660866272,0.0,0.08284376674722187,0.0,0.05930170170980836,0.0029613428030768473,0.0,0.0,0.48224104924442995,0.4402189222906354,0.15519173763211094,0.7845203488372093,0.005021459227467811,0.0,0.0,0.46970369772323595,0.07219016358727302,0.012479378156533709,0.0,0.0,0.0,0.0002708070048745261,0.6167207441055592,0.0002699757021868032,0.048768252504846996,0.0002708070048745261,0.0502752974656136,0.0,0.0,0.36305461614791107,0.0,0.7104273000916111,0.10288787282935727,0.18273682336182337,0.08419436491140711,0.6496057440970076,0.0,0.4209346582555191,0.46054664634628667,0.3644629052728741,0.15547370612030662,0.48437913688112255,0.2719743356416861,0.32132889803512527,0.24251186305379396,0.4617074719147644,0.45509255732459813,0.45509255732459813,0.29545454545454547,0.29545454545454547,0.0,0.00014632005072428425,0.3950230006695031,0.607699614755396,0.5232460118444219,0.5162628998023859,0.18929799130254713,0.394351694750612,1.0
0.7884615384615384,0.3830439223697651,1.0,0.07336876291703573,0.37600778927737966,0.41612031404143374,0.854748434637299,0.0018758091975818372,0.0032293702727968047,0.0,0.8530184513641222,0.19660815599205292,0.06882281272340982,0.11147739913034686,0.00639720229019842,0.37978858606846744,0.0,0.47291251474356366,0.06848093912137664,0.09680280651398274,0.616660415040399,0.06789892514434209,0.0,0.11416944211048459,0.0,0.8055206385218343,0.0,0.053368498228178074,0.1268562115175661,0.016319433533398275,0.011365471576227389,0.07542918454935622,0.2767474173865765,0.0,0.030720167931535605,0.0,0.009463275406617207,0.0,0.0,0.037166968053044,0.36542897835549937,0.03206792126324897,0.33465988061074503,0.010331222799191941,0.343262923512066,0.009413729816674571,0.34606066673340674,0.23411085616685015,0.04301249468419027,0.0,0.7066238057845832,0.033569448721897134,0.17311030982905984,0.07102991825386945,0.07851495135522077,0.5745501026611378,0.32857293452509756,0.4911115915814564,0.30185762086073614,0.15547370612030662,0.48437913688112255,0.31111093974119713,0.311279000930285,0.2812009401747306,0.37771950647271524,0.37230789321899244,0.37230789321899244,0.2674825174825175,0.2674825174825175,0.0,0.00014632005072428425,0.4458512407403408,0.5220908755079423,0.5548311369577975,0.5097782331845129,0.1921143093808242,0.390815837531894,1.0
0.5961538461538461,0.3840653728294178,1.0,0.0155988583800807,0.6356349136842973,0.6509320536007893,0.05401759648875556,0.017748825070597708,0.004185433840401122,0.0007360157016683021,0.07544380176022217,0.24675869979313025,0.21128150393201295,0.0790170896956214,0.028478212195199967,0.5603881301567449,0.9219770096527417,0.20525074226217108,0.002854624491676516,0.059777950527218,0.2456990500907331,0.011213686967248754,0.0,0.005992934006863529,0.002691012754663193,0.2672941513116882,0.0,0.39855810353957066,0.1678236548754477,0.007656935759251694,0.058159722222222224,0.03953862660944206,0.6637366841861496,0.9219770096527417,0.09903318262554496,0.0018741066229022183,0.00568808639413783,0.0,0.0,0.0018685955394816154,0.0002708070048745261,0.07261518494484101,0.964373206411423,9.490624618680261e-05,0.967342681189946,0.006042109170395727,0.9656922614876364,0.6992972455730587,0.07982827403252263,0.025464202577021016,0.6297196047637744,0.04227571012295373,0.04413728632478632,0.014699780073861985,0.15955704508725693,0.906296549780587,0.48910601041961416,0.4911115915814564,0.46877812391831075,0.16363652817621563,0.4857029388403495,0.3164011289849932,0.32132889803512527,0.2998359129007938,0.5258439371773993,0.5183101350542503,0.5183101350542503,0.40559440559440557,0.40559440559440557,0.004872605922877703,0.0017233250418637923,0.4752013908386066,0.508797298010449,0.5429973856906578,0.5148796018443972,0.17948229447090497,0.3854602442720408,1.0
0.4519230769230769,0.3874702076949268,1.0,0.008869697864383427,0.48872048755106556,0.5015928148635318,0.0,0.0018758091975818372,0.0,0.0,0.0017482342833737925,0.0,1.0069175233856595e-05,0.0005662857720699768,0.00017059206107195788,0.000695971434911541,0.0014519165298193615,0.0,0.0,0.022254778847495462,0.0,0.0,0.0,6.073919601550874e-05,0.0,6.131771775454518e-05,0.0,0.00019347480754348094,0.0,0.0007855953241366307,0.0012415213178294574,0.0,0.0013995448961920296,0.0014519165298193615,0.0,0.0,0.0,0.0,0.0,0.0,0.0002708070048745261,0.0,0.0002699757021868032,9.490624618680261e-05,0.0002708070048745261,0.005588435444290929,0.0,0.0,0.029586278123164778,0.0,0.6959494830519566,0.0015043472080737248,0.007233796296296296,0.0,6.507662772915107e-05,9.058335681790733e-05,0.45345295361107874,0.4911115915814564,0.4317064728279681,0.15547370612030662,0.48437913688112255,0.31462745037555717,0.32132889803512527,0.2915694709299747,0.49552016340500704,0.48842081206673266,0.48842081206673266,0.3304195804195804,0.3304195804195804,0.0,0.00014632005072428425,0.4782951428633134,0.5260963639242175,0.5237688737128527,0.5166947229744565,0.17200248498653967,0.3812120348664016,1.0
0.5288461538461539,0.3881511746680286,1.0,0.03196043696486566,0.9231890702838037,0.9445649046366327,0.7423141194708973,0.10346514970792428,0.13032208719299737,0.005949460255152109,0.9653549914586268,0.21814513651352843,0.2125200124857773,0.17650925270502577,0.016675373969783882,0.619535615581691,0.0,0.0,0.0,0.06258845103550001,0.0,0.16964114179398768,0.0,0.11561705961552088,0.05405372195325748,0.0,0.0,0.41244755814427114,0.06489194736206688,0.07676837507463156,0.41498102390180874,0.010107296137339055,0.9692100122837755,0.0,0.44629016631680934,0.00014823442215045795,0.0301509063489975,0.0026534777830114617,0.0,0.013779385171790235,0.0002708070048745261,0.02845554834523037,0.0002699757021868032,0.08584947869354773,0.0002708070048745261,0.028045284886478464,0.0,0.7136095648684522,0.029586278123164778,0.13834821477360904,0.7094621122889675,0.1518916870010187,0.12811609686609687,0.12649902485580314,0.1518780030152171,0.0,0.47144592952612396,0.4883588480664877,0.4474039460020768,0.1644600501352929,0.4908856235107228,0.3310224100436479,0.32132889803512527,0.3105148787085902,0.4987496204697894,0.49498851875632555,0.49498851875632555,0.33916083916083917,0.33916083916083917,0.003992261155298959,0.0014306849404152238,0.5771926225082609,0.5213837141801678,0.440121645414288,0.529473761253019,0.1879063988403396,0.40495279047779403,1.0
0.6153846153846154,0.3966632618318012,0.25,0.028835744513335305,0.6438311705037787,0.6661768332785267,0.2744065715033522,0.02359033958263245,0.00720234554261919,0.0007482826300294406,0.30272424850900587,0.456885074657436,0.3367434273458661,0.16713520072808172,0.0,0.9539851929555587,0.0,0.377963964696791,0.02454977062841804,0.06835894675995137,0.4516884459808802,0.046078243020516295,0.0,0.03593735764250934,0.06801258263498071,0.5947614229798367,0.0,0.37221498105983464,0.4530061571894241,0.04854979103164378,0.08565487726098191,0.04285407725321888,0.9929519321774503,0.0,0.2423603261747134,0.0,0.0003339979555276662,0.0,0.008029342834021713,0.0,0.0002708070048745261,0.006327060350421803,0.0002699757021868032,0.009666879075884323,0.0002708070048745261,0.03581960282927433,0.0,0.0,0.029586278123164778,0.024731970142402814,0.8143567595864416,0.04824571794082111,0.14186030982905984,0.024119258060500436,0.08673629865833686,0.0,0.4402703107575026,0.4911115915814564,0.41799930771893384,0.15547370612030662,0.48437913688112255,0.3124373428752102,0.32132889803512527,0.28905051221783673,0.4839658836843413,0.4770320713034204,0.4770320713034204,0.32167832167832167,0.32342657342657344,0.0,0.00014632005072428425,0.5290963868431852,0.4287614122117262,0.5766792936029451,0.5231501134450707,0.20246841996272522,0.4107422709787719,1.0
0.6153846153846154,0.3966632618318012,0.0,0.027851589410491095,0.6466800265824545,0.6706624054587307,0.16839477339990738,0.02647541568543495,0.007319197756437495,0.0005642787046123651,0.2003176791440645,0.34997849374270323,0.2094086373385156,0.14998483163110526,0.011323048053651202,0.7147525771116177,0.0,0.19206287875706674,0.01608605941625433,0.14374414479060776,0.33307650976774367,0.046078243020516295,0.0,0.042345342822145506,0.01903369295421592,0.4409254887533086,0.0,0.48037758136124803,0.23302748601553383,0.039311190019797,0.029544169896640826,0.039002145922746784,0.8112728810487525,0.0,0.2410786371709995,0.0,0.00017205955284758562,0.0,0.012989879244569158,0.0,0.8686886923030631,0.0018170019467878,0.8643322101010908,0.016811963610233606,0.8793604942729334,0.026797682139690266,0.898027830613675,0.8074885017851814,0.029586278123164778,0.013398760669282302,0.6052136500458056,0.03283504299827059,0.0869613603988604,0.01608987924810158,0.056931203158385665,0.8577640001610372,0.4783645977241078,0.4911115915814564,0.45760932271835697,0.1634374349553398,0.4902038655017209,0.31576106235637064,0.3211597553068531,0.29277573284846337,0.5195561566700709,0.5121124400091415,0.5121124400091415,0.34965034965034963,0.34965034965034963,0.0015969044621195836,0.0005690224194833276,0.5106148629678423,0.47514380706105863,0.5350104038841167,0.5052623874698089,0.21540691654586872,0.4050305016254582,1.0
0.18269230769230768,0.39734422880490294,1.0,0.021577600629859264,0.49893618665416534,0.5170893620519565,0.01048944009341843,0.002263204575343304,0.0,0.0,0.01253733728933777,0.006523564713352313,0.006826900808554771,0.00819091920315502,0.00021324007633994734,0.021605374109862623,0.0632134417431009,0.007717492984097287,0.005819427472505459,0.029749446869580816,0.021208219705801848,0.006703944507922384,0.0,0.003350778980188899,0.0005406600968273082,0.03197718980899531,0.0,0.008665634801026435,0.016560022536118154,0.0009322397846421351,0.006581072351421189,0.0002682403433476395,0.032058639924283615,0.0632134417431009,0.0014330695947036977,0.0,0.0,0.0,0.00016815377662872697,0.0,0.03132334356382019,0.0,0.031227189552940234,9.490624618680261e-05,0.03132334356382019,0.006052419936898109,0.03144458904795275,0.0,0.05559830704116968,0.0,0.69537691401649,0.003115301698609367,0.008179754273504274,0.0003008423586040914,0.0028633716200826475,0.030355489351423168,0.45419641915921816,0.4911115915814564,0.4324795200184608,0.15569089872489844,0.48437913688112255,0.31468143189845305,0.32132889803512527,0.2918444276908067,0.4960832482265588,0.4889758295334588,0.4889758295334588,0.3321678321678322,0.3321678321678322,0.0,0.00014632005072428425,0.478835064682634,0.5255158583566415,0.5238702448914261,0.5167679133426041,0.17203561814040175,0.38130269787200977,1.0
0.7692307692307693,0.3987061627511066,1.0,0.09011170160417281,0.5978837069129836,0.6444015126603091,0.9736153335078217,0.0018758091975818372,0.0,0.007777232580961727,0.9742759812589284,0.46943039141388276,0.48052118051010445,0.5158155526342401,0.003422503225256155,0.0,0.0,0.0,0.0,0.03005840259921465,0.0,0.053378767808932526,0.0,0.11271170140611239,0.11374751173478163,0.0,0.0,0.4174982689096167,0.17721035051712342,0.12558003121432088,0.022720849483204134,0.14938841201716738,0.8729434744960632,0.0,0.2907011948974649,0.0,0.05565620477111019,0.0,0.019505838088932328,0.0,0.0002708070048745261,0.15776552022496215,0.0002699757021868032,0.058760524424800356,0.0002708070048745261,0.017332398490503786,0.0,0.7543034705573677,0.04602984953727141,0.05428355974251648,0.7440943593770449,0.1445831655255739,0.25883636039886043,0.07676667081621644,0.5325871213353724,0.0,0.31262726299261534,0.5084718054727916,0.3042690665743625,0.15547370612030662,0.48437913688112255,0.31462745037555717,0.32132889803512527,0.2915694709299747,0.37357365646305446,0.36822144108652827,0.36822144108652827,0.3041958041958042,0.3041958041958042,0.0,0.00014632005072428425,0.5150206250134981,0.5267824159586257,0.48926532572160275,0.5200980750933176,0.2095920480430731,0.4136111075133728,1.0
0.7692307692307693,0.3987061627511066,0.75,0.09011170160417281,0.6111697825493398,0.6576527047024006,0.7435623829752964,0.0018758091975818372,0.0,0.0077649656526005886,0.7459665737605019,0.47531900948323536,0.594504244157361,0.6462534128830013,0.0015673145610986129,0.0,0.0,0.0,0.0,0.0474396539695828,0.0,0.05333832168822108,0.0,0.01084194648876831,0.11374751173478163,0.0,0.0,0.480764530976335,0.37394864984506415,0.1358975164713153,0.131500322997416,0.15624463519313306,0.0,0.0,0.16326901340222832,0.00025411615225792787,0.09194052812161575,0.0,0.155847022101712,0.0,0.0002708070048745261,0.1627298291152931,0.0002699757021868032,0.09325216589611832,0.0002708070048745261,0.0216835419545089,0.0,0.7834837275823396,0.031388590753528685,0.06587906143102261,0.6827558565632771,0.14806567008599653,0.21148281695156695,0.10590688410307482,0.5885855594963069,0.0,0.35213080555046966,0.4795416312905726,0.3136956270912657,0.15547370612030662,0.48437913688112255,0.2881302342798094,0.32132889803512527,0.2610936183422768,0.4015622843578349,0.3958090739914462,0.3958090739914462,0.3094405594405594,0.3094405594405594,0.0,0.00014632005072428425,0.5354836619657474,0.5025172832339437,0.5111028117163741,0.5441411110297885,0.17852971629737005,0.41059980054138767,1.0
0.46153846153846156,0.4014300306435138,1.0,0.10551372896368467,0.6153116998861488,0.66821666392634,0.0,0.0018758091975818372,0.008105294467578822,0.049693326790971534,0.04983966194143915,0.0,0.05472596739601059,0.1469309333602993,0.03963066818777922,0.2388190676000081,0.6108162774862819,0.04334607719526579,8.012981029267414e-05,0.02592238234766489,0.04702912581989234,0.011233910027604476,0.07393863069434017,0.003694967757610115,0.000847853333661006,0.09440884610274805,0.0,0.012494399413465846,0.1206990220934444,0.28304475798426715,0.0995437661498708,0.018594420600858367,0.5211844781409211,0.6108162774862819,0.8934886161795575,0.0,0.00010121150167505036,0.0,0.013651984740044771,0.0,0.47248801428256204,0.0,0.47103760661540456,0.0020879374161096574,0.4739624079757678,0.03849009135339121,0.5047452197417159,0.0,0.04660699459306211,0.06704844755795018,0.6961703311084937,0.16622444386534316,0.0074563746438746446,0.010643595169924063,0.25929782318680245,0.470077297797818,0.4741090896985636,0.49326316122534003,0.45553824852890273,0.16407091338539923,0.48437913688112255,0.3112189027869889,0.3206100414399684,0.29563173533194376,0.5157967374202986,0.507171696285736,0.507171696285736,0.3374125874125874,0.3374125874125874,0.01755571251625055,0.005820286462143751,0.4588687558041596,0.5360546730698189,0.5209838339646801,0.5003513137671082,0.413708842410437,0.555718892875183,1.0
0.6538461538461539,0.4051753489955737,1.0,0.013064658990256864,0.5642847207554362,0.5787107448207826,0.0,0.0018758091975818372,0.0,0.0014965652600588812,0.002967003326640093,0.0,0.03450706352642655,0.01987056325209829,0.0006823682442878315,0.055001916443081646,0.20686305923819442,0.06746451376743808,0.00014022716801217975,0.02242420618310112,0.0675682525521842,0.0,0.0,0.005962564408855774,0.0006143864736673957,0.074644101746533,0.0,0.04110830516068592,0.05222544166767274,0.016989808209994864,0.021883074935400516,0.0044742489270386265,0.13447713405425,0.20686305923819442,0.037158889068302926,0.0,0.000556663259212777,0.0,0.16632510430788955,0.005545509342977697,0.16891336181821828,0.014146658014276444,0.1553160215580598,0.0026031427525523,0.1576497963932519,0.02282803703627328,0.17382120332365603,0.13274135961888692,0.029586278123164778,0.0,0.6955568642847795,0.01756651109900263,0.012664707977207977,0.005373666957135151,0.02734302975086498,0.17852973147067114,0.4514278422299528,0.4911115915814564,0.42960078458520823,0.15547370612030662,0.48437913688112255,0.31462745037555717,0.32132889803512527,0.2915694709299747,0.49350520301415995,0.4864347201514871,0.4864347201514871,0.32342657342657344,0.32342657342657344,0.0,0.00014632005072428425,0.4712707599939529,0.5258641616971871,0.5337672731152964,0.5205664934494619,0.17645061089252434,0.3881153751505653,1.0
0.9807692307692307,0.40823970037453183,1.0,0.13975002460387756,0.4920432943697743,0.5012023183163433,0.0,0.0018758091975818372,0.0,0.30412168792934247,0.0017482342833737925,0.0,0.0,4.0448983719284053e-05,0.055858237997249205,0.0,0.0,0.0,0.012790720967968109,0.022254778847495462,0.0,0.703934396392206,0.0,0.0,0.0,0.0,0.0,0.943973768889251,0.0,0.0007855953241366307,3.0281007751937984e-05,0.0,0.0,0.0,0.0,0.0,0.0,0.0,0.0,0.011332127787823991,0.0002708070048745261,0.6042613021847285,0.0002699757021868032,9.490624618680261e-05,0.0002708070048745261,0.7348689501577547,0.0,0.0,0.029586278123164778,0.0,0.6959494830519566,0.0014806567008599654,0.9910968660968661,0.791007925640068,0.0,0.0,0.45350288786431203,0.09112002910947163,0.4317583939079266,0.15547370612030662,0.48437913688112255,0.31462745037555717,0.32132889803512527,0.2915694709299747,0.4955698473598499,0.48846978419614967,0.48846978419614967,0.050699300699300696,0.050699300699300696,0.0,0.00014632005072428425,0.76339006111915,0.435088922898306,0.6863682441444806,1.0,0.416508593911783,1.0,1.0
0.8269230769230769,0.41300646918624445,1.0,0.20076764098021846,0.4647344587946196,0.557819179546202,0.12165535847309186,0.0018758091975818372,0.024783292258009685,0.056526005888125605,0.19180627566158182,0.0764701063023575,0.12664001691621438,0.20975831732227726,0.004744591698563829,0.41584797563091325,0.7136720471021749,0.39349046243950053,0.0003906328251767864,0.02433773844405908,0.39483581877718193,0.03708909269239714,0.0,0.005466527641395787,0.0,0.44101746532994046,0.0,0.15053358315343573,0.08120045072236307,0.015502414396296179,0.025991198320413435,0.013819742489270388,0.28312088443182504,0.7136720471021749,0.3411916680122719,0.0005505849965588438,0.0018521704806534216,0.0,0.0,0.0003616636528028933,0.9869109947643979,0.043813540990698674,0.9433750962413383,0.05221199343791097,0.984844837616096,0.013599901016641576,0.9904895384923416,0.5708670734342365,0.029586278123164778,0.19677380575075684,0.6895121711817825,0.14530572599559358,0.04469373219373219,0.028611145690692556,0.07586850182756863,0.9859595796932245,0.45893462496601695,0.4911115915814564,0.4374062536056305,0.15547370612030662,0.48437913688112255,0.31462745037555717,0.32132889803512527,0.2915694709299747,0.5009798779982887,0.4938023049548912,0.49324728748816504,0.3304195804195804,0.3304195804195804,0.0,0.00014632005072428425,0.5068192125780188,0.5190353052931552,0.5062903483967348,0.5215911586035278,0.17366742596810933,0.38684609307205126,1.0
0.3557692307692308,0.41334695267279536,1.0,0.09696388150772561,0.16651125890589502,0.21702359421243012,0.1676397753125692,0.0018758091975818372,0.20022095691340186,0.05197497546614327,0.39873727535189457,0.0,0.17181033701529508,0.33011426837900704,8.529603053597894e-05,0.501422202497428,0.341881283293948,0.2632997112295115,0.0012720607383962018,0.022254778847495462,0.2638051114648068,0.0004954649787152289,0.0,0.008341516252796534,0.0,0.27485666983474877,0.0,0.003665838458718586,0.0629099762565898,0.0011312572667567483,0.006106669896640826,1.072961373390558e-05,0.07297770796834412,0.341881283293948,0.02596681737445503,0.0,0.0,0.0,0.0,0.0,0.0002708070048745261,9.733939000648929e-05,0.0001799838014578688,0.0035928793199289555,0.0027682493831618226,0.008918813024560246,0.005726298928821704,0.00015433845394026072,0.029586278123164778,0.0,0.6959494830519566,0.0,0.024951032763532766,0.015623054898543508,0.009197496719053353,0.038608639639276944,0.4353933986917226,0.4700177715433821,0.38985231337256254,0.15547370612030662,0.48437913688112255,0.31462745037555717,0.32132889803512527,0.2915694709299747,0.4554693753622789,0.4489438344089064,0.4489438344089064,0.32867132867132864,0.32867132867132864,0.0,0.00014632005072428425,0.47724769453383153,0.5263549527679561,0.5237475324121005,0.5156115055258728,0.17350176019879893,0.381425740522478,1.0
0.5865384615384616,0.4187946884576098,1.0,0.029647672473181775,0.5320921319025516,0.5535288556395922,0.00011073305280959955,0.0018758091975818372,0.0007967196396702643,0.0004661432777232581,0.0029869831470215086,0.01890502427134752,0.011770865848378359,0.01885933865911619,4.264801526798947e-05,0.04922232757055536,0.1522609844995394,0.10954976206938626,0.00011017848915242694,0.022254778847495462,0.10936628785190743,1.0111530177861816e-05,0.0,0.019892086695079112,9.830183578678331e-05,0.1304227856639176,0.0,0.009174779031404016,0.01238480421747354,0.001791157339031518,0.0021802325581395344,3.2188841201716734e-05,0.024607825369016696,0.1522609844995394,0.02559341191668012,0.0,2.0242300335010073e-05,0.0,0.0,0.0,0.05488355298790396,0.0,0.05471507564319212,0.0012744553059370635,0.0557561533369441,0.006475161363495762,0.05624186605265793,0.03848172118243834,0.032664385087381786,0.0,0.6959167648213586,0.008339058539243325,0.00738960113960114,0.012811734926760446,0.014078243798739683,0.07211441684447845,0.4449197445585535,0.4876680254602408,0.4190665743625245,0.15547370612030662,0.48437913688112255,0.31462745037555717,0.3213852789445493,0.291604949221695,0.48339727842336255,0.4764226403595642,0.4764226403595642,0.3146853146853147,0.3146853146853147,0.0,0.00014632005072428425,0.48205299872578455,0.5267929706053089,0.5185669316544843,0.5156115055258728,0.17374197556429902,0.38161354246266627,1.0
0.9326923076923077,0.42288049029622066,1.0,0.01139159531542171,0.4874171230159752,0.5013461854653075,0.010096841088002576,0.0018758091975818372,0.0,0.0,0.0117681142046533,0.012494111381930646,0.0015204454603123458,0.03662655475781171,0.006727724408525338,0.05667628250388332,0.06658789602275003,0.03655386993126449,0.0,0.022513903007833524,0.03669873581979096,0.00517710345106525,0.0,0.0038164461496411326,0.0,0.046080264892540704,0.0,0.0057024153802289115,0.0018109380659181455,0.004409808419486953,0.009366925064599482,0.0013841201716738199,0.02155701886868443,0.06658789602275003,0.013775633780074278,0.0,0.0009109035150754532,0.0,0.00021019222078590873,0.007088607594936709,0.015566387835750536,0.0,0.015518603325700686,0.002006589205092398,0.01698060219453973,0.014837192996927392,0.025658224046451097,0.004403790552428773,0.03635001316295741,0.0007759478038491382,0.6969882868734459,0.005354054630309634,0.01524661680911681,0.004574878625669115,0.003741906094426187,0.031482748902934905,0.4503681264113362,0.4911115915814564,0.42849890388831197,0.15547370612030662,0.48437913688112255,0.31462745037555717,0.32132889803512527,0.2915694709299747,0.49245079908360706,0.48702782705220427,0.48702782705220427,0.32517482517482516,0.32517482517482516,0.0,0.00014632005072428425,0.48233375807183126,0.5295477333896247,0.5175425492183748,0.518414696625924,0.17255746531372954,0.38316776541594894,1.0
0.028846153846153848,0.4262853251617297,1.0,0.008476035823245744,0.49661794933878717,0.5093051216705031,0.0017515955626245746,0.0023855399577942926,0.0,0.0,0.003995964076282954,0.0018331524076767097,0.004158569371582773,0.0043381535038932145,0.001684596603085584,0.011851687478566098,0.02980934833980855,0.02271525602960914,0.0,0.022254778847495462,0.022647783376080942,0.0,0.0,0.0,0.0,0.022830630243942322,0.0,0.002647549997963423,0.003098716246126605,0.0008379683457457395,0.001736111111111111,0.0,0.007470951891902777,0.02980934833980855,0.0030276118197965444,8.470538408597597e-05,0.0002530287541876259,0.0,0.0,0.0,0.018063830214037832,0.0,0.01800837924586787,9.490624618680261e-05,0.018063830214037832,0.005609056977295692,0.017779557513264592,0.011678276348146395,0.029586278123164778,0.0014863225538518706,0.6958022510142653,0.0031982184738575253,0.007267183048433049,0.0009129009502468982,0.001203917612989295,0.01610370787873908,0.4544793799275399,0.4911115915814564,0.4327737394715587,0.15567279934118244,0.48437913688112255,0.3148819346977806,0.32132889803512527,0.29205729744112824,0.49623782053051424,0.48912818726942286,0.48912818726942286,0.3339160839160839,0.3339160839160839,0.0,0.00014632005072428425,0.480201066885515,0.5236582405403979,0.5232139998932935,0.5151357681329136,0.1738082418720232,0.3812444145112616,1.0
0.028846153846153848,0.4262853251617297,0.75,0.008476035823245744,0.49599460108287435,0.5086834100624794,0.0027783929614044974,0.0020491176560540722,0.0,0.0,0.004675277969251056,0.0020277328308379245,0.0034738654556805255,0.003428051370209324,0.0014606945229286394,0.010237840672974119,0.027676533023591143,0.01890226542481799,1.0016226286584267e-05,0.022254778847495462,0.018856256526190936,0.0,0.0,0.0,0.0,0.019008492503909007,0.0,0.001557981344955399,0.003018230109863576,0.0030690590662937707,0.0023821059431524544,0.0,0.009102076159407156,0.027676533023591143,0.002018407879864363,0.011075228969241359,0.0001113326518425554,0.0,0.0,0.0,0.017632544984052475,0.0,0.017578417942385183,9.490624618680261e-05,0.017632544984052475,0.00571216464231951,0.017459205125638203,0.011071211762648036,0.029586278123164778,0.0015956109769292139,0.6959494830519566,0.0034706593068157586,0.007267183048433049,0.0008610315780737789,0.0010086877298018417,0.015781633721164298,0.4544793799275399,0.4911115915814564,0.4327737394715587,0.1558447434864843,0.48437913688112255,0.3147585483597329,0.32132889803512527,0.2920839061599184,0.4962267796516603,0.4891173045739969,0.4891173045739969,0.3339160839160839,0.3339160839160839,0.0,0.00014632005072428425,0.4824363432175021,0.5197319119742466,0.5252254174891959,0.5154797628632072,0.17519155104576517,0.38262378738229996,1.0
0.028846153846153848,0.4262853251617297,0.25,0.008476035823245744,0.49478396604039915,0.5074759536336731,4.02665646580362e-05,0.0018758091975818372,0.0,0.0,0.001788193924136622,0.0,0.0012083010280627914,0.0022044696127009812,0.0010448763740657418,0.004347299832563394,0.01658188809228181,0.009059665676983773,0.0,0.022254778847495462,0.009032755142385013,0.0,0.0,0.0,0.0,0.009105681086549959,0.0,0.0010793857684004726,0.0028773793714032755,0.003697535325603075,0.0009790859173126614,0.0,0.007702531263215128,0.01658188809228181,0.002018407879864363,0.0009423473979564826,0.0002024230033501007,0.0,0.0,0.0,0.019658582576076708,0.0,0.01959823615874571,9.490624618680261e-05,0.019658582576076708,0.0056296785103004555,0.01939133046350986,0.014404922367757669,0.029586278123164778,0.000448082534617108,0.6960394581861014,0.0029376228945061714,0.007233796296296296,0.0006743018382505498,0.0018546838902808057,0.01823744917267201,0.4541908709088589,0.4911115915814564,0.4324737510095765,0.1558266441027683,0.48437913688112255,0.31462745037555717,0.32132889803512527,0.2919153842742472,0.49603908471114305,0.4889322987517548,0.4889322987517548,0.3321678321678322,0.3321678321678322,0.0,0.00014632005072428425,0.47862449517309896,0.525098949812655,0.5237848796884169,0.5157871624094269,0.1744460550838683,0.38231941872061553,1.0
0.028846153846153848,0.4262853251617297,0.0,0.008476035823245744,0.4943460767697166,0.5070392140743177,0.0,0.0018758091975818372,0.0,0.0,0.0017482342833737925,0.0,0.0005940813387975391,0.0008595409040347863,0.0006290582252028446,0.002007221964455024,0.013367645291785156,0.0077785008337739455,0.0,0.022254778847495462,0.007755395829320466,0.0,0.0,0.0,0.0,0.00781800901370451,0.0,0.0011608488452608855,0.0007344359934001368,0.003990824246614084,0.0007973998708010336,0.0,0.005739140941219115,0.013367645291785156,0.002018407879864363,0.0,6.072690100503021e-05,0.0,0.0,0.0,0.017301558644761388,0.0,0.017248447639712425,9.490624618680261e-05,0.017301558644761388,0.0056193677437980745,0.017038742616878565,0.013725833170420521,0.029586278123164778,0.00034972295384749893,0.6956141211883262,0.0027125630759754567,0.007233796296296296,0.0006120585916428066,0.0014425319146628489,0.016325133862071742,0.45394674789305195,0.4911115915814564,0.43221991461866843,0.15569089872489844,0.48437251787132646,0.31462745037555717,0.32132889803512527,0.29178234068029624,0.49587899196776064,0.48877449966807773,0.48877449966807773,0.3321678321678322,0.3321678321678322,0.0,0.00014632005072428425,0.47914282011964676,0.5259802628107023,0.5237688737128527,0.5176827929444485,0.173327811141023,0.3831224339131449,1.0
0.10576923076923077,0.4293496765406878,1.0,0.7856387166617459,0.4920432943697743,0.5012023183163433,0.0,0.2199386284164704,0.0002443273561655477,0.033059371933267905,0.0017482342833737925,0.8653093828728263,0.43509913103017733,0.4556274648599454,0.06566728150888679,0.0,0.0,0.0,0.0618802459985176,0.022254778847495462,0.0,0.0,0.0,0.0,0.0,0.0,0.01717447707390995,0.941499327929616,0.3163708801159,0.06382176413285988,0.3483628068475452,0.0,0.0,0.0,0.6963507185532052,0.005399968235480967,0.0007692074127303827,0.0,0.00024172105390379503,0.004966847498493068,0.0002708070048745261,0.35909582522171746,0.0002699757021868032,0.0003118348088994943,0.0002708070048745261,0.02349823685892809,0.0,0.0,0.337994370304368,0.4992513743019202,0.661783470749902,0.18818554405249815,0.21295183404558404,0.08593717581642392,0.136552457185002,0.0,0.5139510755283322,0.44279619678424714,0.4417618553132572,0.15951891838082916,0.48687450357426526,0.3258787420762836,0.32145575508132945,0.30520200452348223,0.49665737392696463,0.489541729695611,0.489541729695611,0.3304195804195804,0.3304195804195804,0.0,0.00014632005072428425,0.6581215040062199,0.2543933716818829,0.518545590353732,0.37646929664056206,0.34833712984054666,0.39499928764781306,1.0
0.23076923076923078,0.4307116104868914,1.0,0.01200669225469934,0.5030214359677094,0.5171664337389017,0.3412893354003503,0.0018758091975818372,0.0,0.00041707556427870464,0.3407758164254103,0.20027446080740635,0.03677262795404429,0.04143998382040651,0.0,0.2753827842892013,0.6443104898465976,0.14902184081018424,8.012981029267414e-05,0.022254778847495462,0.1486602933871311,0.00824089709495738,0.0,0.026674630250144257,0.0,0.18511818990097187,5.740132711868299e-05,0.003696387112541241,0.3775705259769005,0.015125328640710596,0.04854045542635659,0.023186695278969955,0.46549467367445985,0.6443104898465976,0.1559623768771193,0.0,0.0034816756576217323,0.0,0.0,0.0,0.27871055746123446,0.0,0.27785499305062544,9.490624618680261e-05,0.27871055746123446,0.022034108015589877,0.29389328261087194,0.0,0.029586278123164778,0.213757226696976,0.7237027221567858,0.0102816801307716,0.04691951566951567,0.01741773517573343,0.034045922406967535,0.32285921333387013,0.43840055038643566,0.4911115915814564,0.4160551517249336,0.15547370612030662,0.48437913688112255,0.30746333112266144,0.32132889803512527,0.2833296376779458,0.4856772199067046,0.47871888909445093,0.47871888909445093,0.29895104895104896,0.29895104895104896,0.0,0.00014632005072428425,0.4829168736366974,0.5303868278009394,0.5099183695246224,0.5099099758471785,0.19102091530337545,0.39007758162908474,1.0
0.75,0.4344569288389513,1.0,0.006532329495128432,0.49987378485727385,0.5117457250904308,0.0,0.0018758091975818372,0.0,0.0,0.0017482342833737925,4.0964299612887366e-05,0.0,4.0448983719284053e-05,2.1324007633994736e-05,6.051925520969922e-05,0.020607201505987903,0.0,5.008113143292133e-05,0.022254778847495462,6.082663395545463e-05,0.0,0.0,0.014698885435753114,0.0,0.014900205414354478,0.0,0.0,0.0,0.0009846128062512437,0.005894702842377261,0.0,0.006041200990756963,0.020607201505987903,0.0,0.0,0.0,0.0,0.0,0.0,0.006689936009307737,0.0,0.006669399754022138,9.490624618680261e-05,0.006689936009307737,0.005588435444290929,0.006407047752527781,0.0,0.029586278123164778,0.006721238019256621,0.6959494830519566,0.0015280377152874843,0.007233796296296296,0.0,4.3384418486100716e-05,0.006280446072708242,0.4535972081204192,0.4911115915814564,0.4318564670589592,0.15551895457959658,0.48437913688112255,0.31462745037555717,0.32132889803512527,0.29161381879462506,0.4956305721935466,0.4885296390209927,0.4885296390209927,0.3304195804195804,0.3304195804195804,0.0,0.00014632005072428425,0.4783923287907911,0.5260963639242175,0.5237688737128527,0.5168264656371221,0.17201076827500517,0.38133507751686985,1.0
0.6538461538461539,0.43479741232550223,1.0,0.057708394843027255,0.7897564820491156,0.8222367231173956,0.0,0.0020083391952370757,0.20761451516954194,0.011494111874386651,0.0017482342833737925,0.8973229830202978,0.0,0.8250075841844473,0.019010352805706305,0.0,0.0,0.15234676861756213,0.010557102506059816,0.022404273555382805,0.16273152137549296,0.08751529368939401,0.0,0.006701557960377798,0.16171880759873192,0.39376194418043764,0.0,0.29458066881186107,0.0,0.07418114780714158,0.7750121124031006,0.1386480686695279,0.0,0.0,0.0,0.0,0.2608726455674423,0.0,0.019926222530504148,0.002061482820976492,0.0002708070048745261,0.017488643737832578,0.0002699757021868032,0.0401453421370175,0.0002708070048745261,0.07957849586538264,0.0,0.0,0.029586278123164778,0.5129233560288958,0.8019729093050648,0.11424747103835493,0.41889245014245013,0.03568612805510602,0.29900541220620613,0.0,0.30388322042643856,0.4911115915814564,0.2761855313257182,0.15547370612030662,0.48437913688112255,0.31462745037555717,0.32177994531051785,0.29185329726373677,0.3465290237102873,0.3415642786405337,0.3415642786405337,0.28146853146853146,0.28146853146853146,0.0,0.00014632005072428425,0.4782951428633134,0.4821784790754129,0.5237688737128527,0.5080875356803044,0.2317581279768068,0.4203136939994042,1.0
0.7788461538461539,0.4375212802179094,1.0,0.11255043794902075,0.4920432943697743,0.5012023183163433,0.0,0.0018758091975818372,0.25975184838956406,0.039119234543670264,0.0017482342833737925,0.0,0.0,4.0448983719284053e-05,0.09902869145227154,0.0,0.0,0.0,0.08052044311785092,0.022254778847495462,0.0,0.0,0.0,0.0,0.0013270747831215749,0.0,0.0,0.0,0.0,0.3034702364118195,3.0281007751937984e-05,0.8087660944206009,0.0,0.0,0.0,0.22701042935041557,0.24441565539507912,0.0,0.001807653098758815,0.09351416515973478,0.0002708070048745261,0.0,0.0002699757021868032,0.14660303428827093,0.0002708070048745261,0.3112407976408966,0.0,0.0,0.3178449201109738,0.0,0.5702133228634996,0.7720380943355997,0.007233796296296296,0.0,0.0,0.0,0.5469132309126318,0.06513771627757357,0.06288219683858313,0.15547370612030662,0.9245432883240667,0.5995959097428937,0.27444817184901193,0.0,0.3240608352424853,0.3194179934486173,0.3194179934486173,0.32517482517482516,0.32517482517482516,0.0,0.00014632005072428425,0.4782951428633134,0.5260963639242175,0.5237688737128527,0.17881870745809852,0.7780327189894388,0.5560556411817276,1.0
0.7884615384615384,0.4402451481103167,1.0,0.012314240724338156,0.4935887859133597,0.5078870026307136,0.0011274638104250138,0.0020491176560540722,0.0016571768505141498,0.0,0.004595358687725397,0.013979067242897814,0.002980475869221552,0.0028921023359288096,0.0007996502862748025,0.02034455629299389,0.03607762246164938,0.003152072233294017,0.0,0.022254778847495462,0.0031427094210318227,0.0,0.0,0.00022271038539019872,0.0,0.0033929137157514997,0.0,0.0077899067247769955,0.01580546500865226,0.001749258921744231,0.006793039405684755,0.0018562231759656652,0.032934614067943374,0.03607762246164938,0.0009486517035362505,0.0,0.0,0.0,0.0,0.005340566606389391,0.1332571061764057,0.014352152282067921,0.11957923786859181,9.490624618680261e-05,0.11994744338127619,0.006609201328026726,0.12044248673540896,0.11195711448826513,0.032451752698406264,0.0006775882230795292,0.6973154691794268,0.0028428608656511332,0.008903133903133903,0.00020747748869247686,0.0024729118537077407,0.11982165143524297,0.45419641915921816,0.4911115915814564,0.4324795200184608,0.1557270974923304,0.48437913688112255,0.314704566836837,0.3213852789445493,0.2919419929930374,0.4960280438322891,0.48892141605632883,0.48892141605632883,0.3321678321678322,0.3321678321678322,0.0,0.00014632005072428425,0.4780629764810056,0.5253205973930022,0.5239556100944353,0.5155602722681695,0.1740401739490578,0.3818078203318266,1.0
1.0,0.44092611508341845,1.0,0.02065495522094282,0.7537825905529253,0.7708812890496548,0.06710423000261732,0.034335464007911015,0.01230135123650888,0.0,0.1117171656626807,0.1749380414968355,0.9751190679971403,0.05223986247345535,0.004318111545883933,0.0,0.0,0.41651075771749296,0.0,0.02393908588969284,0.4169868513092933,0.005500672416756828,0.0,0.020732312239960318,0.0,0.4468426485166222,0.0,0.5728992709054621,0.29050464807436915,0.43327153316783457,0.12959261950904394,0.0,0.0,0.0,0.027379702890360083,0.0,0.00018218070301509063,0.0,0.0,0.0,0.0002708070048745261,0.0,0.0002699757021868032,9.490624618680261e-05,0.0002708070048745261,0.011568680015672364,0.0,0.0,1.0,0.0,0.6991885878811674,0.01574234204354315,0.05405315170940171,0.01684717208182912,0.09584702654041802,0.0,0.46707945649339483,0.5127380305754922,0.46953386408215064,0.15987185636329085,0.48437913688112255,0.3130774095038327,0.32132889803512527,0.2940972992150428,0.5301443594910155,0.5225489449226784,0.5225489449226784,0.3374125874125874,0.3374125874125874,0.003439486533796026,0.0012355915394495114,0.44591603135865926,0.5285661512480869,0.5391666222056234,0.49735050867305863,0.5359039138538,0.6485966661917653,1.0
0.6730769230769231,0.4436499829758257,1.0,0.019535478791457533,0.8940926161565685,0.9103553518579415,0.0031911252491493686,0.0018758091975818372,0.11821194867000935,0.015456329735034345,0.12867004325631115,0.2398357331585523,0.4078217353216598,0.33553443219739104,0.03606955891290209,0.0,0.0,0.31429210558425186,0.0014122879064083814,0.029300962745918792,0.32194523575389544,0.23601322588147264,0.026615969581749048,0.15222254841420083,0.11529576564842348,0.8238750753696947,0.0,0.19109201254531383,0.3970682924866192,0.015711906482732615,0.1232437015503876,0.4327682403433476,0.0,0.0,0.5752563378007428,0.016326962782571865,0.022468953371861177,0.0,0.023478471061786004,0.015997588908981314,0.0002708070048745261,0.08393900064892926,0.0002699757021868032,0.028200713152649916,0.0002708070048745261,0.0172086692924752,0.0,0.802261572811738,0.31733865251817495,0.029136293592419756,0.6603929459494831,0.20312240885077348,0.05321848290598291,0.05153740819121125,0.3504810247399646,0.0,0.45657107031297683,0.4911115915814564,0.4349486558209299,0.1580528682998344,0.48437913688112255,0.31014698397519935,0.32132889803512527,0.28894407734267596,0.5002567004333545,0.493089488404488,0.493089488404488,0.3321678321678322,0.3321678321678322,0.004063917124753043,0.00034141345168999654,0.5368766602595945,0.4913821309831653,0.5002134130075228,0.5117982873453852,0.18934769103334023,0.3904402336515173,1.0
0.33653846153846156,0.4511406196799455,1.0,0.033289046353705345,0.5373777129816137,0.5865206757645511,0.7395055265859993,0.026546777991864695,0.0,0.0,0.7598025993746317,0.03740040554656617,0.10097368924511393,0.11648296086560826,0.001748568625987568,0.2557947186863287,0.0,0.31175011184772444,4.006490514633707e-05,0.11049652175646316,0.4006346245476019,0.17433289179651557,0.0,0.023587054452689226,0.0016342680199552726,0.6052365330962381,0.0,0.05486538226548817,0.4507927884421908,0.0022939383464789615,0.08145591085271318,0.002349785407725322,0.5902756801385449,0.0,0.02118319069917649,0.0,0.0015080513749582503,0.0,0.0,0.006244725738396624,0.821508094120479,0.061626649361886214,0.7620214180723734,0.02687202570603468,0.7841768470040722,0.007959911739838739,0.7847332065271799,0.5463066807972096,0.05128490715052348,0.07360575294259078,0.7185496008375868,0.03175712492004454,0.10120637464387465,0.02097597410680941,0.04125858198028178,0.8208965739361489,0.435892741224055,0.4911115915814564,0.4134475597092419,0.15547370612030662,0.48437913688112255,0.3170566189058716,0.32132889803512527,0.2943633864029447,0.4763035137596953,0.4684129765260259,0.4684129765260259,0.29895104895104896,0.3076923076923077,0.0,0.00014632005072428425,0.430231302507397,0.5029025278378806,0.5921890839246652,0.5132328185610773,0.17710499068130048,0.3821445686383712,1.0
0.019230769230769232,0.4525025536261491,1.0,0.05929534494636355,0.4681912082137724,0.5021785596843144,0.045551551269403454,0.0018758091975818372,0.0,0.006746810598626103,0.05244702850121377,0.020564078405669456,0.023642423449095284,0.09694610172919406,0.0024629228817263918,0.14292630772023965,0.23466976408859697,0.10370317647537315,0.0,0.022254778847495462,0.10339513995194696,0.00048535344853736713,0.0,0.00998147454521527,0.0,0.11479698725613433,0.08757146465226277,0.017616390371064317,0.01750573463720874,0.009343347055064994,0.0028968830749354,5.36480686695279e-05,0.1228679594836787,0.23466976408859697,0.024241078637171,0.0,0.0009210246652429583,0.0,0.0002837594980609768,0.002278481012658228,0.05823353593709254,0.004899415963659962,0.05352518273355398,0.00017625445720406197,0.05375017552305872,0.013661765615655868,0.0612273500850936,0.03204066303799813,0.029586278123164778,0.0,0.6954178118047377,0.023098244533415458,0.01295405982905983,0.008931905888211128,0.023080510634605582,0.08299448448005153,0.4416851145991112,0.5077387952264685,0.4376543209876543,0.15547370612030662,0.48437913688112255,0.31462745037555717,0.32132889803512527,0.2915694709299747,0.5012117364542218,0.49403084155883725,0.49403084155883725,0.3409090909090909,0.3409090909090909,0.0,0.00014632005072428425,0.4717350927585686,0.5445933822365296,0.513679773782212,0.5196223377003586,0.1724911990060054,0.3841844862645547,1.0
0.3942307692307692,0.45318352059925093,1.0,0.01631237082964275,0.5357600984993277,0.5516123396908911,0.0,0.0018758091975818372,0.0,0.0034102060843964666,0.004525429316390445,0.029176822399279025,0.028687080241257438,0.04642532106380827,0.0055122559733876385,0.10895483246252849,0.2091861256859054,0.06482084028144955,0.00023037320459143814,0.022812892423608202,0.06542918259141738,0.017290716604143705,0.0,0.004565562900499073,0.0003071932368336979,0.0882872939469193,0.0,0.011180807299091688,0.02927683206567669,0.0075207659030680106,0.023023659560723515,0.057113733905579396,0.12336132423125717,0.2091861256859054,0.042114080413369934,6.352903806448197e-05,0.0012955072214406447,0.0,0.0010089226597723617,0.0,0.12511283625203104,0.006154012545965823,0.11902928736413722,0.002684490963569559,0.12132153818378769,0.009125028354607882,0.12425668235058565,0.07034746730597084,0.029586278123164778,0.0,0.6953523753435414,0.019663120987420343,0.013310185185185187,0.0043570272625420145,0.02780941224959056,0.11906679012842708,0.45673196957339507,0.4911115915814564,0.43511595707857387,0.15695785558501732,0.48437913688112255,0.3146660086061971,0.32132889803512527,0.29305955918222537,0.4978553092826189,0.49072250214933233,0.49072250214933233,0.3356643356643357,0.3356643356643357,0.0,0.00014632005072428425,0.4770155281515237,0.5242862420180484,0.5266286080136584,0.5163726853546072,0.17258231517912612,0.3813804090196739,1.0
0.10576923076923077,0.45658835546475995,1.0,0.004477905717941147,0.5403553600222551,0.5512578099309439,0.011777970162475587,0.0030481899460704856,0.0,0.0,0.014585268878432783,0.025090633512893513,0.042441573610705545,0.021043583779957527,0.003785011355034065,0.09175727744043898,0.20151600112148035,0.0618517915971855,0.0005008113143292134,0.038918455620004386,0.07930779290558693,1.0111530177861816e-05,0.0,0.0027433870200338113,0.00607013835983387,0.08776609334600566,0.0,0.03499857439615494,0.06118958509396756,0.008243513601273712,0.011799499354005167,0.001502145922746781,0.11615215771562054,0.20151600112148035,0.007447925076699499,0.0,0.00047569405787273664,0.0,0.02884888230286597,0.0007594936708860759,0.2664941525746725,0.027233398226260003,0.2404983551480367,0.0008405981805116804,0.24179053579667412,0.007712453343781577,0.24313745119631597,0.13348218419780014,0.029586278123164778,0.06120151692331231,0.6962194084543909,0.03431569969913056,0.014178240740740741,0.013600149383791858,0.013807091183201553,0.24744353637425018,0.45184950925725575,0.4911115915814564,0.430039229260413,0.15598048886435417,0.48437913688112255,0.31364035967117543,0.32132889803512527,0.2909308616790101,0.4943222280493527,0.4872400396130113,0.4872400396130113,0.31993006993006995,0.31993006993006995,0.0,0.00014632005072428425,0.49203075394682855,0.5251200591060213,0.5129061516299418,0.5190660909024372,0.1737668254296956,0.3846896087243715,1.0
0.8846153846153846,0.45692883895131087,1.0,0.009583210313945477,0.4879631966947087,0.5011303847418612,0.000614065111035052,0.0018758091975818372,0.002443273561655477,0.0,0.004655298148869642,0.0,0.0,8.089796743856811e-05,0.0,4.034617013979948e-05,0.0028237273200624824,0.0003457111481677309,0.0,0.022254778847495462,0.0003446842590809096,0.0,0.0,0.002470060637964022,0.0,0.002841054255960593,0.0,0.0,0.0,0.0008170191371020959,4.037467700258398e-05,0.0,4.027467327171309e-05,0.0028237273200624824,0.0,0.0,0.0,0.0,0.0,0.0,0.0002708070048745261,0.0,0.0002699757021868032,9.490624618680261e-05,0.0002708070048745261,0.005588435444290929,0.0,0.0,0.029586278123164778,0.0,0.6959494830519566,0.0014806567008599654,0.007233796296296296,0.0,8.676883697220143e-05,8.05185393936954e-05,0.453458501861438,0.4911115915814564,0.43171224183685236,0.15547370612030662,0.48437913688112255,0.31462745037555717,0.32416203873368477,0.2933522550889175,0.49441607551961136,0.48733254252413233,0.48733254252413233,0.32517482517482516,0.32517482517482516,0.0,0.00014632005072428425,0.4782681467723474,0.5260963639242175,0.5237688737128527,0.5166581277903828,0.17206875129426383,0.38123146265331764,1.0
0.7596153846153846,0.4589717398706163,1.0,0.08445280976281863,0.6910923019066214,0.7350018497204867,0.01006664116450905,0.07635766787982587,0.0,0.0,0.08472442832738934,0.07424779304835835,0.20310533364212138,0.08946303974112652,0.028531522214284954,0.3927699663109479,0.9287159049945929,0.547718306422093,0.003195176185420381,0.05258227192090733,0.5810058697701768,0.0,0.0,0.013403115920755595,6.143864736673958e-05,0.5992784948544215,0.0,0.12050425644576597,0.17757253813030704,0.011375420293498412,0.036226178940568475,0.00030042918454935627,0.3434322076562154,0.9287159049945929,0.04874455029872436,0.005103499391180052,0.0030363450502515106,0.0,0.0,0.0,0.0002708070048745261,0.18758382003028337,0.0002699757021868032,0.014263052998359477,0.0002708070048745261,0.008795083826531663,0.0,0.8506003765858277,0.029586278123164778,0.31283811105889553,0.6934465384112029,0.07869986496410887,0.04039797008547009,0.052305074899373416,0.04454495168060391,0.0,0.49336151844515835,0.4911115915814564,0.4732029537325487,0.16928353589560277,0.4854249404289118,0.3214753921372056,0.32132889803512527,0.31158809703312784,0.5227745728559994,0.5152847457258213,0.5152847457258213,0.3374125874125874,0.3374125874125874,0.01756594908331542,0.005852802028971369,0.5651685635919919,0.4962319911340967,0.4673584804993864,0.5156554197467613,0.18154483329881965,0.38775919905710476,1.0
0.17307692307692307,0.459993190330269,1.0,0.015795689400649543,0.6378964829764107,0.6532750328839197,0.0,0.0018758091975818372,0.0007011132829098326,0.005495583905789991,0.0068930380315880965,0.0,0.09617069265856434,0.08213166144200629,0.019212930878229256,0.19639506969800893,0.49648536067609245,0.08568552487086671,0.012810753420541277,0.022892622934481452,0.09904603562413196,0.007411751620372711,0.0020585599767503813,0.0034317645748762437,0.00039320734314713323,0.11199681147867677,0.1240901889651689,0.058897804570078614,0.17800515111272083,0.02098063245660895,0.013061208010335916,0.011995708154506438,0.38889224511166154,0.49648536067609245,0.15061359599547877,0.00012705807612896393,0.00578929789581288,0.0,7.356727727506805e-05,0.0018083182640144665,0.4769613448075264,0.03710793856802942,0.4411902928736413,9.490624618680261e-05,0.4425487954103227,0.025364485595859198,0.4606467113825208,0.23476936690366193,0.029586278123164778,0.02519098151932766,0.6938146185054312,0.09888417711023194,0.007256054131054131,0.019606622681439062,0.08889467347802037,0.43451829783807727,0.46927101538529825,0.4911115915814564,0.44815391715703234,0.16132885675242759,0.48437913688112255,0.3141416166694943,0.32132889803512527,0.2967493015211317,0.5080349995859671,0.5007563473321072,0.5007563473321072,0.3618881118881119,0.3618881118881119,0.006571876055645978,0.002276089677933311,0.4801470747035829,0.53543194891551,0.515803233207064,0.52122520676279,0.1828453095879064,0.39369762592443885,1.0
0.46153846153846156,0.4613551242764726,1.0,0.029733786044680643,0.4659914585834024,0.4876428395264716,0.19630956934909097,0.0018758091975818372,0.030562165377751336,0.002036310107948969,0.2269707595328718,0.007209716731868177,0.013522902339069406,0.3340378197997776,0.0015886385687326077,0.35529846079360916,0.5520286778547683,0.333397730507992,0.00032051924117069654,0.022254778847495462,0.3327318255086627,0.09990191815727474,0.0,0.014395189455675571,0.10018185839620554,0.5342306159364748,5.740132711868299e-05,0.004572115188790681,0.01167048975813916,0.007761681802469911,0.004330184108527132,0.0015879828326180257,0.028746048047685217,0.5520286778547683,0.02485669304052963,0.0002647043252686749,0.0009918727164154935,0.0,0.01568033967062879,0.0,0.12644681149826484,0.0,0.12605865472107508,0.01029054869368331,0.13397925818940443,0.01176458457921762,0.1394634097507258,0.0,0.029586278123164778,0.052698877607894996,0.6959494830519566,0.03962237331501268,0.09568643162393163,0.019067181210838623,0.02789618108656276,0.2053222754539233,0.4176057080399696,0.4911115915814564,0.39443290642667583,0.1565325200676917,0.4854117024093195,0.31045544982031864,0.3216953739463817,0.2866557275267196,0.4629109277098457,0.4562787711260325,0.4562787711260325,0.2867132867132867,0.2867132867132867,0.0,0.00014632005072428425,0.49066475174394747,0.5284817140746213,0.5089793522915221,0.5164751518700139,0.17745288879685236,0.3852789182608245,1.0
0.46153846153846156,0.4613551242764726,0.75,0.029733786044680643,0.49935346937093344,0.5209121177244328,0.21486238901528115,0.007391096023080608,0.028469448457550776,0.0017051030421982333,0.24853897563460903,0.007854904450771152,0.02137685902147755,0.2568409343715239,0.0011941444275037052,0.2864275483649715,0.5719850202266993,0.35807540570220037,0.0004807788617560448,0.02242420618310112,0.3576606076580732,0.09990191815727474,0.0,0.004069526133039085,0.10015728293725885,0.5489264289583141,5.740132711868299e-05,0.004205531342918822,0.015111272083383637,0.009091956551341273,0.006520510335917312,0.0005686695278969957,0.03433415896413541,0.5719850202266993,0.4568060713709026,0.0,0.00032387680536016117,0.0,0.013347206019905203,0.0,0.1256945698180578,1.081548777849881e-05,0.12529872311491966,0.012324253969114796,0.13473149986961147,0.02902480770420473,0.15696265892481728,0.0,0.029586278123164778,0.049802734396345395,0.6959494830519566,0.040202790741749775,0.07105813746438747,0.014928005311423711,0.01827568628726993,0.16793147872297598,0.4479268962532666,0.36557699507986646,0.2886235144802123,0.15775422846852066,0.48437913688112255,0.30050742631522126,0.3217376596284498,0.2778216328883764,0.3671589058489056,0.3618985950440205,0.3618985950440205,0.1346153846153846,0.1346153846153846,0.0,0.00014632005072428425,0.497872708031877,0.5281175787640509,0.5031318358853972,0.517726707165337,0.1762766618347484,0.3854731961299849,1.0
0.125,0.4664623765747361,1.0,0.006889085719909457,0.491440552667776,0.5034836402499179,0.0,0.0018758091975818372,0.0,0.0,0.0017482342833737925,0.0,0.0,0.00035392860754373547,0.0,0.000312682818583446,0.004756278287339288,0.0038028226298450402,0.0,0.022254778847495462,0.0037915268498900055,0.00018200754320151267,0.0,0.0005061599667959062,0.0003194809663070458,0.004782781984854523,0.0,0.0,0.0,0.0008484429500675612,3.0281007751937984e-05,0.0,6.041200990756963e-05,0.004756278287339288,0.0,0.0,0.0,0.0,0.0,0.0,0.0003610760064993681,0.0,0.00035996760291573756,9.490624618680261e-05,0.0003610760064993681,0.005588435444290929,9.009910901992191e-05,0.0,0.029586278123164778,0.0,0.6959494830519566,0.001539882968894364,0.007233796296296296,0.0,4.3384418486100716e-05,9.058335681790733e-05,0.45350288786431203,0.4911115915814564,0.4317583939079266,0.15547370612030662,0.48437913688112255,0.31462745037555717,0.32132889803512527,0.2915694709299747,0.4955698473598499,0.48846978419614967,0.48846978419614967,0.3304195804195804,0.3304195804195804,0.0,0.00014632005072428425,0.47830594129969983,0.5260963639242175,0.5237688737128527,0.5167093610480861,0.17203561814040175,0.38125089044023364,1.0
0.40384615384615385,0.4725910793326524,1.0,0.03557720696781813,0.4920432943697743,0.5012023183163433,0.0,0.03132805252265753,0.017889011642729668,0.030004906771344455,0.07186741391194892,0.0,0.3399152175445309,0.06672059864495905,0.12501199475429411,0.5252768755925844,0.0,0.484615853906536,0.0370500210340752,0.027855847236341165,0.5422795794852039,0.005308553343377453,0.0,0.10973548080135247,0.03929615885576663,0.6954859940113028,1.0,0.17473829986558592,0.05293975612700712,0.027244445841058354,0.10119912790697674,0.03335836909871245,0.0,0.0,0.5308210883255289,0.004351739107417016,0.01740837828810866,0.0,0.00019968260974661327,0.0,0.0002708070048745261,0.18138654553320355,0.0002699757021868032,0.04593462315441246,0.0002708070048745261,0.0663497824428268,0.0,0.0,0.3970555476802819,0.20919989945465076,0.6907554639445099,0.22464523465447395,0.0074563746438746446,0.10570978048881696,0.2778229698803674,0.0,0.5674805949943685,0.4911115915814564,0.5502711434175608,0.2107130252214912,0.48437913688112255,0.315591406141555,0.32132889803512527,0.34681804071133976,0.5745894173176186,0.566357235360054,0.566357235360054,0.3479020979020979,0.3479020979020979,0.07402061644606865,0.024077777235851663,0.6614690192860073,0.377228349780991,0.47877607640185665,0.4968162189855815,0.21542348312279974,0.3975702314497015,1.0
0.38461538461538464,0.47667688117126317,1.0,0.02031050093494735,0.567241761242163,0.5846863696152582,1.006664116450905e-05,0.0018758091975818372,0.019015042066796974,0.0002576054955839058,0.019849951548935575,0.18434958933289636,0.06769506509721789,0.03111538072605926,0.0008103122900917999,0.28114220007665774,0.4599371169944327,0.014611379997559685,0.0007912818766401571,0.022254778847495462,0.015368862846078203,0.0,0.01612942287665593,0.017553627648482024,0.06905703964021528,0.09744407313159803,0.0,0.02884811209319376,0.2461467262264075,0.03885030742963685,0.0240734011627907,0.033068669527897,0.36646932076763533,0.4599371169944327,0.027611819796544486,0.0,0.010617086525712782,0.0,0.0,0.0,0.30971294457483295,0.0,0.3087622114009739,9.490624618680261e-05,0.30971294457483295,0.017342709257006164,0.32027229952948244,0.0,0.029586278123164778,0.26797521338564606,0.7099937835361864,0.022873184714884743,0.03363158831908832,0.0018672973982322917,0.012939402813479538,0.3199504810982729,0.45462918268723956,0.4825633210110268,0.4235779393100265,0.15547370612030662,0.48437913688112255,0.31099526504927744,0.3216953739463817,0.28762251097609653,0.4901984597973999,0.4831753528713992,0.4831753528713992,0.31993006993006995,0.31993006993006995,0.0,0.00014632005072428425,0.44201779582316486,0.528101746794026,0.5571359974390439,0.5160726048452023,0.17839718368192173,0.3856609980701732,1.0
0.7692307692307693,0.4770173646578141,1.0,0.02689203818521799,0.7259688944068661,0.7457456428806314,0.15810666612977914,0.054571775188345516,0.09759284439534291,0.001189892051030422,0.30302394581472714,0.025520758658828833,0.21137212650911763,0.07139245626453636,0.0013540744847586655,0.30933408646184263,0.0,0.4487025663968764,0.0011118011178108537,0.03363630927465168,0.46214048924889245,0.07767677482633446,0.0,0.009809380156504661,0.0,0.5542917292618369,0.0,0.15891409718545071,0.329630971065234,0.005897202233185641,0.0425952842377261,0.011888412017167381,0.5455506554703076,0.0,0.20144719844986275,0.03845624437503309,0.006983593615578475,0.0,0.0,0.0023146473779385173,0.0002708070048745261,0.34600908500973393,0.0002699757021868032,0.000949062461868026,0.0002708070048745261,0.008382653166436391,0.0,0.5874121556966323,0.036866406107612236,0.0,0.7016833529642718,0.0801449859041482,0.023671207264957268,0.03217975849620316,0.4425319146628488,0.0,0.5223122888197207,0.4911115915814564,0.5033056420906887,0.18271327861286324,0.48437913688112255,0.32293289325539426,0.32110337439742903,0.3276686327553328,0.5415606282260068,0.5338016519931656,0.5338016519931656,0.36363636363636365,0.36363636363636365,0.0,0.00014632005072428425,0.5399326177569488,0.4697081640192094,0.5135143787013818,0.5079777501280831,0.18591840960861464,0.384372288204743,1.0
0.34615384615384615,0.4811031664964249,1.0,0.3761932880621986,0.4920432943697743,0.5012023183163433,0.0,0.12044937863820329,0.0005630152120336535,0.0001594700686947988,0.0017482342833737925,0.0,0.19559372891766436,0.13275356456669027,1.0662003816997368e-05,0.0,0.0,0.6385589945906373,0.0,0.04840638641392094,0.6632637544226032,0.04947571716027786,0.0,0.012107346405758076,4.9150917893391654e-05,0.730886756394927,0.0,0.1363691906643314,0.12796289589118273,0.014716819072159548,0.40746124031007747,0.029721030042918452,0.7106063352061057,0.0,0.27360528015501373,0.0,0.0,0.0,0.0,0.011332127787823991,0.044743335138713376,1.081548777849881e-05,0.04459598636122749,0.0382336591781119,0.07294738320194177,0.01195017837626049,0.07871658824707177,0.0032205290722201073,0.04269860877665499,0.0,0.697896217772543,0.011395133969818293,0.014167111823361824,0.055427611104195196,0.05216976322953611,0.1354623777124683,0.4224548788539534,0.4004398061477938,0.3002826814353294,0.15547370612030662,0.48437913688112255,0.31612350972438574,0.32137118371719336,0.29331677679719725,0.36867150625189765,0.3633895243173829,0.3633895243173829,0.32167832167832167,0.32167832167832167,0.0,0.00014632005072428425,0.4769831328423645,0.6197055253575386,0.4282185349197033,0.5136646417331479,0.17698074135431766,0.3824230335841677,1.0
0.34615384615384615,0.4811031664964249,0.75,0.3761932880621986,0.4920432943697743,0.5012023183163433,0.0,0.11846142867337471,0.0005523922835047166,0.00018400392541707554,0.0017482342833737925,0.0,0.16960518763908047,0.15137020932349074,2.1324007633994736e-05,0.0,0.0,0.9418493512831984,0.0,0.04840638641392094,0.96565322735982,0.10485656794442703,0.0,0.015964285352742878,0.0003809196136737853,0.0,0.0,0.15010590199991855,0.20295585335425972,0.020278833967046894,0.33975290697674415,0.04182403433476394,0.7484041160716084,0.0,0.2703152753108348,0.0,0.0015991417264657956,7.850525985241012e-05,0.001965297264348247,0.011332127787823991,0.0002708070048745261,0.0010599178022928835,1.0,0.012324253969114796,0.0002708070048745261,0.017538613820551417,0.0,0.48385105310271737,0.6279844474595493,0.0,0.8593443266588142,0.018585202909194284,0.20801059472934474,0.07889331507531432,0.0804672501870953,0.0,0.12856405732452272,0.0,0.4317583939079266,0.15547370612030662,0.48437913688112255,0.3148510881132687,0.31167366729625345,0.2857510310878531,0.4955698473598499,0.48846978419614967,0.48846978419614967,0.2727272727272727,0.2727272727272727,0.0,0.00014632005072428425,0.31569228775673286,0.5238060055939627,0.6876700634903697,0.517938959232965,0.1755642990267136,0.3850975922496082,1.0
0.34615384615384615,0.4811031664964249,0.25,0.3761932880621986,0.3619850293385811,0.5286090101940151,0.0,0.11816578483245149,0.0006267527832072745,0.0003434739941118744,0.0017482342833737925,0.0,0.21433246402787148,0.5154717362726262,0.000437142156496892,0.0,0.0,1.0,0.0,0.048396420100061795,0.0,0.15683994458881464,0.0,0.042608546004879386,0.004116389373571551,0.0,0.0,0.0,0.7742967523844018,0.02812431260409138,0.16459746447028423,0.05433476394849786,0.0,0.0,0.19683513644437267,0.0,0.0017813224294808863,0.00037682524729156853,0.0037204023079105844,0.011332127787823991,0.0002708070048745261,0.002552455115725719,0.0002699757021868032,0.008012798785200049,0.0002708070048745261,0.016476604870806096,0.0,0.0,0.5998865960592131,0.0,0.8056046329014528,0.034872426618653904,0.4986200142450143,0.09906012697622307,0.1966941073113591,0.0,0.45350288786431203,0.33676283690785686,0.4317583939079266,0.15547370612030662,0.48437913688112255,0.3207119391705353,0.32392241986863246,0.30019956539092646,0.4955698473598499,0.48846978419614967,0.48846978419614967,0.2762237762237762,0.2762237762237762,0.0,0.00014632005072428425,0.4601861650433018,0.5744683096733336,0.49159152750360136,0.515091853912025,0.17737833920066268,0.38399668432436634,1.0
0.028846153846153848,0.48484848484848486,1.0,0.009103434701308926,0.4948869988099715,0.5078407596185466,0.0070265155328273175,0.0029666330244364925,0.0,0.0032630029440628068,0.012447428097621404,0.030508162136697867,0.01759084913354747,0.0399939326524421,0.006215948225309465,0.09341147041617075,0.11639363960427765,0.04898930329035669,0.0,0.024706492056847853,0.051347816830729615,0.00015167295266792723,0.0,0.0010933055282791573,0.01683418937848664,0.0670100458860921,0.0,0.029540548246507273,0.008793110386735884,0.0025034304329153963,0.011405846253229972,0.0,0.05101794236694255,0.11639363960427765,0.0024826416922331665,0.0,2.0242300335010073e-05,0.0,0.0,0.0,0.07745080339411446,0.009149902660609993,0.06874381305682488,0.00012202231652588907,0.06897554713044873,0.005660610809807601,0.06864551006106717,0.0414141518073033,0.029586278123164778,0.0,0.6968574139510536,0.017673118381464546,0.018952546296296297,0.0037449686708992073,0.015650928968860833,0.0841418736664117,0.44516386757436044,0.49177604691265575,0.42381446867428174,0.15547370612030662,0.48437913688112255,0.3145194873297654,0.3225692780424548,0.29221694975386936,0.4875652101907312,0.4805798300122974,0.4805798300122974,0.29545454545454547,0.29545454545454547,0.0,0.00014632005072428425,0.4823499557264109,0.5260594226608264,0.519457930960892,0.5162263046183122,0.1746448540070408,0.3828698726832364,1.0
0.15384615384615385,0.48552945182158663,0.0,0.030939376045664796,0.5047884479658755,0.5268414995067413,0.002899192655378606,0.007227982179812622,0.0,0.002355250245338567,0.011788094025034716,0.0030723224709665524,0.005165486894968433,0.022600869653149964,0.0009809043511637577,0.031621310847067846,0.09142067529138463,0.039075527717899704,0.0,0.030177998365524525,0.047018988047566435,3.0334590533585446e-05,0.0,0.007734124292641446,0.0,0.055237044077219445,0.0,0.01044763960734797,0.011801279729566582,0.0011103080581131048,0.015009286175710594,0.00011802575107296138,0.03750578948428281,0.09142067529138463,0.025371387049895045,0.0,0.0,0.0,0.0,0.0,0.13330725562175283,0.012059268873026174,0.12174904258616723,9.490624618680261e-05,0.12212392930934184,0.007990844039345885,0.1239563519871859,0.09964090586383233,0.02968753164172455,0.0,0.6944935217903416,0.011442514984245812,0.007834757834757835,0.005093572347400307,0.012885172290371914,0.12169370747614638,0.4551229769692128,0.4911115915814564,0.43344294450213444,0.15602573732364416,0.4846306592533757,0.3166941715378565,0.3193696614326389,0.29291764601534437,0.49633718844019986,0.4892261315282569,0.4892261315282569,0.3321678321678322,0.3321678321678322,0.0,0.00014632005072428425,0.4772206984428655,0.5284553274579133,0.5224830603425279,0.516738637195345,0.17220956719817768,0.38141278866453393,1.0
0.47115384615384615,0.4919986380660538,1.0,0.30150821769510877,0.4920432943697743,0.5012023183163433,0.0,0.0018758091975818372,0.0,0.03579489695780176,0.0017482342833737925,0.0,0.0,4.0448983719284053e-05,0.024885116908871855,0.0,0.0,0.9108980355472405,0.0031050301488411225,0.023978951145129462,0.9130888778499813,0.0,0.04298757598508149,0.0,0.8830945417905678,0.0,0.0,0.0,0.0,0.34608092679299035,3.0281007751937984e-05,0.27837982832618025,0.0,0.0,0.0,0.00017999894118269892,0.015920569213485423,0.0,0.019211568979832058,0.19062085593731165,0.0002708070048745261,0.0,0.0002699757021868032,0.009165231774611224,0.0002708070048745261,0.1449796877899903,0.0,0.7867865704966611,0.029586278123164778,0.41425776767467026,0.6989350215940322,0.2164838549193338,0.8667312143874644,0.12581434914311798,0.1362487662555993,0.0,0.0,0.5437143053014043,0.017757009345794376,0.15547370612030662,0.48437913688112255,0.31462745037555717,0.25733656583880693,0.25130160982748684,0.12446934776008171,0.12268606688504609,0.12268606688504609,0.32517482517482516,0.32517482517482516,0.0,0.00014632005072428425,0.5030883528065137,0.4134255105810333,0.7147521741450141,0.6560345458537655,0.26585214330089046,0.5778730458884327,1.0
0.7788461538461539,0.4943820224719101,1.0,0.02759324869599449,0.5120419549437699,0.5326732571522526,0.010298173911292759,0.0018758091975818372,0.1585259624373247,0.005078508341511285,0.16518316500334662,0.007680806177416381,0.14131080523194345,0.057518454848821926,0.0,0.20645135260535397,0.430097729002283,0.275572456989466,0.0,0.02763658833143973,0.28023844040510537,8.089224142289453e-05,0.0,0.03943998461273701,0.0,0.322388120714147,0.0,0.03127163862979105,0.02256630045474667,0.011427793315107522,0.05126574612403101,0.0,0.11484323083428986,0.430097729002283,0.007296544485709672,0.0,0.000293513354857646,0.0,0.0,0.006039783001808318,0.6601271789934003,0.039865887951546615,0.621254087132158,0.024336673129330095,0.6411004794286975,0.028705173942630897,0.6620682751026129,0.3272798361954542,0.32028512990826435,0.023311220642397348,0.70342559874362,0.020160621638909287,0.01413372507122507,0.01106892402174364,0.015054393214676949,0.6865815854100407,0.4419514306163551,0.4911115915814564,0.41974731741086874,0.15547370612030662,0.48437913688112255,0.31462745037555717,0.32132889803512527,0.2915694709299747,0.4840762924728808,0.4771408982576804,0.4771408982576804,0.3269230769230769,0.3269230769230769,0.0,0.00014632005072428425,0.48846726993931283,0.5226977676922264,0.5173131302352878,0.5169142940788991,0.18016980741354316,0.3877915787019648,1.0
0.019230769230769232,0.494722505958461,1.0,0.24654315520125972,0.08745936645149989,0.2006535679052943,0.0,0.0018758091975818372,0.0,0.018657998037291464,0.016942887683439725,0.0008602502918706347,0.15727044797760614,0.6184245120841338,0.00542695994285166,0.7803352766738617,0.20416950374494333,0.05937080571033473,0.0,0.025553628734876117,0.06255005525085919,1.0111530177861816e-05,0.0,0.0012552767176538472,0.0,0.06433250554414364,0.0,0.09649301454115923,0.0010060767032878586,0.02015313871518503,0.02688953488372093,9.656652360515021e-05,0.14191787994119898,0.20416950374494333,0.3607904085257549,0.0011964635502144103,0.0037448255619768633,0.0,0.0,0.0005545509342977698,0.20547230747627934,0.005678131083711875,0.1995920367166955,0.006101115826294453,0.20464985657258633,0.009259068319138844,0.20755831414556014,0.12367654775746227,0.029586278123164778,0.031879433011661074,0.7090531344064913,0.04192035251474734,0.05525507478632479,0.013081455662060665,0.03595483682035597,0.2902995289665446,0.40851212570116013,0.4911115915814564,0.38497750086535126,0.15547370612030662,0.48437913688112255,0.31462745037555717,0.32132889803512527,0.2915694709299747,0.4508046040464821,0.44434589559142,0.44434589559142,0.3129370629370629,0.3129370629370629,0.0,0.00014632005072428425,0.4825443275813663,0.5255897408834239,0.5234434188763805,0.5213057161677522,0.18210809691447505,0.39318602753565,1.0
0.15384615384615385,0.49710589036431735,1.0,0.009841551028442082,0.515534765832273,0.5287426011180533,0.0,0.0018758091975818372,0.00019121271352086342,2.453385672227674e-05,0.00194803248718794,0.0,0.00013089927804013575,0.0011426837900697746,0.0,0.001240644731798834,0.0550927223935595,0.001403180542563143,0.0,0.022254778847495462,0.0013990125809754564,0.041194373944609036,0.0015015378653943957,0.006488970774323517,0.0,0.05022943046059825,0.0,0.0,0.00349108616040887,0.0032576019440865617,8.074935400516796e-05,0.0,0.005920376970941823,0.0550927223935595,0.011101243339253997,0.0,0.0,0.0,0.0,0.0,0.0009227497943872741,0.0,0.0009199172074513294,9.490624618680261e-05,0.0009227497943872741,0.008506382364464974,0.003483832215436981,0.0,0.029991292197403856,1.0928842307734342e-05,0.6961539719931946,0.001753097533818199,0.007233796296296296,0.0001244864932154861,0.002668141736895194,0.00350255646362575,0.45350288786431203,0.4911115915814564,0.4317583939079266,0.15547370612030662,0.48437913688112255,0.31465829696006914,0.32132889803512527,0.291604949221695,0.495547765602142,0.4884480188052977,0.4884480188052977,0.3304195804195804,0.3304195804195804,0.0,0.00014632005072428425,0.4776742327710948,0.5268615758087498,0.5237688737128527,0.5169069750420844,0.17371712569890246,0.3827403541037962,1.0
0.2403846153846154,0.5059584610146408,1.0,0.04689499065052652,0.6026489725057054,0.6311040776060506,0.10736072801948902,0.008736785230041491,0.16997747939151864,0.0010426889106967614,0.27571153135333315,0.27900784466337586,0.2783019342885624,4.0448983719284053e-05,0.013668688893390625,0.0,0.0,0.12510676373693416,0.0005008113143292134,0.03501166058721521,0.13821838789144475,0.5750123866244679,0.0,0.31764574876243884,0.0,0.0,0.00013776318508483917,0.1459512850800375,0.3710511489395951,0.06672322953000451,0.8348171027131782,0.0,0.0,0.0,0.0,0.0,0.0,0.0,0.0,0.0,0.168953481374496,0.0,0.16843484086432223,9.490624618680261e-05,0.168953481374496,0.008815705359536428,0.17149864851336472,0.0,0.029586278123164778,0.1837794122468607,0.6959494830519566,0.00942882187107626,0.15897658475783477,0.022905514751649442,0.013514246358420374,0.3480011272595515,0.3567136603472096,0.49093229411113276,0.3309218876197069,0.15547370612030662,0.48437913688112255,0.3127997902432253,0.32137118371719336,0.2894939908643399,0.4003698694416075,0.39463374288543784,0.39463374288543784,0.2517482517482518,0.2517482517482518,0.0,0.00014632005072428425,0.5217048571366867,0.5302232307773497,0.5017073040601824,0.5509990485252141,0.18532201283909713,0.4219780077452111,1.0
0.2403846153846154,0.5059584610146408,0.75,0.04689499065052652,0.6915971624775259,0.7198187273923052,0.5454307515754294,0.011152909033448531,0.16774666440044192,0.0010058881256133463,0.7106822109669234,0.2284271757163632,0.26131523566904635,0.6803013449287086,0.013636702881939631,0.0,0.0,0.1510452678244601,0.0010016226286584267,0.03501166058721521,0.1645867337111343,0.5750123866244679,0.0,0.2741261148173269,0.0,0.0,9.184212338989278e-05,0.16618467679524254,0.3604370397199082,0.01761828446930417,0.7709645510335916,0.0,0.0,0.0,0.0,0.0,0.00043520945720271654,0.0,0.0,0.0,0.30584140739403426,0.0,0.30490255876971073,9.490624618680261e-05,0.30584140739403426,0.009888025075784134,0.3091700870958054,0.0,0.029586278123164778,0.29063070348957937,0.6959494830519566,0.009772334225675772,0.19855101495726496,0.011846964604340428,0.09444787904424126,0.5468617899271307,0.3233908686895588,0.4911115915814564,0.29646936656282447,0.15547370612030662,0.48437913688112255,0.3359193053349168,0.32369689623093617,0.3175484500421305,0.34994065527616003,0.34492703152716864,0.34492703152716864,0.2097902097902098,0.2097902097902098,0.0,0.00014632005072428425,0.5050536682288406,0.5265766003483033,0.48364722829856477,0.49859474493156697,0.20579830192586457,0.39161885272442337,1.0
0.5096153846153846,0.5069799114742934,1.0,0.013888888888888888,0.5437605930566216,0.5585847583031898,0.008929110712919526,0.0018758091975818372,0.00912509560635676,0.0009445534838076545,0.019959840561033358,0.026503901849538127,0.01711759789755621,0.023480635049044393,0.0005224381870328709,0.06712594057009139,0.19671966996435297,0.051073738154309184,0.005168372763877481,0.027756184097749603,0.06248922861690372,0.04372225648907449,0.0,0.06229816871324013,0.00020889140104691457,0.1702486433454947,0.0,0.0002443892305812391,0.008521469676848163,0.004273638563303271,0.011779312015503876,0.006652360515021459,0.030085180933969672,0.19671966996435297,0.01228201194897465,0.0,4.0484600670020146e-05,0.0,0.0,0.009945750452079566,0.09485266092957012,0.0,0.09456148946594806,0.013246200360643733,0.1045816533269142,0.013104984224527253,0.11141255380919012,0.0,0.03204673862416719,0.04869892132326423,0.6958595079178118,0.00978417947928265,0.015814191595441597,0.03722146147143035,0.023373355459386763,0.11978139216554613,0.4492196385869716,0.4911115915814564,0.42730471904926726,0.15547370612030662,0.48437913688112255,0.3140645002082144,0.32132889803512527,0.2909219921060801,0.49171106020039196,0.4846662821447616,0.4846662821447616,0.32517482517482516,0.32517482517482516,0.0,0.00014632005072428425,0.4960315746279939,0.5195577603039738,0.5126980739476071,0.5164824709068286,0.17272313108303997,0.38158763874677826,1.0
0.4326923076923077,0.515832482124617,0.75,0.02873732900305088,0.47418256376440526,0.495391113120684,0.11069278624494151,0.0038025914711849198,0.0,0.0007114818449460254,0.11406479455749693,0.06532781680765212,0.018799150161610264,0.009556072403680857,0.015118721412502267,0.10696778358314338,0.2074538390675692,0.08569569284581283,1.0016226286584267e-05,0.022384340927664493,0.0856337628369542,1.0111530177861816e-05,0.0,0.0011034287276150754,0.0,0.08744928513760718,0.0,0.08032259378436724,0.02149985914926154,0.002398684389697179,0.0200359334625323,0.0,0.12244507541432571,0.2074538390675692,0.007548845470692718,0.0,0.0004959363582077468,0.0,0.0,0.010548523206751054,0.643226815911416,0.004975124378109453,0.6366527012568869,0.0026302588228913864,0.6404886561954625,0.007836182541810158,0.641195314846331,0.5920525985451028,0.029586278123164778,0.0,0.6932584085852638,0.010364596906019758,0.025340544871794872,0.0072720859786713134,0.04316749639367021,0.6468658158541005,0.4522767245349179,0.4971444241123457,0.43708318910811117,0.15547370612030662,0.48437913688112255,0.3145194873297654,0.32132889803512527,0.2914452969089539,0.5007480195423556,0.4936064164372232,0.4936064164372232,0.3374125874125874,0.3321678321678322,0.0,0.00014632005072428425,0.4744616979461374,0.5254841944165919,0.5282505468708317,0.5167971894898631,0.1731704286601781,0.38220932792809126,1.0
0.5096153846153846,0.5165134490977188,1.0,0.07996260210609192,0.5345391601798951,0.5769843390332128,0.000825464575489742,0.0018758091975818372,0.0,7.360157016683021e-05,0.0026273463801560425,0.0,0.0,0.009212256042066942,5.3310019084986835e-05,0.009198926791874281,0.15769816157327674,0.00019319152397608493,0.0,0.022254778847495462,0.000192617674192273,0.1577702053651779,0.0,0.0010831823289432392,0.0,0.16074439709354016,0.0,0.0,0.0,0.0007960699284584524,0.0002220607235142119,0.0,0.00020137336635856544,0.15769816157327674,0.017035362506055224,0.0,2.0242300335010073e-05,0.0,0.0,0.04227848101265823,0.0002708070048745261,0.0,0.0002699757021868032,9.490624618680261e-05,0.0002708070048745261,0.005588435444290929,0.0,0.0,0.029586278123164778,0.0,0.6959494830519566,0.0033285162635332023,0.008357816951566953,6.224324660774305e-05,0.0010520721482879423,0.0036233342727162933,0.45150551773498226,0.4911115915814564,0.429681550709588,0.15547370612030662,0.48437913688112255,0.31548344309576326,0.32132889803512527,0.2925539935252118,0.492969720389743,0.48590690942332593,0.48590690942332593,0.32867132867132864,0.32867132867132864,0.0,0.00014632005072428425,0.48089756603243855,0.5260963639242175,0.5211865763218267,0.5166800849008271,0.17203561814040175,0.3812185107953736,1.0
0.4326923076923077,0.5202587674497787,0.75,0.004305678574943411,0.49742160494145166,0.5083648470897731,0.0,0.002038923040849823,0.0,0.0,0.0019080728464251106,7.16875243225529e-05,0.0066154481286437835,0.0006269592476489029,0.0002985361068759263,0.007574993443747353,0.021638562903032003,0.0012303249684792775,0.0,0.022254778847495462,0.0012266704514350016,0.0027806707989119993,0.0,0.0,0.0,0.0040469693717999815,0.0,0.00931733941590974,0.0033401746549156907,0.0019482764038588442,0.004047561369509044,8.583690987124464e-05,0.01776113091282547,0.021638562903032003,0.0005853382851606652,0.0,0.0,0.0,0.0,0.0010126582278481013,0.013670738801628854,0.0,0.013628773410393064,9.490624618680261e-05,0.013670738801628854,0.006103973769410018,0.013875262789067975,0.0006790891973371473,0.029586278123164778,0.0,0.7041045020285304,0.002594110539906659,0.008725071225071225,0.0004149549773849537,0.0024295274352216403,0.015650791094649546,0.45256523355359884,0.49231393932362666,0.43209876543209874,0.15547370612030662,0.48437913688112255,0.314257291361414,0.32132889803512527,0.29114373142933164,0.4961605343785366,0.48905200840144086,0.48905200840144086,0.3356643356643357,0.3356643356643357,0.0,0.00014632005072428425,0.48118372459667846,0.5284922687213045,0.5176812676732647,0.5172436507355631,0.17230068337129842,0.38193086298229484,1.0
0.4326923076923077,0.5202587674497787,0.25,0.004305678574943411,0.49679825668553884,0.5077431354817494,0.0,0.0023141776513645493,0.0,0.0,0.00217780042157421,0.009411547836060873,0.014408989759648787,0.0017291940539993934,0.0005437621946668657,0.025902241229751266,0.0388813233468178,0.005643226095090902,0.0,0.022653431401861705,0.006021836761590009,0.0027806707989119993,0.0,0.0,0.0,0.008880849454783292,0.0,0.013329395951285081,0.007465089138395911,0.004713571944819784,0.005581799095607235,0.00040772532188841203,0.03034696631023581,0.0388813233468178,0.0005853382851606652,0.0,0.0,0.0,0.0,0.0010126582278481013,0.18505145333092615,0.0,0.1844833964943155,9.490624618680261e-05,0.18505145333092615,0.00571216464231951,0.18455300830914007,0.16742635483439483,0.029586278123164778,0.0,0.6959331239366576,0.006230603397218734,0.009114583333333334,0.0004564504751234491,0.01637761797850302,0.18513225170095415,0.4537359143794005,0.4911115915814564,0.432000692281066,0.15554610365517058,0.48437913688112255,0.3146351620216851,0.32132889803512527,0.29164042751341523,0.49575202186094014,0.4886493486706788,0.4886493486706788,0.3321678321678322,0.3321678321678322,0.0,0.00014632005072428425,0.48077878323218803,0.5261491371576337,0.5225204076188443,0.5184293346995535,0.17314557879478154,0.3836340323019337,1.0
0.4326923076923077,0.5202587674497787,0.0,0.004305678574943411,0.4965303714846507,0.5074759536336731,0.0,0.0023039830361603003,0.0,0.0,0.0021678105113835024,0.010077217704770292,0.008256723691762407,0.002042673677823845,0.00035184612596091315,0.020516027516088036,0.0330235911403052,0.005999105218204743,0.0,0.022653431401861705,0.006386796565322736,0.0027806707989119993,0.0,0.0,0.0,0.009248755761310564,0.0,0.013258115759032218,0.0037727876373294697,0.0022415653248698524,0.005652454780361757,0.00020386266094420602,0.024094323284802353,0.0330235911403052,0.0005853382851606652,0.0,0.0,0.0,0.0,0.0010126582278481013,0.11984714449058192,0.0,0.11947924686778189,9.490624618680261e-05,0.11984714449058192,0.0057740292413338,0.11952147362098309,0.10374630873864327,0.029586278123164778,0.0,0.6983542730009162,0.005342209376702755,0.009047809829059828,0.0005394414706004399,0.01086779683076823,0.11997262369660615,0.45360830462113777,0.4911115915814564,0.4318680050767278,0.15551895457959658,0.48437913688112255,0.31465829696006914,0.32132889803512527,0.29164042751341523,0.4956305721935466,0.4885296390209927,0.4885296390209927,0.3304195804195804,0.3304195804195804,0.0,0.00014632005072428425,0.4799850981577868,0.5259644308406776,0.5225310782692204,0.5171045890360828,0.17267343135224686,0.3821057130645391,1.0
0.8942307692307693,0.5284303711270003,1.0,0.017419545320342487,0.5091055210109575,0.5254901759289707,0.03122672089230707,0.009847998287304646,7.4360499702558e-05,0.0,0.040618974835416224,0.0493722221084325,0.011811142549313786,0.00977854181413692,0.0004904521755818788,0.07064614391478889,0.15642648295750392,0.06782039289055192,4.006490514633707e-05,0.024287906874763298,0.06972759805760283,0.0027907823290898607,0.0,0.0015184799003877185,0.0023223808704627555,0.07657560985580117,0.0,0.02272819844405523,0.04211437079962976,0.002671024102064544,0.01547359496124031,0.0,0.08184820475643892,0.15642648295750392,0.027399886969158727,0.0,0.0,0.0,0.0,0.0,0.24725682533951177,0.01662340471555267,0.23112919837214652,0.021679298236099622,0.24780846923833025,0.007454684181222033,0.24888377214936433,0.17284877918282934,0.030912699216297763,0.034119845684746616,0.6920151158225364,0.015351448674516122,0.01839610042735043,0.0056122660691314994,0.02483757958329266,0.2473630178348565,0.4550785909663388,0.49083737192096144,0.4330968039690781,0.15588999194577427,0.48406804342070425,0.31455033391427734,0.3214134693992614,0.2923677324936804,0.4963537497584808,0.4892424555713959,0.4892424555713959,0.3321678321678322,0.3321678321678322,0.0,0.00014632005072428425,0.4804062371768568,0.5188875402395905,0.5287627380888865,0.5164092805386811,0.17283909712155726,0.38161354246266627,1.0
0.8942307692307693,0.5284303711270003,0.75,0.017419545320342487,0.5084409596472158,0.5248324975337061,0.027391330608629125,0.010011112130572632,6.373757117362114e-05,0.0,0.036972657615808036,0.043688425537144374,0.010089313584324307,0.008595409040347862,0.0007676642748238103,0.06238526557866495,0.14327912844955343,0.06316346036523365,7.011358400608988e-05,0.022354441986087027,0.06314818381808782,0.003892939118476799,0.0,0.0017816830831215897,0.00288761642623676,0.07179282787094664,0.0,0.01790151114007576,0.04589721920399211,0.002911940001466444,0.0077115633074935405,0.0,0.07334018002778953,0.14327912844955343,0.017106006781850477,0.0,0.0,0.0,0.0,0.0,0.2265751940783535,0.009095825221717499,0.21748042676159146,0.010765079924617324,0.22604360995767386,0.008104262470872084,0.22779056962658925,0.16644887795943986,0.029829286567708224,0.028087124730877256,0.6952624002093967,0.01331406505413281,0.017249821937321937,0.004626747997842234,0.016572847861690474,0.22705221627279681,0.4545792484340064,0.49197643820301745,0.4338236990884966,0.15612528393408207,0.4847498014297061,0.315583694495427,0.3213429932624813,0.2928200807131137,0.49676778271550415,0.489650556649871,0.489650556649871,0.3339160839160839,0.3339160839160839,0.0,0.00014632005072428425,0.4756333282940631,0.5295635653596495,0.5228938803820092,0.5166947229744565,0.1728473804100228,0.38186610369257473,1.0
0.23076923076923078,0.5304732720463058,1.0,0.30646589902568644,0.5076785171523803,0.6447971473199605,0.0,0.0018758091975818372,0.42914506671199115,0.005937193326790971,0.0017482342833737925,0.35974847920037684,0.9113509812411266,0.5454949944382647,0.033510677996822724,0.0,0.0,0.1686155285313377,0.001392255453835213,0.024228108991608363,0.17153110775438205,0.3295549915568723,0.0,0.8704331716995839,0.7127497481015457,0.0,0.0,0.9828520223208831,0.7147068292486619,0.04000251390503723,0.2825419896640826,0.0636480686695279,0.0,0.0,0.0,0.0,0.2566723682479277,0.0,0.28636588159872206,0.04822182037371911,0.0002708070048745261,0.0,0.0002699757021868032,0.01595780739455238,0.0002708070048745261,0.12711112944136266,0.0,0.6927121382049409,0.029586278123164778,0.0,0.6959494830519566,0.16277747506574114,0.3058337784900285,0.04536495290261006,0.14794086703760345,0.0,0.4549842707102315,0.4911115915814564,0.4332987192800276,0.15547370612030662,0.48437913688112255,0.31462745037555717,0.32132889803512527,0.2915694709299747,0.49704380468685305,0.48992262403552106,0.48992262403552106,0.32867132867132864,0.32867132867132864,0.0,0.00014632005072428425,0.40550828240070835,0.5241754182278748,0.5836152163474364,0.49746029422527993,0.20989024642783186,0.3938141926459351,1.0
0.47115384615384615,0.5321756894790602,1.0,0.019203326444247614,0.49757615409581013,0.5147412446563631,0.0017012623568020294,0.0018758091975818372,0.0,0.0,0.0034365291056033405,0.0,0.0,0.0008292041662453231,0.0002239020801569447,0.000998567710960037,0.029068370248728322,0.0005185667222515963,0.0,0.022254778847495462,0.0005170263886213643,0.002922232221402065,7.265505800295463e-05,1.0123199335918124e-05,0.0,0.00351554915126059,1.1480265423736597e-05,0.01820699767830231,0.00011066843736166445,0.0009008159716766698,0.007570251937984496,0.0,0.025755653557260515,0.029068370248728322,0.0,0.0,0.0,0.0,0.0,0.0,0.003961806182423622,0.0,0.003949644531992121,0.001369361552123866,0.004904615754949751,0.00559874621079331,0.004635098608469316,0.0,0.029657155586156617,0.0,0.6982642978667715,0.0019426215915282748,0.007567663817663818,0.0001244864932154861,0.0002928448247811799,0.004005797334836346,0.4538635241376632,0.4911115915814564,0.43213337948540437,0.15566374964932445,0.48437913688112255,0.3145966037910452,0.32132889803512527,0.2917202536697858,0.49583482845234483,0.48873096888637374,0.48873096888637374,0.3304195804195804,0.3304195804195804,0.0003173335790109429,0.00022760896779333106,0.4779603913353347,0.5262388516544408,0.5239342687936829,0.5166654468271975,0.1721267343135225,0.3812832700850937,1.0
0.47115384615384615,0.5321756894790602,0.75,0.017394941442771383,0.4930324089576689,0.5094541269319303,0.0,0.0018860038127860863,0.0,0.0,0.0017582241935644998,0.004874751653933597,0.0,0.0013044797249469108,0.00019191606870595259,0.006233483286599019,0.02854768294148276,0.0007931020457965592,0.0,0.022254778847495462,0.0007907462414209102,0.0026694439669555196,0.0,1.0123199335918124e-05,0.0,0.0035053295316348327,1.1480265423736597e-05,0.021088754022239423,0.00013078997142742163,0.0009427143889639568,0.004148498062015504,0.0,0.025252220141364103,0.02854768294148276,0.0,0.0,0.0,0.0,0.0,0.0,0.0027281298268841147,0.0,0.0027197552220300176,0.0015727320796670148,0.0038314176245210726,0.00559874621079331,0.003553909300230253,0.0,0.04544257912962475,0.0,0.6846862321685644,0.0019307763379213948,0.007623308404558405,0.0001244864932154861,0.0002603065109166043,0.0029993155924151536,0.4538246863851485,0.4911115915814564,0.43209299642321447,0.15563660057375048,0.48437913688112255,0.31462745037555717,0.32132889803512527,0.2917291232427159,0.49579066493692897,0.48868743810466975,0.48868743810466975,0.3304195804195804,0.3304195804195804,0.0,0.00014632005072428425,0.4737867956719867,0.5255633542667159,0.5283092354479005,0.5160726048452023,0.17283081383309173,0.3813091738009818,1.0
0.9519230769230769,0.5372829417773238,1.0,0.059037004231866946,0.3827564356843694,0.4168602022361066,0.2973987799230909,0.0018758091975818372,0.000148720999405116,0.002588321884200196,0.29912788084035125,0.03604858365934088,0.02052097912659974,0.03317827889574275,0.0013007644656736787,0.09034516148554599,0.22339488124324108,0.047392931223817464,0.0,0.022753094540453267,0.047759045427357795,1.0111530177861816e-05,0.0,0.0003441887774212162,0.011611904352313778,0.058159855290186094,9.184212338989278e-05,0.044499205735000616,0.044659744858948046,0.028281431668918704,0.008397932816537466,0.046641630901287555,0.16732113010733202,0.22339488124324108,0.44683513644437267,0.0027635131558049657,0.00041496715686770646,0.0,0.0,0.0,0.16634571021644504,0.0,0.16583507484326412,0.012907249481405153,0.17582395538705342,0.010032375806817479,0.17953749124036442,0.11409727438290342,0.029586278123164778,0.0,0.6883343148802514,0.06471062045438393,0.011607460826210827,0.0027490767251753183,0.03931712925302878,0.1990820886509119,0.44326081770113795,0.49865263224506795,0.42935848621206874,0.15547370612030662,0.48437913688112255,0.31462745037555717,0.35765229893158174,0.3144263603707481,0.47905269259433053,0.4672376454200176,0.4672376454200176,0.31643356643356646,0.31643356643356646,0.0,0.00014632005072428425,0.46649245189296595,0.5485566520660721,0.5176385850717601,0.5234355558808461,0.17676537585421412,0.39090002460853013,1.0
0.9711538461538461,0.5461355124276472,1.0,0.000775022143489814,0.48919958992957707,0.4986897813219336,0.0,0.0018758091975818372,0.003155009773094247,0.0002576054955839058,0.004925025724018741,0.001935563156708928,0.0029502683435199822,0.001405602184245121,0.0002239020801569447,0.0064352141372980174,0.004676172547763048,8.134379956887786e-05,0.0,0.022254778847495462,8.110217860727285e-05,1.0111530177861816e-05,0.0,0.0009819503355840578,0.003563441547270895,0.0040469693717999815,0.0,2.0365769215103257e-05,0.0006338283230713509,0.0008379683457457395,4.037467700258398e-05,0.0,0.0007148754505729072,0.004676172547763048,0.00283586307120943,0.0,0.0,0.0,0.0,0.0,0.004814346753324909,0.0,0.0047995680388765016,9.490624618680261e-05,0.004814346753324909,0.006011176870888582,0.004945439983982381,0.0,0.03193535975375144,0.0,0.6959576626096061,0.00255857477908602,0.007578792735042735,1.0373874434623843e-05,0.0018112994717947048,0.005263899512862837,0.4533419886038938,0.4914965537971513,0.4320122302988347,0.15547370612030662,0.48437913688112255,0.31462745037555717,0.32132889803512527,0.2915694709299747,0.49581274669463693,0.48870920349552177,0.48870920349552177,0.34265734265734266,0.34265734265734266,0.0,0.00014632005072428425,0.47856510377297373,0.5260963639242175,0.5235021074534493,0.5166947229744565,0.17204390142886727,0.3812444145112616,1.0
0.9711538461538461,0.5461355124276472,0.75,0.000775022143489814,0.48897291783651786,0.4984585662610983,1.006664116450905e-05,0.0018758091975818372,0.0031656327016231834,0.00019627085377821392,0.004885066083255912,0.001935563156708928,0.002859645766415273,0.0017393062999292142,0.0002239020801569447,0.006667204615601865,0.004425842111587295,9.151177451498758e-05,0.0,0.022254778847495462,9.123995093318194e-05,1.0111530177861816e-05,0.0,0.0010224431329277305,0.003563441547270895,0.004098067469928769,0.0,2.0365769215103257e-05,0.0003219445450521148,0.0008379683457457395,5.046834625322998e-05,0.0,0.0004128154010350591,0.004425842111587295,0.0029165993864040045,0.0,0.0,0.0,0.0,0.0,0.00397183607149305,0.0,0.003959643632073113,9.490624618680261e-05,0.00397183607149305,0.0057740292413338,0.0038742616878566427,0.0,0.031358214697960754,0.0,0.6959985603978537,0.0025111937646585016,0.007578792735042735,3.1121623303871525e-05,0.0011605331945031942,0.004116510326502678,0.4533752781060493,0.4911115915814564,0.4316257067035883,0.15547370612030662,0.48437913688112255,0.31462745037555717,0.32132889803512527,0.2915694709299747,0.4954428772530293,0.48834463319875066,0.48834463319875066,0.32342657342657344,0.32342657342657344,0.0,0.00014632005072428425,0.47825734833596095,0.5260963639242175,0.5238168916395454,0.5167020420112712,0.17202733485193622,0.3812444145112616,1.0
0.4519230769230769,0.5556690500510725,1.0,0.006150969392776302,0.4879425901407942,0.4996865751397567,0.0070265155328273175,0.0018758091975818372,0.0,0.0,0.008721191596487548,0.0001228928988386621,0.00015103762850784893,4.0448983719284053e-05,9.595803435297629e-05,0.0003631155312581953,0.004395802459246205,0.0033554317322162116,0.0,0.022254778847495462,0.0033454648675500043,1.0111530177861816e-05,0.0,0.0,0.0,0.0033826940961257422,0.0,7.12801922528614e-05,7.042536923015011e-05,0.0012150541013313222,0.00048449612403100775,8.583690987124464e-05,0.0010874161783362534,0.004395802459246205,0.0,0.0,0.0,0.0,0.0,0.0,0.0002708070048745261,0.0,0.0002699757021868032,9.490624618680261e-05,0.0002708070048745261,0.005660610809807601,7.007708479327261e-05,2.05784605253681e-05,0.029586278123164778,0.0,0.695941303494307,0.0016938712657838004,0.00764556623931624,0.0002593468608655961,0.00045553639410405753,0.0012379725431780667,0.45285929082263915,0.4911115915814564,0.43108918887735087,0.15547370612030662,0.48437913688112255,0.31462745037555717,0.32132889803512527,0.2915694709299747,0.4949294763863204,0.48782226381830246,0.48782226381830246,0.3269230769230769,0.3269230769230769,0.0,0.00014632005072428425,0.4781979569358358,0.5249670167291149,0.5251720642373152,0.5169216131157139,0.17207703458272935,0.38147754795425404,1.0
0.8269230769230769,0.5590738849165815,1.0,0.03188662533215235,0.5670563022569328,0.5893363613942783,0.13295012985967103,0.02996197408528815,0.055281720064587404,0.013689892051030422,0.22434341315271575,0.092835343997706,0.006897385035191767,0.08481140661340884,0.002953375057308271,0.1856932480684271,0.579214563223455,0.31134339284988,0.0011618822492437749,0.07077079471386712,0.3609553836639937,0.0024469903030425594,0.0,0.02897259649939767,0.0,0.3955912560934482,0.0,0.10171683434483321,0.05063584047647792,0.004441232232452419,0.03751816860465116,0.0005579399141630902,0.1926740369318754,0.579214563223455,0.03019538188277087,0.03125628672772513,0.00021254415351760575,0.0,0.0,0.03105485232067511,0.4850053158412068,2.163097555699762e-05,0.4834864862162405,9.490624618680261e-05,0.4849752261739985,0.010073618872827005,0.48815697266993696,0.3120723538672072,0.032856766772645346,0.09876394793499525,0.7062393665750557,0.05729549169647722,0.034978187321937325,0.02670235279472177,0.016464386815475223,0.525836386327952,0.434178331863047,0.491696945087513,0.4123052959501557,0.15547370612030662,0.48437913688112255,0.3149821860974443,0.32132889803512527,0.29197747128475765,0.47670098539843775,0.4698712577131104,0.4698712577131104,0.3076923076923077,0.3076923076923077,0.0,0.00014632005072428425,0.5136114290650714,0.48365612961106125,0.5305607426772662,0.5150333016175072,0.17677365914267965,0.3834721340776335,1.0
0.9230769230769231,0.5621382362955397,1.0,0.05355033953351048,0.3815509522803727,0.4133662857612627,0.18775292435925828,0.0018758091975818372,0.0,0.0026005888125613347,0.19017792030049652,0.0,0.016271787177912257,0.03519061583577712,0.0002452260877909394,0.051592665066268584,0.08343012776865462,0.033157766299263834,0.0,0.022254778847495462,0.03305927555478959,0.0,0.0,0.0006883775548424324,0.000700400579980831,0.03461385167244075,0.0,0.028501894016537004,0.012294257314177633,0.005792456189967424,0.004521963824289406,0.0,0.049779496163837374,0.08343012776865462,0.019154690779912806,0.0,0.0025707721425462793,0.0,0.0,0.0,0.1332972257326834,0.0001189703655634869,0.1327680508754212,0.014195262822511762,0.14360795169605425,0.007300022683686305,0.14472920212233456,0.10222350265976601,0.029586278123164778,0.017857728330837916,0.6947634471927758,0.012698111866575063,0.008168625356125357,0.0015664550396282003,0.011952407292920747,0.1379785820685213,0.45765297913303044,0.4911115915814564,0.4360736125533633,0.15547370612030662,0.48437913688112255,0.31462745037555717,0.32132889803512527,0.2915694709299747,0.4996991360512297,0.49253991228547483,0.49253991228547483,0.3339160839160839,0.3339160839160839,0.0,0.00014632005072428425,0.4828736798911518,0.5266452055517441,0.5206530438030198,0.5193954475591012,0.17290536342928142,0.38430752891502284,1.0
0.9615384615384616,0.5652025876744978,1.0,0.0011194764294852869,0.49098205684317897,0.5006114353830977,0.0002717993114417444,0.0018758091975818372,0.0,0.0004784102060843965,0.00240756835596048,0.0005120537451610921,0.0,4.0448983719284053e-05,3.19860114509921e-05,0.000544673296887293,4.005286978812032e-05,0.0,0.0,0.022254778847495462,0.0,0.0,0.0,0.0,0.0,0.0,0.0,0.0,0.0,0.0007960699284584524,6.056201550387597e-05,0.0,4.027467327171309e-05,4.005286978812032e-05,0.0,0.0,0.0,0.0,0.0,0.0003134418324291742,0.0002708070048745261,0.0,0.0002699757021868032,9.490624618680261e-05,0.0002708070048745261,0.005588435444290929,0.0,0.0,0.029586278123164778,0.0,0.6959494830519566,0.001753097533818199,0.007289440883190884,0.0,0.00011930715083677698,0.0003925278795442651,0.4532865061003013,0.4911115915814564,0.4315334025614399,0.15547370612030662,0.48437913688112255,0.31462745037555717,0.32132889803512527,0.2915694709299747,0.4953545502221977,0.4882575716353426,0.4882575716353426,0.32342657342657344,0.32342657342657344,0.0,0.00014632005072428425,0.478284344426927,0.5261016412475592,0.5237688737128527,0.5166874039376418,0.17201905156347072,0.3812185107953736,1.0
0.9615384615384616,0.5652025876744978,0.75,0.0011194764294852869,0.4911829707438451,0.500811821769155,0.00015099961746763575,0.0018758091975818372,0.0,0.0004416094210009813,0.0022577197030998687,0.00027650902238698976,0.0,4.0448983719284053e-05,4.264801526798947e-05,0.0003025962760484961,5.00660872351504e-05,0.0,0.0,0.022254778847495462,0.0,0.0,0.0,0.0,0.0,1.021961962575753e-05,1.1480265423736597e-05,0.0,0.0,0.0008065445327802742,5.046834625322998e-05,0.0,5.034334158964136e-05,5.00660872351504e-05,0.0,0.0,0.0,0.0,0.0,0.0003134418324291742,0.0002708070048745261,0.0,0.0002699757021868032,9.490624618680261e-05,0.0002708070048745261,0.005609056977295692,2.0022024226649315e-05,0.0,0.029586278123164778,0.0,0.6959494830519566,0.0016938712657838004,0.007233796296296296,0.0,0.00013015325545830215,0.00030194452272635776,0.45334753685425305,0.4911115915814564,0.43159686165916694,0.15547370612030662,0.48437913688112255,0.31462745037555717,0.32137118371719336,0.2915960796487649,0.49539871373761357,0.48830110241704666,0.48830110241704666,0.32517482517482516,0.32517482517482516,0.0,0.00014632005072428425,0.47830054208150663,0.5260963639242175,0.5237688737128527,0.5167020420112712,0.17201076827500517,0.3812249867243456,1.0
0.34615384615384615,0.5692883895131086,1.0,0.006544631433913985,0.48930777433762807,0.5012074564288064,0.0,0.0018758091975818372,0.0,0.0,0.0017482342833737925,0.0001228928988386621,0.0,4.0448983719284053e-05,0.0,0.00012103851041939844,0.00013017182681139105,0.0,0.0,0.022254778847495462,0.0,0.0,0.0,0.0,0.0,0.0,0.0,0.0,0.0,0.0008274937414239177,0.00012112403100775194,0.0,0.00013089268813306753,0.00013017182681139105,0.0,0.0,0.0,0.0,0.0,0.0,0.0002908667830133799,0.0,0.00028997390234878864,9.490624618680261e-05,0.0002908667830133799,0.005588435444290929,2.0022024226649315e-05,1.028923026268405e-05,0.029586278123164778,0.0,0.6959494830519566,0.001492501954466845,0.007233796296296296,0.0,0.0,2.012963484842385e-05,0.45350288786431203,0.4911115915814564,0.4317583939079266,0.15547370612030662,0.48437913688112255,0.31462745037555717,0.32132889803512527,0.2915694709299747,0.4955698473598499,0.48846978419614967,0.48846978419614967,0.3356643356643357,0.3356643356643357,0.0,0.00014632005072428425,0.4782951428633134,0.5260963639242175,0.5237688737128527,0.5166947229744565,0.17201076827500517,0.3812185107953736,1.0
0.23076923076923078,0.5754170922710249,1.0,0.013273791949611258,0.5571136399931998,0.5716458401841499,0.06222190903783044,0.002620016107492023,0.0,0.00029440628066732086,0.06446489046063476,0.015464023103864981,0.0352622516689658,0.027191829305288705,0.0001599300572549605,0.0777874160295334,0.27736612328273325,0.021911986008866475,0.0,0.022254778847495462,0.02184689936233412,0.0013852796343670688,0.0,0.031827338712126584,0.07757243616524538,0.1200703109830252,0.0,0.01377744287401735,0.0623465733027486,0.0070284594999423895,0.07881136950904392,0.0,0.16060532833927385,0.27736612328273325,0.0027450347166155338,0.0,2.0242300335010073e-05,0.0,0.0,0.0,0.08458205452247698,0.0,0.08432241098301152,9.490624618680261e-05,0.08458205452247698,0.0061142845359124,0.08466312944238662,0.0,0.029586278123164778,0.07393361821182283,0.6946816516162807,0.0023453602141621853,0.02090010683760684,0.0018672973982322917,0.002950140457054849,0.08419219775353276,0.45401887514772216,0.4911115915814564,0.432294911734164,0.15547370612030662,0.48437913688112255,0.3146120270833012,0.32132889803512527,0.29155173178411464,0.4960942891054128,0.48898671222888485,0.48898671222888485,0.3321678321678322,0.3321678321678322,0.0,0.00014632005072428425,0.4866963263719413,0.5251464457227294,0.516262071173238,0.5164678328331992,0.17320356181404017,0.38195029076921083,1.0
0.5384615384615384,0.5778004766768812,1.0,0.06175573270347407,0.5008268379758182,0.535756124630056,0.003764923795526385,0.0018758091975818372,0.0,0.0,0.005484460694698355,0.07219957806771399,0.0010069175233856594,0.0017494185458590353,0.020268469256111997,0.0929979221722378,0.16340569551808387,0.015018098995404074,0.0,0.022254778847495462,0.014973489725367748,0.0,0.001332009396720835,0.004231497322413775,0.0,0.01992825827022718,1.1480265423736597e-05,0.0,0.11427019195943498,0.004650724318888853,0.02668766149870801,0.0,0.14467669506031133,0.16340569551808387,0.004026723720329404,0.0,0.0,0.0,0.0,0.04538878842676311,0.5325068704740126,0.0,0.530872221500065,9.490624618680261e-05,0.5325068704740126,0.006908213556595797,0.5325257783561919,0.0,0.029586278123164778,0.5341143812635928,0.6959494830519566,0.013562815379877281,0.01643741096866097,0.003433752437860492,0.013991474961767482,0.5267925439832521,0.4582410936711108,0.4911115915814564,0.4366851274950963,0.15803476891611842,0.48437913688112255,0.3146120270833012,0.3215967073548896,0.2942214732360637,0.49862817080239585,0.4914842908291525,0.4914842908291525,0.3321678321678322,0.3321678321678322,0.0,0.00014632005072428425,0.4788620607736,0.5249247981423821,0.5246492023688843,0.5170460367415648,0.17466142058397185,0.3836016526570737,1.0
0.5384615384615384,0.5798433775961865,1.0,0.07190483220155497,0.5450124412069258,0.5840697961196974,0.023143208037206306,0.0018758091975818372,0.0,0.0003557409224730127,0.025004745207340588,0.2763042008889253,0.1094015889158519,0.006724643543330975,0.009371901355140684,0.39725847773900064,0.5791745103536668,0.021312075487046,4.006490514633707e-05,0.022254778847495462,0.04439330501515597,0.011891159489165495,0.00038749364268242473,0.008402255448812042,0.0,0.06540556560484818,0.0,0.12099303490692843,0.2552416596241297,0.05946432873498204,0.031532622739018086,0.05863733905579399,0.5179322982742303,0.5791745103536668,0.34926529953172936,0.0,0.0018015647298158964,0.0,0.0065790165105989425,0.056805304400241105,0.48446370183145776,0.0,0.4829765321121099,0.008528004121642691,0.4907022928326413,0.01938424102447776,0.5029031935128642,0.2444824002716357,0.21956825499686114,0.0,0.6971682371417355,0.010352751652412878,0.04233440170940171,0.0025934686086559605,0.018405839542728227,0.48839526550988366,0.4629903959786282,0.4911115915814564,0.44162339910003456,0.1586139491950299,0.48437913688112255,0.3146737202523251,0.32132889803512527,0.2947004301742871,0.5030610836622595,0.49585369304269283,0.49585369304269283,0.3304195804195804,0.3304195804195804,0.005988391732948438,0.00014632005072428425,0.4903839923979008,0.5209773602828645,0.5291362108520514,0.5333528507648393,0.19749844688341273,0.41587768265357666,1.0
0.5384615384615384,0.5798433775961865,0.75,0.05393169963586262,0.5459603426869916,0.5775032883919763,1.006664116450905e-05,0.0018758091975818372,2.1245857057873714e-05,0.00018400392541707554,0.0019380425769972328,0.2617209102267374,0.026713521895421546,0.01928405298816867,0.006631766374172362,0.3099997982691493,0.4566327552369127,0.011835522837271729,8.012981029267414e-05,0.022254778847495462,0.035380825417422775,0.013104543110508914,0.0004359303480177278,0.007926465080023891,0.0,0.05708679522948156,0.0,0.0957191153109853,0.15957382590848726,0.03637830080968691,0.06697149547803617,0.05069742489270386,0.4029179000785357,0.4566327552369127,0.31309543032456,0.0,0.0030869508010890356,0.0,0.0,0.039192284508740204,0.4570720747828529,0.0,0.4556689897909188,9.490624618680261e-05,0.4570720747828529,0.006836038191079125,0.45715286815497047,0.23605552068649743,0.19947955691460278,0.0,0.6924077345897134,0.011324062448177016,0.030604522792022793,0.0012033694344163657,0.016323387455395397,0.44124159587745077,0.4636284447699418,0.4887649041022206,0.43971962616822424,0.15790807323010653,0.48437913688112255,0.3144115242839737,0.321906802356722,0.2940706904962526,0.5016312898506722,0.4944443839850254,0.4944443839850254,0.3321678321678322,0.3321678321678322,0.004483616374412677,0.0013656538067599862,0.4626806038485628,0.5270621140957307,0.5274129008163048,0.5018590353509478,0.21428038931455787,0.40114494424225156,1.0
0.15384615384615385,0.5886959482465101,1.0,0.00590493061706525,0.49273361392590914,0.5043571193686287,0.030491856087297913,0.003088968406887482,0.0012216367808277385,0.00041707556427870464,0.03468496818213604,0.007496466829158389,0.0032019977243663974,0.007735868136313075,0.00013860604962096578,0.018397853583748562,0.05742580205871751,0.04957904583723106,1.0016226286584267e-05,0.022254778847495462,0.049441915633458705,0.0005662456899602617,0.0,0.0012856463156616016,0.0,0.0517112753063331,0.0,0.0005702415380228912,0.003621876131836291,0.0016130890655605484,0.0015544250645994832,0.0003218884120171674,0.006796351114601583,0.05742580205871751,0.0041377361537219435,0.0007941129758060247,0.0003339979555276662,0.0,0.0,0.00019288728149487644,0.03113277567150107,0.002898550724637681,0.028357447829695327,0.00014913838686497554,0.02848488495717237,0.005763718474831419,0.02833116428070878,0.0008848738025908282,0.029586278123164778,0.022611774734702356,0.6959576626096061,0.004927625500461965,0.013276798433048433,0.004325905639238142,0.005618282193950042,0.039494343572607594,0.4474331019712933,0.4911115915814564,0.42544709818853116,0.15547370612030662,0.48437913688112255,0.3143266961765659,0.3217235644010938,0.291471905627744,0.4895912114604322,0.482576804622969,0.482576804622969,0.2902097902097902,0.2902097902097902,0.0,0.00014632005072428425,0.4789970412284301,0.5252150509261703,0.5239769513951875,0.5167093610480861,0.17264029819838478,0.38172363325519043,1.0
0.6346153846153846,0.59244126659857,1.0,0.003985828166519044,0.4910438765049223,0.5018702729365341,0.0029092592965431156,0.0018758091975818372,0.0,0.0,0.004635318328488227,0.0,6.041505140313957e-05,4.0448983719284053e-05,3.19860114509921e-05,9.077888281454883e-05,0.004285657067328874,0.0,0.0,0.022254778847495462,0.0,0.0,0.0,0.0,4.9150917893391654e-05,4.087847850303012e-05,0.0,0.0,0.00028170147692060043,0.000890341367354848,0.0038255006459948313,0.0001072961373390558,0.004269115366801587,0.004285657067328874,0.0,0.0,0.0,0.0,0.0,0.0,0.0015345730276223146,0.0,0.0015298623123918846,0.00037962498474721043,0.0017452006980802793,0.005588435444290929,0.0014716187806587246,0.0011523937894206136,0.029586278123164778,0.0,0.6959494830519566,0.0015161924616806045,0.007233796296296296,0.0,0.00032538313864575536,0.0014694633439349411,0.45350843611467123,0.4911115915814564,0.43176416291681086,0.15547370612030662,0.48437913688112255,0.31462745037555717,0.32132889803512527,0.2915694709299747,0.49557536779927686,0.4884752255438627,0.4884752255438627,0.3304195804195804,0.3304195804195804,0.0,0.00014632005072428425,0.47831673973608624,0.5260963639242175,0.5237688737128527,0.5167239991217155,0.1720521847173328,0.38127679415612176,1.0
0.5288461538461539,0.5934627170582226,1.0,0.01611553980907391,0.5179405810017876,0.5337625369944097,1.006664116450905e-05,0.0018758091975818372,0.0,8.58684985279686e-05,0.001838143475090159,0.00025602687258054603,0.0001913143294432753,0.0002730306401051674,0.00023456408397394207,0.0009077888281454884,0.06443505427163856,0.02124089966242323,0.0,0.022254778847495462,0.021177806388824123,0.01905012285509166,0.0,0.001073059129607321,0.0,0.04169604807309072,0.022776846600693408,0.00033603519204920373,0.0,0.001351223957515005,0.0028968830749354,0.0,0.023721782557039005,0.06443505427163856,0.018670272888745357,0.0,0.0,0.0,0.0,0.0,0.0007321819020681632,6.489292667099286e-05,0.0006699397054265116,0.00021692856271269168,0.000752241680207017,0.007877425607819686,0.0027029732705976576,7.202461183878835e-05,0.029586278123164778,0.0,0.6956795576495224,0.0031271469522162463,0.007256054131054131,0.0004149549773849537,0.002624757318409093,0.004005797334836346,0.45279271181832814,0.4911115915814564,0.43101996077073956,0.15547370612030662,0.48437913688112255,0.31462745037555717,0.32132889803512527,0.2915694709299747,0.49486323111319663,0.4877732916888855,0.4877732916888855,0.32867132867132864,0.32867132867132864,0.0,0.00014632005072428425,0.47717750469731984,0.5271940471792707,0.5237528677372886,0.5166874039376418,0.17202733485193622,0.3812249867243456,1.0
0.5288461538461539,0.5934627170582226,0.75,0.01611553980907391,0.5188369660970671,0.5346565685629727,4.02665646580362e-05,0.0018758091975818372,0.0,4.906771344455348e-05,0.0018281535648994515,0.00023554472277410236,0.00020138350467713192,0.00032359186975427243,7.463402671898158e-05,0.0007867503177260899,0.06605719549805744,0.022064505633058118,0.0,0.022254778847495462,0.021998965947222757,0.014267369080963021,0.0,0.0010426895315995667,0.0,0.03764907870129074,0.028149610819002135,0.00015274326911327441,0.0,0.0013721731661586484,0.003966812015503875,0.0,0.029319962141807127,0.06605719549805744,0.005076295817858873,0.0,5.060575083752518e-05,0.0,0.0,0.0,0.0019357685903993902,0.00020549426779147738,0.0017398434140927315,0.00018981249237360522,0.0018154099215662676,0.007104118120141051,0.003013314646110722,0.00015433845394026072,0.029586278123164778,0.0,0.6958267896872138,0.002771789344009855,0.007267183048433049,0.0003008423586040914,0.0026464495276521437,0.0038749547083215914,0.45303683483413504,0.4911115915814564,0.43127379716164754,0.15547370612030662,0.48437913688112255,0.31462745037555717,0.32132889803512527,0.2915694709299747,0.49510613044798363,0.48801271098825755,0.48801271098825755,0.32867132867132864,0.32867132867132864,0.0,0.00014632005072428425,0.4748396432196618,0.5292152620191038,0.5239075921677426,0.5165190660909024,0.17222613377510873,0.38123146265331764,1.0
0.5769230769230769,0.5944841675178754,1.0,0.011071744906997343,0.4889883727519538,0.5027797188424861,0.02809599549014476,0.0018758091975818372,0.0,0.0030299313052011777,0.03209758144274283,0.0053868053990946884,0.0107639483249927,0.0036302962888057435,0.0005117761832158736,0.02015291198482984,0.05350062081948172,0.01215073006060113,0.0,0.02244413881081943,0.012307255603653654,0.0,0.035843161948124286,0.004454207707803974,0.0014499520778550538,0.03323420302296349,0.0,0.010478188261170624,0.005231598857096865,0.0011836302883658568,0.005127583979328165,0.0,0.021063654121105946,0.05350062081948172,0.019366623607298565,0.0,0.0,0.0,0.0,0.0,0.10128181982307274,0.007505948518278175,0.09403153716165544,0.0010710847783939152,0.09504322882188922,0.007001010455117233,0.09596556211833017,0.06418421837862309,0.029586278123164778,0.021278455973158764,0.6977080879466039,0.007758641112506218,0.007801371082621083,0.0007676667081621644,0.0019522988318745322,0.09294858891259712,0.45544477549004925,0.4911115915814564,0.4337775470174224,0.15547370612030662,0.48437913688112255,0.3214136989681818,0.32132889803512527,0.29937469510843057,0.4926440144635513,0.4853899813905908,0.4853899813905908,0.3181818181818182,0.3181818181818182,0.0,0.00014632005072428425,0.481567069088396,0.52992770067022,0.5166302086112148,0.5166508087535681,0.17236694967902258,0.38145812016733804,1.0
0.5769230769230769,0.5944841675178754,0.75,0.024603877571105208,0.4834606646643965,0.5029184478789872,0.03157905333306489,0.0018758091975818372,0.0,0.0027355250245338567,0.03531433252415061,0.01501341580812322,0.009847653378711749,0.004065122863788047,0.0006077342175688498,0.02924088680881967,0.06602715584571635,0.014275836824338063,0.0,0.02244413881081943,0.014426050019768656,0.0,0.05715531229565765,0.0044035917111243834,0.0014499520778550538,0.04430205107765889,0.0,0.007464054417335343,0.010946114531771902,0.0012464779142967873,0.003997093023255814,0.0,0.022735053061882036,0.06602715584571635,0.019396899725496526,0.0,0.0,0.0,0.0,0.0,0.09894485566989629,0.007192299372701709,0.09199172074513294,0.0022641918733137196,0.09387976168983571,0.007238158084672014,0.09503453799179098,0.06467810143123193,0.029586278123164778,0.021136381023158218,0.6961130742049471,0.008623344625808438,0.007934918091168091,0.0021785136312710072,0.0019739910411175825,0.09357260759289827,0.4545903449347249,0.4911115915814564,0.43288911964924426,0.15547370612030662,0.48437913688112255,0.31458889214491725,0.32132889803512527,0.2915251230653244,0.49667945568467253,0.48957437778188895,0.48957437778188895,0.3321678321678322,0.3321678321678322,0.0,0.00014632005072428425,0.47963414897522844,0.5266768694917937,0.521960198474097,0.5168264656371221,0.17222613377510873,0.38149697574117014,1.0
0.8846153846153846,0.5972080354102826,1.0,0.0498843617754158,0.26325387789586474,0.29384865175928976,0.0,0.0018758091975818372,0.0,0.0,0.0017482342833737925,0.2849067038076316,0.16925276650589552,0.18530690666397007,0.024842468893603864,0.6584394101389925,0.24956943164977774,0.19099524138772522,0.0,0.022254778847495462,0.19042791536987663,0.00901948491865274,0.0,0.016369213326179608,0.0034774274409574597,0.22049851304534446,0.0,0.0,0.0,0.03574982455037761,3.0281007751937984e-05,9.656652360515021e-05,0.03370990152842385,0.24956943164977774,0.3455312449539803,0.0,0.0,0.0,0.0,0.0016395418927064498,0.0002708070048745261,0.0,0.0002699757021868032,9.490624618680261e-05,0.0002708070048745261,0.007774317942795868,0.0021223345680248273,0.0,0.029586278123164778,0.002928929738472804,0.6959494830519566,0.006787330316742082,0.007233796296296296,0.003952446159591685,0.0027115261553812948,0.013547244252989253,0.4472111719569234,0.4911115915814564,0.4252163378331602,0.15547370612030662,0.48437913688112255,0.31462745037555717,0.32132889803512527,0.2915694709299747,0.48930966904965634,0.4822992958896059,0.4822992958896059,0.32517482517482516,0.32517482517482516,0.0,0.00014632005072428425,0.4782951428633134,0.5260963639242175,0.5237688737128527,0.5166947229744565,0.17200248498653967,0.3812120348664016,1.0
0.8173076923076923,0.6016343207354443,1.0,0.09504477905717942,0.7038374555027226,0.7521374547846104,0.000402665646580362,0.0018758091975818372,0.0,0.0011162904808635918,0.00305691251835646,0.016938737889928925,0.022041424586912085,0.012721205379714834,0.016216907805652995,0.06675273849629824,0.5566047182280611,0.002165778663521373,0.0002403894308780224,0.022254778847495462,0.002402652041240458,0.36654296894749083,0.0007023322273618948,0.0006478847574987599,3.6863188420043744e-05,0.3738643447690877,0.0,0.0,0.037747997907360456,0.010788842451476396,0.11927688953488372,0.02664163090128755,0.19134497271390885,0.5566047182280611,0.0017358307766833522,0.0,0.0006781170612228375,0.0,0.007913737112589463,0.009367088607594937,0.06651822430843914,0.0,0.06631403173714365,9.490624618680261e-05,0.06651822430843914,0.005908069205864764,0.06643307638402243,0.0,0.06568315748972277,0.003486300696167255,0.6965793089909698,0.01754282059178887,0.010516826923076922,0.0007157973359890451,0.009663879217778934,0.06614598011192077,0.453857975887304,0.4911115915814564,0.4321276104765201,0.15564565026560848,0.48437913688112255,0.31468143189845305,0.32132889803512527,0.29180007982615636,0.495779624058075,0.4886765554092437,0.4886765554092437,0.3304195804195804,0.3304195804195804,0.0,0.00014632005072428425,0.4862373928255189,0.5262071877143912,0.5172384356826548,0.5186562248408109,0.17769310416235246,0.38739654703467213,1.0
0.8173076923076923,0.6016343207354443,0.75,0.09504477905717942,0.703832303864244,0.7521323166721473,0.0007549980873381788,0.0018758091975818372,0.0,0.0010058881256133463,0.0033166501833148524,0.026432214325215572,0.0589248134685288,0.012802103347153402,0.015865061679692084,0.1127978051683444,0.6025653863099291,0.003152072233294017,0.0003305354674572808,0.022254778847495462,0.003477255907786823,0.36654296894749083,0.000847642343367804,0.0,0.00017202821262687082,0.3744673023270074,0.0,0.0007840821147814753,0.07998309791138476,0.008432056479066504,0.10198643410852713,0.0501824034334764,0.23696610886244185,0.6025653863099291,0.0020890521556596155,0.0,0.01682135157839337,0.0,0.019306155479185717,0.009367088607594937,0.13991695251850514,0.0,0.1394874461298483,9.490624618680261e-05,0.13991695251850514,0.007196915018662488,0.14094503954349785,0.0,0.11761608715902877,0.018338597392378225,0.6968574139510536,0.025870033877425314,0.011651976495726498,0.0010996306900701274,0.041692426165142786,0.16998470147751518,0.4379123043548217,0.4911115915814564,0.4155474789431175,0.15548275581216459,0.48437913688112255,0.3145734688526613,0.32132889803512527,0.29151625349239435,0.4800905352066025,0.4732122452088933,0.4732122452088933,0.3269230769230769,0.3269230769230769,0.0,0.00014632005072428425,0.4801092801762305,0.5593435009763048,0.5214746838819826,0.5164385566859401,0.1783392006626631,0.38593946301596965,1.0
0.5288461538461539,0.6159346271705822,1.0,0.0007381163271331562,0.9173780220799225,0.9257285843472542,0.0,0.00898145599494347,0.01852638735446588,0.007053483807654563,0.03186781350835656,0.0,0.0017721748411587608,0.06004651633127718,0.0064505123092834064,0.06773113312218838,0.924750670885569,0.02202383373327368,0.04706624732065947,0.024028782714425243,0.07139019271905192,0.00361992780367453,0.0,0.002925604608080338,0.0,0.07856843568282389,0.0,0.027198484786770397,0.00027164070988772187,0.8107762729262902,0.0230640342377261,0.025278969957081544,0.8524638031373971,0.924750670885569,0.0,0.0,0.0,0.0,0.0,0.0006027727546714888,0.0002708070048745261,0.0,0.0002699757021868032,9.490624618680261e-05,0.0002708070048745261,0.08257892891757573,0.07475222745019522,0.0,0.029586278123164778,0.0,0.6963093835885357,0.03281135249105683,0.007233796296296296,0.009025270758122742,0.014349396414277812,0.04914650348242683,0.467839566792612,0.4911115915814564,0.4466655128648898,0.1645595967457308,0.48437913688112255,0.3131622376112405,0.32132889803512527,0.2987893032950463,0.5053410251456016,0.4981009696481625,0.4981009696481625,0.38286713286713286,0.38286713286713286,0.0027229268392551876,0.0010079825716561804,0.4782951428633134,0.5260963639242175,0.5237688737128527,0.5166947229744565,0.17200248498653967,0.3812120348664016,1.0
0.3076923076923077,0.6172965611167859,1.0,0.025206672571597283,0.6872234214091791,0.7063928395264715,0.08793211057198655,0.0018758091975818372,0.03560805642899635,0.0242639842983317,0.14225632111567318,0.2715625832087336,0.3043206830928479,0.09944382647385985,0.018775788721732363,0.6892235379556595,0.0,0.5145097002480986,0.008644003285322223,0.02501544778648169,0.524538477914863,0.008786919724561916,0.0,0.0217851249708958,0.005578629180899953,0.5642865172558277,0.0,0.2328418394362755,0.3651052356231639,0.029842147712870144,0.041283107235142114,0.011791845493562231,0.6757687428260738,0.0,0.1870357661876312,0.015141087405368204,0.001174053419430584,7.850525985241012e-05,0.0,0.01301989150090416,0.0002708070048745261,0.13828682673588577,0.0002699757021868032,0.061838198408286665,0.0002708070048745261,0.02636462994659023,0.0,0.7874965273847864,0.29668293473198193,0.0,0.6628631723596388,0.19714055577929923,0.055956196581196584,0.045333831279306194,0.5312096660484387,0.0,0.4301225608504358,0.4911115915814564,0.4074477904695973,0.15547370612030662,0.48437913688112255,0.3099002112991039,0.3109689059284526,0.27960441704731914,0.4797537884015568,0.4728803229984002,0.4728803229984002,0.32867132867132864,0.32867132867132864,0.0020984962482981707,0.0008128891706904681,0.4979374986501955,0.5101113515225077,0.5215920610361201,0.5181658493742223,0.19261130668875542,0.39862580787213925,1.0
0.7980769230769231,0.6196799455226422,1.0,0.093543942525342,0.4142123402348116,0.4626459223939494,0.3141295375385049,0.0018758091975818372,0.0051946120506501225,0.003348871442590775,0.3210956933497168,0.6673391639186449,0.5235769738100753,0.1367276772171099,0.0036144192939621075,0.0,0.0,0.5407634115589539,0.0008714116869328311,0.02481612150929857,0.5426445392889366,0.01092045259209076,0.3125378411760432,0.00018221758804652622,0.0007249760389275269,0.6907338708853257,0.00020664477762725875,0.7062746934951734,0.05021328826109702,0.005258251369554514,0.02046996124031008,0.11880901287553648,0.8849553957993516,0.0,0.14915025028257708,0.0,0.00021254415351760575,0.0,0.0,0.001398432790837854,0.0002708070048745261,0.051395197923426346,0.0002699757021868032,0.030858088045880392,0.0002708070048745261,0.0073721980492029784,0.0,0.9432548951012975,0.037403049755979016,0.0,0.8987697945295119,0.06648740849541589,0.15065215455840458,0.02953442051537408,0.12026160804347118,0.0,0.3915566726032946,0.4911115915814564,0.36734740971501095,0.15547370612030662,0.48437913688112255,0.2854928513040394,0.32132889803512527,0.25806022440019516,0.4547903613127605,0.44827454864020716,0.44827454864020716,0.27797202797202797,0.27797202797202797,0.0,0.00014632005072428425,0.6042697017471871,0.5176843105177054,0.4080723470095502,0.5170753128888238,0.1750424518533858,0.3839319250346463,1.0
0.028846153846153848,0.627170582226762,1.0,0.022660171242987897,0.4889883727519538,0.5076198207826373,0.0017717288449535927,0.0018758091975818372,0.0,0.00040480863591756626,0.003826135603040929,0.018485140200315425,0.03144603425533415,0.006754980281120437,0.0014287085114776472,0.057755542555122955,0.07232546961989827,0.006182128767234718,3.00486788597528e-05,0.022254778847495462,0.0061941788911304635,0.020243283416079356,0.0,0.0021866110565583147,3.6863188420043744e-05,0.028931743160519566,0.0,0.004419371919677406,0.028924705219525934,0.0020949208643643484,0.008286902454780361,0.0015128755364806866,0.04422159125234097,0.07232546961989827,0.0032698207653802684,0.0,0.0,0.0,0.0,0.004303797468354431,0.07442177689514755,0.0,0.07419332260096591,0.0018574508182274225,0.07572566247417303,0.006990699688614852,0.07668435278806687,0.0,0.09892468763289525,0.0,0.697928936003141,0.009215607306152425,0.012052617521367522,0.0007572928337275405,0.006833045911560863,0.0893755787270019,0.44673402242602794,0.491707491997532,0.4253721010730356,0.15547370612030662,0.48437913688112255,0.31462745037555717,0.3200744228004398,0.2907800789391991,0.48994451958375884,0.48292505087660104,0.48292505087660104,0.3111888111888112,0.3111888111888112,0.0,0.00014632005072428425,0.48078958166857444,0.5295213467729167,0.5169930107240036,0.5155309961209105,0.17405674052598882,0.3817883925449106,1.0
0.5384615384615384,0.6281920326864147,1.0,0.013765869501033362,0.4886019998660574,0.5035196070371588,0.00028186595260625344,0.0023549561121815454,0.0,0.0005029440628066731,0.0029070638654958496,0.0,0.002205149376214594,0.0002730306401051674,0.0006930302481048289,0.00309656855822961,0.00875155204870429,0.004087525928336112,0.0,0.022454105124678585,0.004268002149207733,0.001365056574011345,0.0,0.0025307998339795306,0.0,0.008247233037986327,0.0,2.0365769215103257e-05,0.00027164070988772187,0.0010369858278603526,0.00011103036175710595,5.36480686695279e-05,0.0006746007773011942,0.00875155204870429,0.0,0.0,0.0,0.0,0.0,0.0,0.011414013761007803,0.0,0.011378975892169704,0.0001355803516954323,0.011444103428216085,0.0056296785103004555,0.011192311542696967,0.0004938830526088344,0.029586278123164778,0.0,0.6959494830519566,0.003364052024353841,0.007289440883190884,0.000331963981907963,0.00843826939554659,0.010276178590120377,0.4540410681491592,0.4911115915814564,0.43231798776970115,0.15579044533533634,0.48437913688112255,0.3146351620216851,0.3216953739463817,0.29211938445163865,0.4957630627397941,0.48866023136610476,0.48866023136610476,0.3321678321678322,0.3321678321678322,0.0,0.00014632005072428425,0.479229207610738,0.5252783788062695,0.5236995144854079,0.5167313181585302,0.17215986746738454,0.3813674571617299,1.0
0.6153846153846154,0.6285325161729656,1.0,0.02759324869599449,0.7585272495917327,0.778511386057218,0.6326279973424068,0.0018758091975818372,0.00074360499702558,0.014327772325809616,0.6419216591242846,0.32754029862974415,0.18826336934741675,0.1888866417231267,0.005490931965753645,0.7047467269169475,0.0,0.0,0.019922274084016107,0.026928980047439655,0.0,0.39906164999949445,0.0,0.09382181144528917,7.372637684008749e-05,0.0,0.0,0.14347684412040243,0.10104028331119964,0.04516649383569535,0.026697755167958657,0.005418454935622317,0.31733421937614537,0.0,0.4448470046827063,0.0007623484567737837,0.027731951458963795,0.0,0.028775315025590904,0.00218203737191079,0.6458245571803976,0.0004434349989184512,0.6434320911117999,0.04887671678620334,0.6815008726003491,0.034510135483471836,0.7080288317148864,0.2484025970017183,0.05063688463174095,0.0,0.717535335689046,0.1592949705053185,0.11092191951566953,0.06819785053321714,0.2059132962396555,0.7755847658923468,0.4183602700888275,0.4911115915814564,0.3952174916349371,0.15718409788146714,0.48437913688112255,0.31462745037555717,0.32132889803512527,0.2932458202137567,0.45956002097766985,0.45297587306424053,0.45297587306424053,0.3111888111888112,0.3111888111888112,0.0,0.00014632005072428425,0.5024512450597154,0.5106654704733758,0.5179693752334205,0.5200834370196882,0.17987160902878443,0.39036252250385317,1.0
0.6153846153846154,0.6285325161729656,0.75,0.0075410884755437455,0.7785568199965999,0.7901132439986847,0.4833195755904085,0.0018758091975818372,0.0018377666355060764,0.002477919528949951,0.4851300186811321,0.3629539356450853,0.2278251588412393,0.25094549499443825,0.012271966393363969,0.8475721692118375,0.0,0.0,0.030910074320399047,0.03592856146225756,0.0,0.39859651961131276,0.0,0.08175495783687477,0.00022117913052026244,0.0,0.0,0.17999266832308256,0.09113042778381424,0.010925012307660078,0.018582445090439277,0.00417381974248927,0.30134517408727524,0.0,0.45796665590182467,0.0036740960347292073,0.04222543849883101,0.0,0.028943468802219628,0.00218203737191079,0.4694690176726645,0.0007138221933809215,0.46736793688568024,0.04875469446967745,0.5048043168642554,0.01759016765306333,0.5152367604364801,0.20226568850384305,0.052256940928697274,0.0,0.6870419447716268,0.17054796143185424,0.1719974180911681,0.07137225611021204,0.265133027473183,0.8173738878376747,0.2884757291788035,0.6477437522741775,0.4315160955347871,0.15547370612030662,0.48437913688112255,0.31462745037555717,0.32132889803512527,0.2915694709299747,0.4953379889039168,0.4882412475922036,0.4882412475922036,0.3304195804195804,0.3304195804195804,0.0,0.00014632005072428425,0.5070027859965877,0.5164388622090875,0.5036120151523236,0.5145795213349923,0.18226547939531995,0.3873641673898121,1.0
0.09615384615384616,0.6302349336057201,1.0,0.040227339828757015,0.36489055344052174,0.3911850542584676,0.1168032374317985,0.0018758091975818372,0.0,0.002097644749754661,0.11936943686876254,0.21991684247178583,0.033681391157250315,0.204803316816665,0.00021324007633994734,0.4547820298158197,0.35496855849721637,0.08215723756456664,0.00017027584687193253,0.022254778847495462,0.08208554252288602,2.0223060355723633e-05,0.0,0.003057206199447273,0.0,0.08585502447598901,0.0,0.07717608244063379,0.15817537929091713,0.019032356052750107,0.018865067829457367,0.001502145922746781,0.2723474093316418,0.35496855849721637,0.037956160180849345,0.0,0.0030869508010890356,0.0,0.0,0.0037492465340566604,0.48916771980501894,0.048529093662124156,0.4427901488866002,0.012649646813183833,0.4534412549397204,0.007516548780236323,0.45418960856942636,0.36458858512794656,0.03328203155059638,0.0,0.7505398508048685,0.015138234109592285,0.07513132122507121,0.009647703224200175,0.05440406078157029,0.5603385804581505,0.39633371616260815,0.4910588570313612,0.37225683627552786,0.15547370612030662,0.48437913688112255,0.31462745037555717,0.32132889803512527,0.2915694709299747,0.43863203510999477,0.43234772388425163,0.43234772388425163,0.31643356643356646,0.31643356643356646,0.0,0.00014632005072428425,0.48512515387771854,0.5260172040740936,0.5200874993330843,0.5207933835907195,0.1818016152412508,0.3924931031356448,1.0
0.25961538461538464,0.630915900578822,1.0,0.015561952563724044,0.48504736931581083,0.5007244738572838,0.0,0.0018758091975818372,0.0,9.813542688910696e-05,0.0018281535648994515,0.00244761690187002,0.00040276700935426384,0.000667408231368187,0.00011728204198697104,0.003560549514837304,0.0026835422758040616,0.0015760361166470085,0.0,0.022254778847495462,0.0015713547105159114,0.0,0.0,0.00010123199335918124,0.0,0.0016862372382499922,0.0,0.00031566942283410045,0.0005935852549398366,0.000890341367354848,5.046834625322998e-05,1.072961373390558e-05,0.0010370728367466119,0.0026835422758040616,0.004591877926691425,0.0,0.0,0.0,0.0,0.0,0.004744137529838921,0.0,0.0047295743383095525,9.490624618680261e-05,0.004744137529838921,0.005691543109314746,0.004565021523676043,0.003992221341921411,0.029586278123164778,0.0,0.6959494830519566,0.0023335149605553055,0.007289440883190884,0.0013382298020664758,0.0014859163331489497,0.007357381537098917,0.45197711901551846,0.4911115915814564,0.43017191646475134,0.15547370612030662,0.48437913688112255,0.31462745037555717,0.32132889803512527,0.2915694709299747,0.4940517265174308,0.48697341357507423,0.48697341357507423,0.3269230769230769,0.3269230769230769,0.0,0.00014632005072428425,0.4770641211152626,0.52603831336746,0.5250173398068613,0.5166581277903828,0.1721267343135225,0.38127679415612176,1.0
0.38461538461538464,0.6418113721484509,1.0,0.009275661844306662,0.5713115556402714,0.5841365915817166,0.01526102800539572,0.0026404053379005207,0.01993923684881448,0.0015456329735034347,0.03764198159858543,0.14158286053704197,0.10833425634106311,0.16927899686520378,0.00279344500005331,0.41940852514575055,0.6139604277646493,0.07274169276446903,0.0005909573509084717,0.02267336402958002,0.07353940045214466,0.0,0.0,0.041322899689217776,0.11629107173576465,0.21257830783538237,0.0,0.0025762698057105616,0.16534870618535957,0.016371806555007383,0.01756298449612403,0.22104077253218885,0.407922028232546,0.6139604277646493,0.013987566607460035,0.0,2.0242300335010073e-05,0.0,0.0,0.0056660638939119955,0.44866702774267314,0.036091282716850526,0.4139127478526932,0.0007728080046639641,0.41568875248239756,0.01349679335161776,0.422324557012714,0.1515912294601241,0.029586278123164778,0.0,0.69537691401649,0.09797209258250218,0.03789396367521367,0.010145649197062118,0.1676482391349147,0.4227223318169009,0.4545348624311324,0.4911115915814564,0.4328314295604015,0.1581705142939883,0.48437913688112255,0.322624427410275,0.3042595777069884,0.2926692979733026,0.4959121146043225,0.4888071477543558,0.4888071477543558,0.3321678321678322,0.3321678321678322,0.0,0.00014632005072428425,0.49415264669675835,0.5243284606047812,0.5106866563517046,0.5177925784966698,0.1752495340650238,0.38472198836923155,1.0
0.38461538461538464,0.6418113721484509,0.75,0.009275661844306662,0.5712857974478783,0.5841109010194016,0.02775372969055145,0.0025384591858580298,0.05239228350471658,0.0014352306182531893,0.08037881739443162,0.12008684431517933,0.10284655583861126,0.1511679644048943,0.0028894030344062864,0.3747856609711323,0.6124584451475948,0.08017448245007523,0.001953164125883932,0.022414239869241962,0.08208554252288602,0.0,0.0,0.037648178330279496,0.038485168710525666,0.15276287416582354,0.0,0.0011812146144759886,0.11089983500342065,0.012653322020760666,0.01723998708010336,0.34591201716738196,0.465333574981373,0.6124584451475948,0.4481975617632811,0.0,0.000293513354857646,0.0,0.0,0.0056660638939119955,0.4109646747306975,0.03632922344797751,0.3761061504464598,9.490624618680261e-05,0.3772642474574231,0.00865073309549832,0.3792571829011913,0.10826328082396156,0.029586278123164778,0.0,0.6961539719931946,0.10738906919997157,0.03370949074074074,0.017210257687040955,0.15375437911474094,0.379463746527638,0.4545182176800546,0.4911115915814564,0.4328141225337487,0.15741034017791694,0.48437913688112255,0.3134244335795919,0.31774871028669693,0.2898221650627522,0.49766209390267463,0.49053205497937724,0.49053205497937724,0.33916083916083917,0.33916083916083917,0.0,0.00014632005072428425,0.5088709154914369,0.5247928650588422,0.4947500400149389,0.5165263851277171,0.17544004969973082,0.3837505990234299,1.0
0.5865384615384616,0.6486210418794689,1.0,0.012301938785552604,0.4915126756064766,0.5058112051956594,0.0,0.0018758091975818372,0.0,0.0,0.0017482342833737925,0.0,6.041505140313957e-05,4.0448983719284053e-05,2.1324007633994736e-05,8.069234027959896e-05,0.009061961789562223,0.0,0.0,0.022254778847495462,0.0,0.0,0.0,0.0040492797343672495,0.00017202821262687082,0.0042309225250636165,0.0,0.0,0.001217352810978309,0.0008693921587112046,0.003684189276485788,0.0,0.004943716144102782,0.009061961789562223,0.0,0.0,0.0,0.0,0.0,0.0,0.0016248420292471566,0.0,0.0016198542131208192,0.00021692856271269168,0.0017151110308719986,0.005588435444290929,0.0014415857443187505,0.0,0.030801320345882018,0.0,0.6959822012825546,0.0015517282225012438,0.007233796296296296,0.0,0.0001084610462152518,0.0014090744393896694,0.453525080865749,0.4911115915814564,0.43178146994346367,0.15548275581216459,0.48437913688112255,0.31462745037555717,0.32132889803512527,0.29157834050290476,0.49558640867813075,0.4884861082392887,0.4884861082392887,0.3304195804195804,0.3304195804195804,0.0,0.00014632005072428425,0.48046562857698205,0.5239854345875772,0.5237688737128527,0.5167093610480861,0.1720521847173328,0.3812638422981777,1.0
0.5384615384615384,0.6496424923391215,1.0,0.0024603877571105206,0.4917548026149717,0.5019422065110162,0.0,0.0018758091975818372,0.0,0.0,0.0017482342833737925,0.0,0.0,0.0009303266255435333,1.0662003816997368e-05,0.0008876157430755886,0.0023230664477109785,0.0,0.0,0.022254778847495462,0.0,0.0,0.0,0.0,0.0003194809663070458,0.0002657101102696958,0.0,0.0,0.0,0.002911940001466444,3.0281007751937984e-05,3.2188841201716734e-05,0.0020741456734932238,0.0023230664477109785,0.0,0.0,0.0,0.0,0.0,0.0,0.00035104611742994125,0.0,0.0003499685028347449,9.490624618680261e-05,0.00035104611742994125,0.005588435444290929,8.008809690659726e-05,0.0,0.029586278123164778,0.0,0.6959494830519566,0.0014806567008599654,0.007233796296296296,0.0,0.0009544572066942158,0.0008857039333306495,0.4530590278355721,0.4911115915814564,0.4312968731971847,0.1554918055040226,0.48437913688112255,0.31442694757622963,0.32132889803512527,0.2913566011796532,0.4952607027519391,0.4881650687242216,0.4881650687242216,0.32517482517482516,0.32517482517482516,0.0,0.00014632005072428425,0.47831134051789304,0.5260963639242175,0.5248359387504669,0.5181804874478518,0.17200248498653967,0.38252664844771983,1.0
0.34615384615384615,0.6544092611508342,1.0,0.028294459206770987,0.4843570497596761,0.5053539131864518,0.0,0.0018758091975818372,0.0,3.680078508341511e-05,0.0017782040139459148,2.0482149806443683e-05,0.00017117597897556213,0.004702194357366771,2.1324007633994736e-05,0.004871800044380787,0.012957103376456924,0.010076463171594744,0.0,0.022254778847495462,0.010046532374975924,0.000707807112450327,0.0,0.00014172479070285372,0.0,0.010986091097689344,0.0,0.00021384057675858417,0.0014286289186687593,0.0008170191371020959,0.0002119670542635659,0.00037553648068669525,0.0022050383616262913,0.012957103376456924,0.0016752785402874212,0.0,0.0,0.0,0.0,0.0,0.02382098653988887,0.0,0.023747862692357687,9.490624618680261e-05,0.02382098653988887,0.005722475408821892,0.023646010611672843,0.019806768255666792,0.029586278123164778,0.0027322105769335856,0.6959494830519566,0.0021321456492383504,0.007233796296296296,0.0009336486991161459,0.000791765637371338,0.024085108096139136,0.45332534385281603,0.4911115915814564,0.4315737856236298,0.15547370612030662,0.48437913688112255,0.31462745037555717,0.32132889803512527,0.2915694709299747,0.49539319329818654,0.4882956610693336,0.4882956610693336,0.3304195804195804,0.3304195804195804,0.0,0.00014632005072428425,0.47868928579141745,0.5257058419969391,0.5237635383876647,0.5166800849008271,0.1720521847173328,0.38123146265331764,1.0
0.38461538461538464,0.6625808648280559,1.0,0.010579667355575239,0.49320756466594196,0.5067823084511675,0.0029394592200366427,0.0018758091975818372,0.0001805897849919266,0.000662414131501472,0.005364581772409866,0.015771255350961636,0.01905087954245668,0.0014460511679644048,0.00019191606870595259,0.03619051461540014,0.05043657628069051,0.002847032984910725,3.00486788597528e-05,0.022254778847495462,0.002868989568232277,1.0111530177861816e-05,0.0024218352667651545,0.001650081491754654,0.0,0.0055901319352893684,0.0,0.02388904728931612,0.01650971870095376,0.002723397123673653,0.003229974160206718,0.0,0.045208320747497935,0.05043657628069051,0.008800258356208623,0.0,0.0005161786585427568,0.0,0.0,0.00047016274864376134,0.05597681089647149,0.0016980315812243133,0.054235118839304465,0.006507856881380751,0.059136225953340955,0.0060008661043862,0.05916508158974872,0.037843788906151934,0.029586278123164778,0.008732145003879739,0.6967020023557127,0.006159531875577456,0.010861823361823363,0.0011515000622432468,0.0049675159166585325,0.058969765288457675,0.4537858486326337,0.4911115915814564,0.4320526133610245,0.15555515334702855,0.48437913688112255,0.31462745037555717,0.32132889803512527,0.2916492970863453,0.4958017058157829,0.48869832080009573,0.48869832080009573,0.3304195804195804,0.3304195804195804,0.0,0.00014632005072428425,0.480357644213118,0.5256161275001319,0.52233900656245,0.5168630608211959,0.17335266100641955,0.38241008172622365,1.0
0.9519230769230769,0.6666666666666666,1.0,0.10754354886330086,0.2682355123046885,0.32289953962512336,0.0,0.0018758091975818372,0.0,0.0007114818449460254,0.0017482342833737925,0.4317534768449296,0.10900889108173151,0.023814339164728488,0.0004478041603138894,0.5585725525004539,0.0,0.08371293773132142,0.00011017848915242694,0.07528553489206481,0.13751888160095702,0.00046513038818164353,0.15068659029812792,0.022402640130386807,0.0,0.22531195388907624,0.0,0.3827033522056128,0.6718177793875004,0.002073971655720705,0.0046733688630490955,0.0,0.0,0.0,0.23369126433069595,0.0,0.02344058378794166,0.0,0.0,0.02767932489451477,0.24082766644600911,0.0,0.240088392044716,9.490624618680261e-05,0.24082766644600911,0.009949889674798425,0.2443387726499149,0.19102984905699205,0.037737186367226255,0.08159473666954459,0.6911153644810889,0.0068228660775627205,0.13458199786324787,0.007303207601975186,0.29552381262269656,0.6651938483835903,0.2222296198893679,0.4911115915814564,0.19128302757586246,0.15547370612030662,0.48437913688112255,0.30225796998627324,0.32132889803512527,0.277342675950153,0.27431063512655607,0.26347005626353537,0.26347005626353537,0.18181818181818182,0.18181818181818182,0.0,0.00014632005072428425,0.4430166511889079,0.5291308248456382,0.5537480659446193,0.5142062504574397,0.17544833298819631,0.38170420546827444,1.0
0.8846153846153846,0.6744977868573374,1.0,0.10854000590493063,0.4920432943697743,0.5012023183163433,0.0,0.019838721187468777,0.0,0.0,0.019350456039400207,0.0,0.05382981080019736,4.0448983719284053e-05,0.0,0.0,0.4141667000440582,0.04455606621385285,0.0,0.2321353824074628,0.2579150657434535,0.10694965469124441,0.0,0.031533765931384954,0.0,0.3999243748147694,0.0,0.0006720703840984075,0.016248138758098916,0.0015188176266641526,0.004855054909560724,0.0,0.022443061680662117,0.4141667000440582,0.2620700791215889,0.0,6.072690100503021e-05,0.0,0.0,0.0,0.0449038133638242,0.00016223231667748214,0.04462598366147047,9.490624618680261e-05,0.044763394916852224,0.005856515373352854,0.0446591250375413,0.005782547407628435,0.029586278123164778,0.026283865750101092,0.695908585263709,0.017637582620643907,0.0073005698005698,0.0019814100170131538,0.0023969891213570646,0.04774749386046137,0.45193273301264447,0.48892838120751575,0.4277373947155878,0.15547370612030662,0.48437913688112255,0.31445779416074154,0.32132889803512527,0.2913743403255133,0.4918490711860664,0.4848023158375866,0.4848023158375866,0.30244755244755245,0.30244755244755245,0.0,0.00014632005072428425,0.47237759972356,0.531911974246662,0.5237368617617244,0.5166947229744565,0.17258231517912612,0.3816653498944424,1.0
0.7884615384615384,0.6785835886959483,1.0,0.12171538234425745,0.3557876082488035,0.4161408664912858,0.0,0.0018758091975818372,0.31120931418373415,0.01641315014720314,0.0017482342833737925,0.36350695368985925,0.02207163211261366,0.3497825867125089,0.0,0.728974602085897,0.0,0.0,1.0016226286584267e-05,0.03323765672028543,0.0,0.30800732074784876,0.014652103363929185,0.44559286516910807,0.0,0.0,0.0,0.0,0.31383556682361463,0.029894520734479253,0.031381217700258396,0.0,0.0,0.0,0.5924935410947845,0.0,0.00030363450502515104,0.0,0.0,0.0,0.12650699083268138,0.0052563270603504225,0.12125908668219859,0.03442385129547026,0.1470281438687288,0.009650877446229352,0.1504254680148163,0.08884750331827676,0.029586278123164778,0.061933749357930515,0.7071309383588535,0.06371561915140603,0.060541310541310546,0.1803394331715009,0.027212876495406674,0.45901606344860907,0.2838373918784711,0.4005558221580032,0.15627091265720547,0.15547370612030662,0.48437913688112255,0.31462745037555717,0.32132889803512527,0.2915694709299747,0.23195230340335093,0.2286291068571864,0.2286291068571864,0.2465034965034965,0.2465034965034965,0.0,0.00014632005072428425,0.44846986156404556,0.5072352103013351,0.5327162140532465,0.46237283173534355,0.25650031062331746,0.39920864147962026,1.0
0.7884615384615384,0.6785835886959483,0.75,0.06556933372699537,0.5674220685889148,0.6037693193028608,0.0,0.0018758091975818372,0.31120931418373415,0.016449950932286555,0.0017482342833737925,0.36350695368985925,0.05400098677917292,0.3201233694003438,0.0,0.7313751992092151,0.0,0.0,1.0016226286584267e-05,0.032898802049074125,0.0,0.30800732074784876,0.014652103363929185,0.4361681665873683,0.0,0.0,0.0,0.0,0.35197593464525734,0.10763703401104023,0.16096374354005166,0.0,0.0,0.0,0.0,0.0,0.00021254415351760575,0.0,0.0,0.0,0.17823112876371588,0.007603287908284664,0.1706546410823026,0.02984123540816465,0.1931856933662314,0.03226238838595261,0.21845029532485735,0.10506333021226683,0.029586278123164778,0.034906722330903486,0.741386925795053,0.03637677382672763,0.030215010683760684,0.09279430681771028,0.033709693163700254,0.362554853254962,0.37471218451261395,0.4911115915814564,0.349832698742356,0.15547370612030662,0.48437913688112255,0.3026358406465444,0.32132889803512527,0.2777772850237261,0.42575837036628117,0.419658501017532,0.419658501017532,0.28321678321678323,0.28321678321678323,0.0,0.00014632005072428425,0.4979428978683887,0.5336007177159744,0.4868164114602785,0.5030520383517528,0.27194036032304825,0.44727298630988616,1.0
1.0,0.6874361593462717,1.0,0.0023742741856116524,0.5517353294215225,0.5617292831305492,0.0,0.003435585323831952,0.00010622928528936857,0.00019627085377821392,0.0035364282075104145,0.0,0.000745118967305388,0.00025280614824552534,0.0036144192939621075,0.004387646002703193,0.12410381703849081,0.019125960873632407,0.0,0.022254778847495462,0.019069149745035024,0.006784836749345278,0.0,0.022736705708472107,0.00047922144946056864,0.04942208051016341,0.07179757996004868,0.0,0.0,0.004336486189234202,0.006419573643410853,0.003562231759656652,0.07609899514690187,0.12410381703849081,0.006135959954787664,0.0,0.00035424025586267623,0.0,0.0,0.0012296564195298373,0.010711921526147921,0.0,0.010679038886500214,0.001003294602546199,0.011383924093799522,0.005866826139855236,0.011362498748623487,0.0,0.029586278123164778,0.0,0.6959494830519566,0.002428276989410343,0.007233796296296296,7.261712104236691e-05,0.003503291792752633,0.004126575143926889,0.4575253693747677,0.4911115915814564,0.435940925349025,0.15547370612030662,0.48437913688112255,0.31212887703009085,0.32132889803512527,0.2886957293006342,0.5013607883187502,0.4941777579470883,0.49075515023561034,0.3688811188811189,0.3688811188811189,0.00019449477423251339,0.0002113511843795217,0.4870580739908862,0.534387038893873,0.5072613775809635,0.5174266266559321,0.17341892731414374,0.3829670116178166,1.0
1.0,0.6874361593462717,0.75,0.0023742741856116524,0.5500971083853219,0.5600953633673134,0.0,0.007105646797361633,0.005417693549757797,0.0005274779195289499,0.012397478546667865,0.02948405464637568,0.013754493369448109,0.0017291940539993934,0.003923617404655031,0.048213673317060377,0.17330876757319663,0.03587261560987514,0.0,0.022254778847495462,0.03576606076580732,0.009889076513948856,0.0,0.023425083263314536,0.00011058956526013122,0.06978978242429817,0.08605606961632953,0.017626573255671865,0.005432814197754437,0.0032471273397647405,0.001937984496124031,0.0031008583690987127,0.10550957530357036,0.17330876757319663,0.006963507185532053,0.0,2.0242300335010073e-05,0.0,0.00019968260974661327,0.0012296564195298373,0.14800104310846324,1.081548777849881e-05,0.14753672169504745,0.0033081605813685476,0.15036809692884798,0.005897758439362382,0.15011512663930324,0.08754077107491588,0.06572365889714667,0.0,0.6927103782227457,0.005804174267371065,0.0106948896011396,0.0022096352545748783,0.026854955042896346,0.15143524296469263,0.4532199270959903,0.4911115915814564,0.4314641744548286,0.15547370612030662,0.48437913688112255,0.31408763514659843,0.32132889803512527,0.2909486008248703,0.4956747357089625,0.4885731698026967,0.4885731698026967,0.3321678321678322,0.3321678321678322,0.00019449477423251339,0.00019509340096571232,0.47303630434313115,0.5253997572431263,0.5268100090700528,0.5127717192417477,0.17785876993166286,0.38231941872061553,1.0
0.4326923076923077,0.6891385767790262,1.0,0.16706032870780438,0.4920432943697743,0.5012023183163433,0.028649660754192757,0.0018758091975818372,0.0,0.0013370951913640825,0.03125842898672341,0.0,0.4644507768368693,4.0448983719284053e-05,0.06424923500122613,0.0,0.0,0.0,0.0,0.022254778847495462,0.0,0.3912353256418294,0.0,0.0326776874563437,0.0,0.0,0.0,0.2666388334487394,0.839239003581633,0.07059883312907855,0.025012112403100775,0.00037553648068669525,0.0,0.0,0.0,0.0,0.0002226653036851108,0.0,0.0,0.010705244122965642,0.0002708070048745261,0.0,0.0002699757021868032,0.006358718494515775,0.0002708070048745261,0.006042109170395727,0.0,0.0,0.029586278123164778,0.0,0.6959494830519566,0.013468053351022243,0.3577835648148148,0.10893605543798499,0.188884911983861,0.0,0.45350288786431203,0.4911115915814564,0.4317583939079266,0.15547370612030662,0.48437913688112255,0.31462745037555717,0.32132889803512527,0.2915694709299747,0.4955698473598499,0.48846978419614967,0.48846978419614967,0.23076923076923078,0.2395104895104895,0.0,0.00014632005072428425,0.45864198864004496,0.5260963639242175,0.47771434668943075,0.4268681841469662,0.3288714019465728,0.42437410146485516,1.0
0.14423076923076922,0.6915219611848825,1.0,0.032526326149001084,0.4529681165094558,0.47582004274909573,0.0,0.0018758091975818372,0.019716155349706804,0.002477919528949951,0.02230746945584959,0.02308338283186203,0.0238941528299417,0.10189098998887654,0.0,0.14826208872122815,0.11831617735410742,0.058364176190669866,0.0,0.022254778847495462,0.05819081315071826,0.0020425290959280866,0.0,0.0001720943887106081,0.0,0.06090893296951488,0.0,0.00676143537941428,0.008813231920801641,0.004964962448543506,0.017583171834625325,0.023379828326180258,0.05896212166978796,0.11831617735410742,0.0016550944614887775,0.0,0.0,0.0,0.0,0.0,0.0002708070048745261,0.0,0.0002699757021868032,9.490624618680261e-05,0.0002708070048745261,0.006011176870888582,0.00041045149664631093,0.0,0.029586278123164778,0.0,0.6959494830519566,0.0021203003956314706,0.008391203703703705,0.01174322585999419,0.0009978416251803165,0.013909577680260882,0.44606268413255884,0.4911115915814564,0.4240221529941156,0.15547370612030662,0.48437913688112255,0.31462745037555717,0.32132889803512527,0.2915694709299747,0.4881669380882719,0.4811729369130146,0.4811729369130146,0.32167832167832167,0.32167832167832167,0.0,0.00014632005072428425,0.47831134051789304,0.5260752546308513,0.5237421970869125,0.5166508087535681,0.1753572168150756,0.383795930526234,1.0
0.5384615384615384,0.6932243786176371,1.0,0.004133451431945674,0.5031553785681536,0.5140116326866162,0.002083794721053373,0.0021918422689135597,0.0,0.0,0.00412583290876215,0.004475349732707945,0.005819983285169112,0.0012539184952978057,0.0,0.011448225777168102,0.038721111867665324,0.0076564851344206285,0.0,0.022254778847495462,0.007633742561409557,0.006157921878317846,0.0,0.0011844143223024204,0.00017202821262687082,0.015257892101255992,0.0,0.005743146918659118,0.006086764054891544,0.0019692256125024873,0.007772125322997416,0.003476394849785408,0.023903018586761714,0.038721111867665324,0.0005853382851606652,0.0,0.0,0.0,0.0,0.0013502109704641352,0.054662895428376566,0.006056673155959333,0.04889559939605436,0.0025895847173827567,0.05089165713827205,0.007464994947724414,0.052347582340574635,0.038625770406115915,0.029586278123164778,0.011529928634659731,0.696472974741526,0.002925777640899291,0.008057336182336183,0.000923274824681522,0.002342758598249439,0.05407826402029067,0.4527039398125801,0.4911115915814564,0.4309276566285911,0.15547370612030662,0.48437913688112255,0.31430356123818187,0.3214134693992614,0.2912501663044924,0.49497363990173615,0.48788211864314546,0.48788211864314546,0.32517482517482516,0.32517482517482516,0.0,0.00014632005072428425,0.47944517633846623,0.526170246451,0.5228992157071973,0.5171631413306008,0.1724083661213502,0.38194381484023887,1.0
0.8461538461538461,0.6959482465100443,1.0,0.01721041236098809,0.49982742011096626,0.5161593636961526,0.023767339789405866,0.0025180699554495315,0.0,1.226692836113837e-05,0.025963776585648492,0.0,0.005860259986104539,0.008261704924663767,0.001748568625987568,0.015724919811986846,0.06903112107982537,0.038933176068654166,0.0,0.022254778847495462,0.04485964254214779,0.0,0.0,0.00028344958140570745,0.004743063576712295,0.04945273936904068,0.0,0.010936418068510449,0.006750774679061531,0.0016235636698823702,0.002331637596899224,0.0,0.0206911133933426,0.06903112107982537,0.0004844178911674471,0.0,0.0,0.0,0.0,0.0,0.14950552646887727,0.0,0.14904658580727734,0.007755196116978728,0.15516238390403403,0.00784649330831254,0.1568024827310041,0.12372799390877569,0.029586278123164778,0.010917913465426608,0.6994830519565503,0.010009239297813366,0.012219551282051284,0.008765923897257147,0.001268994240718446,0.15686017955634285,0.4539301031419742,0.4911115915814564,0.4322026075920156,0.1556094514981765,0.4842864707439767,0.3143189845304379,0.3220477546302822,0.29192425384717724,0.49577410361864804,0.48867111406153074,0.48867111406153074,0.3304195804195804,0.3304195804195804,0.0,0.00014632005072428425,0.48982247370580745,0.5229246925959153,0.5158405804833804,0.5170460367415648,0.1722675502174363,0.38173010918416245,1.0
0.7211538461538461,0.6976506639427987,1.0,0.0067537643932683794,0.4935733309979239,0.5055440233475831,0.0,0.0018758091975818372,0.0,0.0,0.0017482342833737925,0.0,0.0,0.00010112245929821014,0.0019937947137785078,0.0019467027092453248,0.010403732927464254,0.002175946638467483,0.0,0.022254778847495462,0.0021694832777445485,0.006198367999029293,0.00014531011600590925,2.0246398671836248e-05,0.0,0.008533382387507537,0.0,0.0,0.00031188377801923616,0.000890341367354848,4.037467700258398e-05,0.001738197424892704,0.0020540083368573675,0.010403732927464254,0.0,0.0,0.0,0.0,0.0,0.0,0.0014041844697197648,0.0,0.0013998740113389794,9.490624618680261e-05,0.0014041844697197648,0.00640298599797909,0.001922114325758334,5.1446151313420244e-05,0.029586278123164778,0.0001639326346160151,0.6959494830519566,0.002309824453341546,0.007233796296296296,0.00021785136312710068,0.0005748435449408345,0.0016606948749949676,0.45365823887437096,0.4911115915814564,0.43191992615668623,0.15553705396331255,0.48437913688112255,0.31465829696006914,0.32132889803512527,0.2916670362322054,0.4956581743906815,0.48855684575955766,0.48855684575955766,0.3304195804195804,0.3304195804195804,0.000563011188567802,0.00032515566827618725,0.47860829751851935,0.5261280278642672,0.5234274129008163,0.5166874039376418,0.17208531787119485,0.38127679415612176,1.0
0.375,0.6990125978890024,1.0,0.007577994291900403,0.49834374822912425,0.5113449523183163,0.0,0.0018758091975818372,0.0,0.00029440628066732086,0.00198799212795077,0.003256661819224546,0.0007652573177731012,0.0005157245424208717,0.0009489183397127657,0.005335781000988481,0.025303400488645014,0.006395656241103022,0.0,0.022384340927664493,0.006508449833233646,2.0223060355723633e-05,2.4218352667651546e-05,0.0,0.0,0.006591654658613607,0.0,0.00400187365076779,0.006318161696647753,0.003582314678063036,0.0060360142118863055,0.0,0.018949233774341007,0.025303400488645014,0.0005348780881640563,0.0016199904706442902,1.0121150167505037e-05,0.0,0.0,0.0016395418927064498,0.02604762191330164,0.0026065325546182133,0.023557879790818824,9.490624618680261e-05,0.02363041864756976,0.006155527601921926,0.023866252878165982,0.015289796170348495,0.032401125939126384,0.0,0.6955977620730271,0.0038615526758427896,0.00764556623931624,0.0006224324660774306,0.002342758598249439,0.022504931760537864,0.4543240289174809,0.4911115915814564,0.4326122072227991,0.1559533397887802,0.48437913688112255,0.3146428736678131,0.32132889803512527,0.2920484278681982,0.49608876866598584,0.4889812708811718,0.4889812708811718,0.3339160839160839,0.3339160839160839,0.0003173335790109429,0.00022760896779333106,0.4765403969505216,0.5246028814185445,0.5269593981753188,0.5166288516431237,0.1742886726030234,0.38294110790192853,1.0
0.4519230769230769,0.7051413006469186,1.0,0.011514614703277236,0.5076321524060727,0.5215543817823085,0.04439388753548491,0.0049953614500820665,0.0,0.0011776251226692834,0.04981968212105773,0.021670114495217416,0.0010572633995549424,0.009515623419961572,0.0018978366794255314,0.03363861935405782,0.12125005006608724,0.07118599259771424,0.0,0.02242420618310112,0.0711468861832301,0.0073207478487719545,0.0008960790487031071,0.004271990119757448,0.0,0.0838111005508375,0.0014694739742382844,0.006466131725795283,0.02268702965914121,0.0071751039604478935,0.0025133236434108524,0.00036480686695278974,0.03934835578646368,0.12125005006608724,0.049955595026642985,0.00041293874741913283,4.0484600670020146e-05,0.0,0.0,0.0,0.10366893342159636,0.0,0.10335069843714065,9.490624618680261e-05,0.10366893342159636,0.007052564287629142,0.104625087596356,0.0033234213748469478,0.04958384803871935,0.0,0.6941990577149588,0.02579896235578404,0.01694934116809117,0.004865347109838583,0.04724563173136368,0.09897741454970008,0.4569261583359688,0.4911115915814564,0.4353178723895234,0.15684925928272145,0.48437913688112255,0.31538319169609946,0.32132889803512527,0.2937957337354206,0.49759032819012394,0.4904613174591082,0.4904613174591082,0.3374125874125874,0.3374125874125874,0.0,0.00014632005072428425,0.479412781029307,0.521578975143807,0.5245371605399349,0.51300592841982,0.18123006833712985,0.3851623515393284,1.0
0.23076923076923078,0.707524685052775,1.0,0.07036708985336089,0.5699927361897451,0.6083371012824729,0.19590690370251063,0.0018758091975818372,0.030445313163933032,0.0016069676153091265,0.22610163734628028,0.0,0.9608007008145963,0.8895439377085651,0.04036634645115203,0.0,0.0,0.2672957253833326,5.008113143292133e-05,0.02761665570372142,0.2720065692764672,0.4088900573323761,0.9907243709282894,0.29378536792767984,0.009559853530264678,0.0,0.0,0.7860677772799479,0.6575817940359773,0.04797368779394358,0.6013303456072351,0.022124463519313305,0.0,0.0,0.0,0.0,0.0,0.0,0.0,0.04964436407474382,0.0002708070048745261,0.0,0.0002699757021868032,9.490624618680261e-05,0.0002708070048745261,0.04160394283711051,0.0,0.0,0.029586278123164778,0.0,0.7914703572830781,0.057603468290256095,0.3085158475783476,0.06596746752977302,0.12919879825160793,0.0,0.0839394796850813,0.4911115915814564,0.047490481135340906,0.15547370612030662,0.48437913688112255,0.15378564708422662,0.3043582442984805,0.09589782251984567,0.24964531176681665,0.24606862627735637,0.24606862627735637,0.19405594405594406,0.19405594405594406,0.0,0.00014632005072428425,0.5701412435479343,0.5434112618080109,0.3991143360187803,0.49421064187952857,0.21672395941188652,0.39628152158427127,1.0
0.23076923076923078,0.707524685052775,0.75,0.07036708985336089,0.7690675019189853,0.806889181190398,0.1337151945881737,0.0018758091975818372,0.02247811676723039,0.08270363101079489,0.22293483581582602,0.0,0.8797539093572846,0.9795429264839721,0.03982258425648517,0.0,0.0,0.3815329239028755,0.0017027584687193253,0.028742849169806052,0.38872274206465873,0.42374389516365507,0.48242958513961876,0.11663950274844861,0.010678036912339336,0.0,0.0,0.9942364873121258,0.9496659825345083,0.07995265478846536,0.7011769218346252,0.01861587982832618,0.0,0.0,0.5230704020668496,0.0,0.0,0.0,0.0008617881052222257,0.04964436407474382,0.0002708070048745261,0.0,0.0002699757021868032,9.490624618680261e-05,0.0002708070048745261,0.02924133380075475,0.0,0.0,0.029586278123164778,0.0,0.6694722549404529,0.09531875577456113,0.22391381766381765,0.04753309265944645,0.3183982472694932,0.0,0.10760831571763847,0.4911115915814564,0.07210107303565248,0.15547370612030662,0.48437913688112255,0.15877508212903127,0.3365235531249119,0.12187680163200143,0.25702613928068674,0.25334370816963947,0.25334370816963947,0.19755244755244755,0.19755244755244755,0.0,0.00014632005072428425,0.4442584713733452,0.5221700353580663,0.569151149762578,0.5273658786503695,0.20464692482915717,0.4161755753862892,1.0
0.75,0.7116104868913857,1.0,0.07632122822556835,0.4920432943697743,0.5012023183163433,0.0,0.0018758091975818372,0.008137163253165632,0.002477919528949951,0.011408477437787834,0.754040104049321,0.01783250933916003,4.0448983719284053e-05,0.0033585312023541704,0.0,0.0,0.3973847968438606,0.0,0.022254778847495462,0.0,0.00023256519409082176,0.0,0.01915309314355709,0.7742866973040721,0.0,0.0,0.0035640096126430694,0.0029779870417320615,0.002210141511904388,0.04785408591731266,0.00012875536480686693,0.0556998731347792,0.0,0.5450104957209753,0.0,0.0,0.0,0.0,0.0,0.004663898417283505,0.0,0.00464958153766161,9.490624618680261e-05,0.004663898417283505,0.005670921576309983,0.004464911402542797,0.001471359927563819,0.029586278123164778,0.0024152741500092895,0.6980025520219867,0.0018715500698869964,0.14483173076923075,0.05218058840615793,0.004284211325502446,0.18556503885019526,0.35368431565105946,0.4911115915814564,0.3279681550709588,0.15547370612030662,0.48437913688112255,0.31462745037555717,0.32132889803512527,0.2915694709299747,0.39625162162908173,0.3905744974915387,0.3905744974915387,0.24125874125874125,0.24125874125874125,0.0,0.00014632005072428425,0.5445003563484008,0.5261385825109505,0.4577602304860481,0.5159555002561662,0.1739656243528681,0.38209276120659513,1.0
0.75,0.7116104868913857,0.75,0.07632122822556835,0.4920432943697743,0.0,0.0,0.0018758091975818372,0.008211523752868191,0.002453385672227674,0.011468416898932078,0.7551768633635786,0.01774188676205532,4.0448983719284053e-05,0.003379855209988165,0.0,0.0,0.4517021190059788,0.0,0.022254778847495462,0.0,0.00023256519409082176,0.0,0.019132846744885253,0.7750976874493131,0.0,0.0,0.007128019225286139,0.0032999315867841762,0.0032680765484083838,0.05005450581395349,9.656652360515021e-05,0.0627177349523752,0.0,0.45311238495075085,0.0,0.0,0.0,0.0,0.0,0.010601592746384225,0.0,0.010569048785609296,9.490624618680261e-05,0.010601592746384225,0.0058255830738457096,0.010541595755330863,0.0026854890985605366,0.029586278123164778,0.004611971453863892,0.6973400078523755,0.001587263983321883,0.5144008190883191,0.03258433959915349,0.004099827546936517,0.5027678247916583,0.18219344529702558,0.4911115915814564,0.14965385946694354,0.15547370612030662,0.48437913688112255,0.31462745037555717,0.32132889803512527,0.2915694709299747,0.2256203593806067,0.2223878810303736,0.2223878810303736,0.08741258741258741,0.08741258741258741,0.0,0.00014632005072428425,0.723452044144008,0.5261016412475592,0.2805207277383556,0.515333382126912,0.17550631600745495,0.3827468300327682,1.0
0.7884615384615384,0.7194416070820565,1.0,0.14266558409605354,0.3559473090416407,0.42505035350213743,0.19635990255491353,0.0018758091975818372,0.0,0.001962708537782139,0.19820980809382524,0.16254634086393707,0.06261013160412031,0.023915461624026694,0.0001279440458039684,0.24674709003247866,0.2934673769375576,0.12461870093952089,0.00014022716801217975,0.023630130160058996,0.12578947901988016,0.0,0.0,0.0023384590465970866,0.0,0.12916577244994942,0.0,0.04609791861838622,0.06687391846754397,0.012674271229404309,0.04331193475452197,0.0007725321888412017,0.16783463219154635,0.2934673769375576,0.03258719522041014,0.0,0.00015181725251257552,0.0,0.0,0.0,0.37308178371547207,0.042169586848366865,0.33295003449689525,0.001477825833480212,0.3349982949188582,0.017548924587053802,0.34571028130944037,0.21980882610171934,0.031003827383001555,0.10290597916962656,0.7038182175107971,0.0205041339935088,0.06274483618233619,0.012210050209552263,0.008698575906463193,0.40716212407906927,0.42065169748719744,0.5030243264479589,0.4106322833737164,0.15547370612030662,0.48437913688112255,0.31462745037555717,0.32132889803512527,0.2915694709299747,0.475353998178255,0.46854356887113796,0.46854356887113796,0.32342657342657344,0.32342657342657344,0.0,0.00014632005072428425,0.4733818543074963,0.5251728323394373,0.527962439310676,0.5145063309668447,0.1750755850072479,0.38167830175238643,1.0
0.5769230769230769,0.7218249914879128,1.0,0.07154807597677394,0.45772307882522034,0.49685547517264056,0.12565181501540196,0.0018758091975818372,0.001784651992861392,0.0041584887144259074,0.1314971878402813,0.11449521741802018,0.11449659158418334,0.08245525331176055,0.0008636223091767868,0.31047386576829195,0.42979733247887214,0.20694879407817138,0.0,0.022912555562199764,0.2069930353504121,2.0223060355723633e-05,0.31985178368167394,0.0021967342558942326,0.0,0.34587280661413783,0.0,0.03927538593132663,0.020534025514105193,0.003582314678063036,0.02830264857881137,0.0012231759656652359,0.0914235083267887,0.42979733247887214,0.07825367350234136,0.0,1.0121150167505037e-05,0.0,0.0,0.0,0.37616095965978613,0.0013951979234263466,0.3737163655271025,0.004528383746627438,0.3781468776955327,0.006423607530983854,0.37798578436279906,0.2475074339688648,0.029586278123164778,0.0,0.7202182305980893,0.020267228921371207,0.05825988247863249,0.012842856550064318,0.13814683456436622,0.4747473730826523,0.4012827554830584,0.4911115915814564,0.3774604822891427,0.15547370612030662,0.48437913688112255,0.31462745037555717,0.32132889803512527,0.2915694709299747,0.4436114714731293,0.4653277323727541,0.4653277323727541,0.3181818181818182,0.3181818181818182,0.0,0.00014632005072428425,0.5230384640304084,0.5254419758298591,0.48045670383609873,0.5170240796311205,0.1738413750258853,0.38294110790192853,1.0
0.46153846153846156,0.7221654749744637,1.0,0.03349817931305974,0.5742892026809127,0.5972233640249919,0.03653184078600334,0.0018758091975818372,0.0,0.0014352306182531893,0.03916044794757295,0.00155664338528972,0.00937440214272049,0.023440186065325108,0.0009809043511637577,0.0351919469044401,0.25956262266191377,0.03345263757270102,0.0,0.02405868165600271,0.035188207743230504,0.15642537185152228,0.0,0.04487614265612504,0.0,0.23886316951283074,0.0,0.0011404830760457824,0.011781158195500826,0.008819616838973907,0.004542151162790698,0.0005579399141630902,0.025665035542399163,0.25956262266191377,0.24771919909575327,0.00017999894118269892,0.0005262998087102619,0.0,0.01291631196729409,0.011717902350813743,0.08515375819943431,0.0,0.08489235968762811,9.490624618680261e-05,0.08515375819943431,0.016569401769327533,0.09538492341575734,0.0,0.029586278123164778,0.012600955180817695,0.6959494830519566,0.024780270545592384,0.015024038461538462,0.004564504751234491,0.04740832330068656,0.08685937437094891,0.45848521668691783,0.4911115915814564,0.43693896388600434,0.1571297997303192,0.4855904156738152,0.31462745037555717,0.32132889803512527,0.2915694709299747,0.5005272019652764,0.49335611444242505,0.49335611444242505,0.3356643356643357,0.3356643356643357,0.0,0.00014632005072428425,0.4782951428633134,0.5260963639242175,0.5237688737128527,0.5166947229744565,0.17200248498653967,0.3812120348664016,1.0
0.5769230769230769,0.7293156281920327,1.0,0.0059295344946363555,0.49080690113490594,0.5024508796448537,0.0037145905897038394,0.0018758091975818372,0.00010622928528936857,0.0,0.005534410245651892,0.0032669028941277674,5.034587616928298e-05,0.0024370512690868643,0.0,0.0056585503621068775,0.011845636239836584,0.0,0.0,0.022254778847495462,0.0,1.0111530177861816e-05,0.007846746264319101,1.0123199335918124e-05,0.0,0.0033213763783711972,0.0,0.008431428455052747,0.0,0.0008274937414239177,0.00029271640826873386,0.0,0.00862884874846453,0.011845636239836584,0.0001311965121911836,0.0,0.0,0.0,0.0,0.00162748643761302,0.0002708070048745261,0.0,0.0002699757021868032,9.490624618680261e-05,0.0002708070048745261,0.00559874621079331,1.0011012113324657e-05,0.0,0.029586278123164778,0.0,0.6959494830519566,0.0014806567008599654,0.0073562143874643885,0.0,0.00013015325545830215,0.0002314908007568743,0.45338082635640853,0.4911115915814564,0.43163147571247257,0.15547370612030662,0.48437913688112255,0.31458889214491725,0.32132889803512527,0.2915251230653244,0.49547047945016426,0.4883718399373157,0.4883718399373157,0.3304195804195804,0.3304195804195804,0.0,0.00014632005072428425,0.4770641211152626,0.5267824159586257,0.5242703942805313,0.5166654468271975,0.1720604680057983,0.3812379385822896,1.0
0.5769230769230769,0.7293156281920327,0.75,0.0059295344946363555,0.49089963062752107,0.5025382275567248,0.0037145905897038394,0.0018758091975818372,0.0,0.0,0.005434511143744818,0.0021915900292894743,0.0001913143294432753,0.0018606532510870666,0.0,0.004175828609469246,0.010443785797252374,0.0,0.0,0.022254778847495462,0.0,0.0,0.0077498728536484944,0.00016197118937468999,0.0,0.0034337921942545297,0.0,0.003665838458718586,0.003410600024145841,0.000858917554389383,4.037467700258398e-05,0.0,0.007118548500775288,0.010443785797252374,0.0001311965121911836,0.0,0.0,0.0,0.0,0.00162748643761302,0.0015345730276223146,0.0,0.0015298623123918846,9.490624618680261e-05,0.0015345730276223146,0.005588435444290929,0.0012613875262789068,0.0,0.029586278123164778,0.002775925946164523,0.6947716267504254,0.0014806567008599654,0.007233796296296296,0.0,8.676883697220143e-05,0.0011775836386327951,0.4535528221175453,0.4911115915814564,0.4318103149878851,0.15547370612030662,0.48437913688112255,0.31465829696006914,0.32132889803512527,0.291604949221695,0.4956029699964117,0.4885024322824277,0.4885024322824277,0.3304195804195804,0.3304195804195804,0.0,0.00014632005072428425,0.47757704684361707,0.5261755237743416,0.5245104839139946,0.5168411037107516,0.17201905156347072,0.38135450530378584,1.0
0.15384615384615385,0.7306775621382363,1.0,0.0040719417380179115,0.4908584175196921,0.5017212676751068,7.046648815156336e-05,0.0018758091975818372,0.004769694909492649,0.0013984298331697741,0.007442483092077003,0.004342215758966061,0.004067946794478064,0.0008292041662453231,0.0001279440458039684,0.00926953258961893,0.0159110025233308,0.005216171147354292,0.0,0.022254778847495462,0.005200677203191371,0.0008999261858297016,0.0,0.0010021967342558943,0.0,0.007163953357656028,0.0,0.0028613905747220075,0.004939836613143386,0.0013721731661586484,0.0006459948320413437,0.0,0.008940977466320306,0.0159110025233308,3.0276118197965443e-05,0.0,6.072690100503021e-05,0.0,0.0,0.00037371910789632307,0.022286413512266554,0.0018061864590093013,0.02054815066644002,9.490624618680261e-05,0.020611422037672265,0.00571216464231951,0.020432475723295627,0.012347076315220858,0.029586278123164778,0.0,0.6962521266849889,0.004453815356186775,0.008291043447293448,8.299099547699075e-05,0.005347129578411913,0.020975079512057654,0.45326431309886434,0.4911115915814564,0.4315103265259028,0.15547370612030662,0.48437913688112255,0.31462745037555717,0.32132889803512527,0.2915694709299747,0.4953324684644898,0.48823580624449064,0.48823580624449064,0.32867132867132864,0.32867132867132864,0.0,0.00014632005072428425,0.4790888279377147,0.526117473217584,0.5230752814384036,0.5168484227475664,0.17204390142886727,0.3813804090196739,1.0
0.5384615384615384,0.7364657814096016,1.0,0.014922251746875309,0.9578853554372968,0.9720538063137125,0.09243189917252209,0.017473570460082983,0.0,0.010635426889106967,0.11741141447138391,0.051102963767076987,0.0012284393785305045,0.0345029831125493,0.003369193206171168,0.08912468983881705,0.0,0.11615894578435758,0.0,0.022254778847495462,0.11581391105118562,0.04588612394713692,0.0,0.01316015913669356,0.0,0.17641107397982647,0.6829839505889376,0.0,0.08236749969817699,0.057997884129926985,0.2002483042635659,0.019474248927038626,0.9544292071930567,0.0,0.03506983691264331,0.0,0.0007793285628978877,0.0,0.0,0.0,0.045987041383322304,0.0,0.045845873871351576,9.490624618680261e-05,0.045987041383322304,0.06600952714824819,0.10429472419661628,0.0,0.05159879305805876,0.0,0.7020514330585003,0.002523039018265381,0.01710514601139601,0.017635586538860534,0.008286423930845237,0.06399210918313943,0.4760232360725046,0.4854373539912144,0.44897311641859927,0.1704237970697098,0.48437913688112255,0.31803599796412546,0.3302511769514842,0.31575679631025766,0.4969830798531563,0.48986276921067806,0.48986276921067806,0.3356643356643357,0.3356643356643357,0.002190625351881993,0.0009754670048285616,0.4799419044122411,0.5966963955881577,0.47340873926265803,0.5477567152162776,0.17211845102505693,0.40878654042922463,1.0
0.21153846153846154,0.7470207694926796,1.0,0.2250270642653282,0.5466506622431263,0.6496578017099639,0.5280557289254867,0.0018758091975818372,0.08803220871929975,0.006280667320902845,0.6136801830151547,0.12808512381459558,0.4681864408486301,0.023601982000202245,0.00035184612596091315,0.6189808557422687,0.0,0.004545084800911051,0.0010316713075181794,0.022254778847495462,0.005575774779250008,0.7809539217569795,0.0,0.045675875403662566,0.16031800643877023,0.9743691939786001,0.0,0.0,0.5330496197030061,0.0023148875551226053,0.008801679586563306,0.023315450643776825,0.5655772367546669,0.0,0.10930687873405458,0.004012917571073111,0.1561693470846027,0.0,0.28071171085958113,0.018698010849909585,0.3068644560791158,0.0,0.305922466977972,9.490624618680261e-05,0.3068644560791158,0.008454828531953064,0.30878966863549906,0.0,0.029586278123164778,0.017311286215451197,0.6959494830519566,0.0892066049134112,0.06479255698005698,0.0026764596041329515,0.20726905931734615,0.33747332823382586,0.4386058356497279,0.4911115915814564,0.4162686050536517,0.15687640835829542,0.48437913688112255,0.31462745037555717,0.32132889803512527,0.29294425473413455,0.47989179938723125,0.47301635669122527,0.47301635669122527,0.3269230769230769,0.3269230769230769,0.0,0.00014632005072428425,0.5042869792454053,0.5236476858937147,0.5010510590620498,0.5173607553245992,0.17232553323669497,0.382060381561735,1.0
0.75,0.7490636704119851,1.0,0.024357838795394157,0.11635490667806896,0.1366737915159487,0.2560651513016167,0.0018758091975818372,0.010251126030424067,0.0015947006869479882,0.26679054155303145,0.32462159228232595,0.060394913052671854,0.8158863383557488,0.004414069580236909,0.0,0.7447230344054152,0.1780412413063814,0.0,0.034802367996172937,0.190275848784988,0.0053489994640889,1.0,0.002297966249253414,0.0,0.6215266067796956,0.0,0.08326544743594966,0.015272244355909693,0.001833055756318805,0.03798247739018088,1.072961373390558e-05,0.13650093638615357,0.7447230344054152,0.4957714354916842,0.0,3.0363450502515105e-05,0.0,0.0,0.010741410488245931,0.2937453611763054,0.03388492321003677,0.26151646351828334,0.00023048659788223492,0.2624220176124852,0.019724496319056362,0.2753829212133347,0.18767555999135704,0.029586278123164778,0.0,0.7031065959952887,0.01971050200184786,0.08454638532763534,0.04086269139798332,0.11243072050673,0.42177623897902494,0.3736247274422011,0.4911115915814564,0.3487019730010384,0.15547370612030662,0.48437913688112255,0.27670157471813933,0.32132889803512527,0.24794891125992283,0.44323608159209477,0.41491364581179463,0.41491364581179463,0.21153846153846154,0.21153846153846154,0.0,0.00014632005072428425,0.47956935835690995,0.5651960525621404,0.4831723843568265,0.5169582082997877,0.17253261544833298,0.3818596277636027,1.0
0.75,0.7541709227102485,1.0,0.10452957386084047,0.44500883505999084,0.4979498931272608,0.015240894723066702,0.0018758091975818372,0.0074360499702558,0.0008096172718351325,0.02452522951818663,0.07860024988222764,0.027589540140767067,0.16930933360299322,0.0007143542557388236,0.2745657743438704,0.28906156126086435,0.14922520030910644,6.00973577195056e-05,0.0784647890131356,0.20602994697945073,0.0,0.0,0.027201036615611997,0.0,0.23515344758868076,0.0,0.032239012667508456,0.013038754074610649,0.002157768490295279,0.012808866279069766,0.0,0.058992327674741746,0.28906156126086435,0.09458259325044405,0.0,0.0,0.0,0.0,0.0,0.4077651401175503,0.044224529526281635,0.3656270935615794,9.490624618680261e-05,0.3667529237126637,0.006258635266945745,0.3664430873961358,0.2674788299087345,0.032634009031813856,0.0,0.70102898835231,0.013645732155125441,0.040531517094017096,0.009066766255861239,0.0649139361598282,0.3803997745480897,0.44689492168644623,0.4911115915814564,0.42488750432675665,0.15547370612030662,0.48437913688112255,0.3273053966099604,0.32132889803512527,0.306151048826999,0.47991940158436613,0.44720260314074584,0.44720260314074584,0.3146853146853147,0.3146853146853147,0.0,0.00014632005072428425,0.5111223894780036,0.5262546836244656,0.4912927492930694,0.5168630608211959,0.1728887968523504,0.382060381561735,1.0
0.7980769230769231,0.7582567245488594,1.0,0.058667946068300364,0.4239386336824427,0.4577801298914831,0.008093579496265275,0.0018758091975818372,0.0001699668564629897,0.002024043179587831,0.01157830591102986,0.05132826741494787,0.3795776987906921,0.02124582869855395,9.595803435297629e-05,0.4520284037037784,0.3739736452116795,0.04323422947085859,2.0032452573168534e-05,0.022613566146425082,0.04349104327815006,0.017452501086989494,0.0,7.086239535142686e-05,0.0006758251210341353,0.062114848085354266,0.0,0.13032055720744573,0.011308302144955531,0.002838617771213692,0.16095364987080105,0.012972103004291845,0.31484725830161703,0.3739736452116795,0.1697481026965929,0.0,0.0001416961023450705,0.0,0.0,0.0,0.406160357866442,0.016677482154445165,0.38949494545490904,0.046748105264585046,0.42520711720928367,0.013115294991029631,0.4314445890479528,0.29753367150603466,0.07745894169822401,0.01980306226161463,0.7580241460541814,0.012923171685105778,0.017483529202279205,0.00796713556579111,0.002537988481436892,0.4623273883811748,0.4377569533447628,0.4911115915814564,0.41538594669435785,0.15547370612030662,0.48437913688112255,0.31462745037555717,0.32132889803512527,0.2915694709299747,0.4799028402660852,0.47290208838925224,0.47290208838925224,0.31993006993006995,0.31993006993006995,0.0,0.00014632005072428425,0.5140541649569143,0.5262810702411737,0.4885930747479058,0.5171631413306008,0.1729799130254711,0.38239065393930766,1.0
0.9711538461538461,0.763023493360572,1.0,0.013286093888396812,0.48429007845945404,0.49901862051956597,0.007982846443455677,0.0018758091975818372,0.034152715220531996,0.00011040235525024532,0.041877703519445364,0.0,0.00470230483421103,0.0017595307917888563,0.00019191606870595259,0.006616771902927115,0.04252613449753675,0.003985846178875015,5.008113143292133e-05,0.023709860670932247,0.0055048103729686436,0.000980818427252596,0.0025429270301034123,0.0009110879402326311,0.0,0.008543602007133295,0.0,0.015946397295425848,0.01196225200209264,0.000890341367354848,3.0281007751937984e-05,0.0069420600858369095,0.03434422763245333,0.04252613449753675,0.0,0.0,2.0242300335010073e-05,0.0,0.0,0.0,0.0299492487613087,0.0029093662124161797,0.027167554920057194,0.00033895087923858073,0.027431746604882547,0.005763718474831419,0.02728000800880969,0.020773955900359097,0.03222899495757477,0.0,0.6933892815076561,0.0036483381109189547,0.008457977207977209,0.0004045811029503299,0.0045662100456621,0.027376303393856435,0.45353062911610825,0.4915492883472465,0.43226606668974266,0.15547370612030662,0.48437913688112255,0.3145194873297654,0.32132889803512527,0.2914452969089539,0.49613293218140164,0.4890248016628758,0.4890248016628758,0.3339160839160839,0.3321678321678322,0.0,0.00014632005072428425,0.47746906247975296,0.5250303446092142,0.5257002614309342,0.5167459562321598,0.17201905156347072,0.38127679415612176,1.0
0.7115384615384616,0.7677902621722846,1.0,0.5730243086310403,0.4920432943697743,0.5012023183163433,0.0,0.0018758091975818372,0.0004355400696864111,0.1692468105986261,0.0017482342833737925,0.035843762161276445,0.0,4.0448983719284053e-05,0.045388150248957794,0.0,0.0,0.0,0.012109617580480379,0.5115310251350436,0.0,0.01320565841228753,0.0,0.4501989208669508,0.014929591310117715,0.0,0.08848988588616169,0.09361125819722212,0.7926073483842409,0.0007855953241366307,0.48862443475452194,0.1099892703862661,0.0,0.0,1.0,0.0,0.9983300102223617,0.0,0.0,0.1701627486437613,0.0002708070048745261,0.0,0.0002699757021868032,0.04441612321542362,0.0002708070048745261,0.4192254552203411,0.0,0.0,0.029586278123164778,0.0,0.6959494830519566,0.49143588164222596,0.20680867165242167,0.7989439395825553,0.15238776993242878,0.0,0.6143133762767912,0.4911115915814564,0.598967347409715,0.15547370612030662,0.48437913688112255,0.31462745037555717,0.42732500775237503,0.3582686593640516,0.6140605592205141,0.59780278379349,0.59780278379349,0.3374125874125874,0.3374125874125874,0.0,0.00014632005072428425,0.4782951428633134,0.39253786479497593,0.5237688737128527,0.6903242333308937,0.17200248498653967,0.3812120348664016,1.0
0.6442307692307693,0.7783452502553626,1.0,0.9122379687038676,0.4920432943697743,0.5012023183163433,0.0,0.0018758091975818372,0.09081541599388118,0.1494847890088322,0.0017482342833737925,0.0,0.0,4.0448983719284053e-05,0.4635626019554115,0.0,0.0,0.5123744255094156,0.0839760411867225,0.04201797923020192,0.6159507709775854,0.0,0.0,0.0,0.4976161804821705,0.0,0.28700663559341494,0.622092786444544,0.0,0.07145775068346792,3.0281007751937984e-05,0.0,0.0,0.0,0.4981935249475214,0.012282280692466514,0.4626681376071577,0.0,0.1588842996920684,0.30362869198312237,0.0002708070048745261,0.0,0.0002699757021868032,0.012039535230554389,0.0002708070048745261,0.005588435444290929,0.0,0.0,0.04820680018630647,0.0,0.7363401387252978,0.22303428016393828,0.9929220085470086,0.16371011245279887,0.8340762914999078,0.0,0.45350288786431203,0.4911115915814564,0.4317583939079266,0.15547370612030662,0.48437913688112255,0.31462745037555717,0.32132889803512527,0.2915694709299747,0.4955698473598499,0.48846978419614967,0.48846978419614967,0.29545454545454547,0.29545454545454547,0.0,0.00014632005072428425,0.4703312960283351,0.22724154308934508,0.837459318145441,0.5217448583766375,0.22217436322219924,0.4249051276405601,1.0
0.3942307692307692,0.7793667007150153,1.0,0.4752977069186104,0.3249344454003596,0.533048339362052,0.0,0.0018758091975818372,0.07935327611115833,0.0037904808635917564,0.0017482342833737925,0.427800421932286,0.23828703190921632,0.16802507836990596,0.004179505496262967,0.8315547396663372,0.0,0.04037702851100175,0.0013622067749754602,0.051495943710259326,0.071380054946726,0.04555244345126747,0.0,0.0,0.5032808237693839,0.0,0.0005051316786444103,0.0864119587796831,0.25302829087689643,0.1137437283306623,0.14433947028423771,0.5721781115879828,0.0,0.0,0.4915226869045697,0.0,0.012115016750503528,0.0,0.0,0.0,0.5495677117811076,0.0,0.5478806907378335,9.490624618680261e-05,0.5495677117811076,0.016961210896418038,0.5593052357593353,0.006214695078661165,0.042708734128510964,0.4976885498519142,0.7176989268420365,0.06635711070574021,0.21965144230769232,0.00591310842773559,0.06398117116237703,0.8165586376263134,0.31334298728895843,0.4911115915814564,0.28602169147340484,0.15547370612030662,0.48437913688112255,0.31481252988262876,0.32132889803512527,0.29178234068029624,0.35598553644870135,0.35088530727290534,0.35088530727290534,0.256993006993007,0.256993006993007,0.0,0.00014632005072428425,0.3171554758870916,0.5333526835189192,0.6872645787760764,0.5326063090097343,0.1833588734727687,0.40416920307218074,1.0
0.36538461538461536,0.7817500851208716,1.0,0.012363448479480368,0.49807586302823614,0.5123828510358435,0.0,0.0018758091975818372,0.0,0.0,0.0017482342833737925,0.00013313397374188396,0.0,8.089796743856811e-05,0.0002665500954249342,0.00041354824393294466,0.02219930308006569,0.00010167974946109734,0.0,0.022254778847495462,0.00010137772325909106,0.0038019353468760424,4.843670533530309e-05,0.017867446827895487,0.0,0.021992621434630204,0.0,0.0,0.0,0.0012255287056531438,0.0001917797157622739,6.437768240343347e-05,0.0006544634406653376,0.02219930308006569,0.0,0.0,0.0,0.0,0.0,0.0,0.0012236464664700808,0.0,0.0012198902098811107,9.490624618680261e-05,0.0012236464664700808,0.005722475408821892,0.0010811893082390632,0.0,0.029586278123164778,0.0,0.6959494830519566,0.0015991092369287627,0.007256054131054131,6.224324660774305e-05,0.00016269156932287768,0.0003220741575747816,0.45392455489161493,0.4911115915814564,0.43219683858313135,0.1556999484167564,0.48437913688112255,0.3146197387294292,0.32132889803512527,0.29178234068029624,0.49585138977062576,0.48874729292951274,0.48874729292951274,0.3304195804195804,0.3304195804195804,0.0,0.00014632005072428425,0.47842472409995035,0.525800833817088,0.5237688737128527,0.5164678328331992,0.17244149927521227,0.38135450530378584,1.0
0.7211538461538461,0.7878787878787878,1.0,0.09702539120165339,0.4517008134437157,0.5014849145018087,0.03726670559101251,0.0018758091975818372,5.311464264468429e-05,0.0029317958783120707,0.04117840980609584,0.05416504516314032,0.1309294855658373,0.01388411366164425,0.001364736488575663,0.19960259022412297,0.23822445628229263,0.04965022166185382,0.00010016226286584267,0.023171679722537822,0.05053679504465689,5.055765088930908e-05,0.0,0.013342376724740085,0.0,0.06446536059927849,0.0,0.0804346055150503,0.05634029538412008,0.011029758350878294,0.01569565568475452,0.015600858369098712,0.1760405968706579,0.23822445628229263,0.044475617632811236,0.0006882312456985547,0.009129277451089542,0.0,0.0,0.0,0.5835188862811177,0.033582089552238806,0.5506704396604306,0.027848204238241792,0.5728972337565946,0.008980677623574537,0.5748523375713285,0.4566257498276554,0.029586278123164778,0.0,0.7053559743489073,0.01661889081045225,0.031049679487179488,0.003101788455952529,0.10367791407715919,0.591851523813358,0.4458352058678296,0.49216628258336015,0.42493942540671503,0.15547370612030662,0.48437913688112255,0.31462745037555717,0.32132889803512527,0.2915694709299747,0.4890446879571614,0.4867666423619802,0.4867666423619802,0.3269230769230769,0.3269230769230769,0.0,0.00014632005072428425,0.5017601451309851,0.5252889334529527,0.5020380942218428,0.5175656883554124,0.17911782977842203,0.3875454934010284,1.0
0.2980769230769231,0.7899216887980933,1.0,0.08846324180690876,0.5639447126158474,0.6098579825715226,0.0,0.0018758091975818372,0.0,3.680078508341511e-05,0.0017782040139459148,0.0,0.6634277486331095,0.32205480837293965,0.00023456408397394207,0.0,0.0,0.15120795542359783,1.0016226286584267e-05,0.023191612350256133,0.15172190062955565,0.06973922363671294,0.0,0.04129253009121003,0.0,0.26511737233140187,0.0,0.051403201498920616,0.0,0.020215986341115964,0.09336644056847546,2.145922746781116e-05,0.0,0.0,0.5474527692556113,0.0,0.0001416961023450705,0.0,0.0,0.043459915611814344,0.45047240777517,0.0,0.4490895819376256,0.00010846428135634584,0.45048243766423945,0.1111809951951828,0.5518870757833617,0.28797497659200116,0.20843036795528644,0.0,0.7005954717968852,0.007130842671341593,0.3557581018518519,0.010726586165401054,0.008698575906463193,0.803665606505898,0.3163445907333122,0.4911115915814564,0.2891427252797969,0.15547370612030662,0.41207969287794544,0.6261239724231535,0.32132889803512527,0.746720475409109,0.07581219465069422,0.07472602814265039,0.07472602814265039,0.1451048951048951,0.1451048951048951,0.0,0.00014632005072428425,0.4758762931127573,0.5251358910760462,0.4315264365363069,0.38554490229085847,0.3357962311037482,0.39322488310948206,1.0
0.9134615384615384,0.8008171603677222,1.0,0.11043450447790572,0.3797993951976426,0.4353830976652417,0.1720892307072822,0.0018758091975818372,0.00019121271352086342,0.009445534838076546,0.18039779822379398,0.17203981729922374,0.1517223324237512,0.16187683284457477,0.001748568625987568,0.48450707066631704,0.5428866103256298,0.19605889291088785,0.0,0.02242420618310112,0.19564886811771984,0.07835424734825121,0.0,0.08525758480710244,0.0262097269666511,0.38428835678736034,0.0,0.06387723514317135,0.03244597368103344,0.003980349642292262,0.04578488372093023,0.024431330472103004,0.16727078676574236,0.5428866103256298,0.3637070079121589,0.0,0.010718298027387833,0.0,0.0,0.0,0.8762813183286192,0.003871944624702574,0.8700116989470947,0.02900063722765297,0.8940743415377825,0.022766172437258984,0.9087996796476123,0.5848604265914866,0.04422753690690751,0.0,0.7338699123151421,0.09637298334557343,0.09556401353276354,0.012127059214075272,0.1854033124003514,0.9776561053182496,0.418238208580924,0.4911115915814564,0.395090573439483,0.15547370612030662,0.48437913688112255,0.31509014914323613,0.32132889803512527,0.29210164530577853,0.46015070799635654,0.4543035619062129,0.4543035619062129,0.3181818181818182,0.3181818181818182,0.0,0.00014632005072428425,0.5346845776731529,0.5259749854873608,0.46748119297871205,0.5157578862621679,0.17398219092979914,0.38193086298229484,1.0
0.36538461538461536,0.8018386108273748,1.0,0.010862611947642948,0.5040414603864759,0.5178806313712595,0.00031206587609978055,0.0018758091975818372,0.004057958698053879,0.0037536800785083414,0.008940969620683109,0.02741535751592487,0.02493127787902893,0.01729194053999393,4.264801526798947e-05,0.06923402795989592,0.10844314495133577,0.03474397039085696,0.00013021094172559547,0.022254778847495462,0.03477255907786823,0.00022245366391295993,0.004988980649536219,0.013929522286223336,0.0,0.05145578481568916,0.0,0.02145533786811128,0.01160006438890901,0.02321172317715698,0.003381379198966408,0.0006759656652360515,0.05834793290239434,0.10844314495133577,0.0033505570805748425,0.0,0.00030363450502515104,0.0,0.0,0.0019168173598553347,0.09376943291007202,0.008879515466147524,0.08527232549070583,9.490624618680261e-05,0.08553489398407253,0.0059286907388695275,0.08543397737511263,0.048812108366173126,0.029586278123164778,0.0,0.6954014526894386,0.022020326455189403,0.013365829772079773,0.002697207353002199,0.020640137094762416,0.09184145899593382,0.45022387190199575,0.4911115915814564,0.42834890965732086,0.15547370612030662,0.48437913688112255,0.31414932831562226,0.32132889803512527,0.2910195574083108,0.4926495349029783,0.4855913112559719,0.4855913112559719,0.31993006993006995,0.31993006993006995,0.0,0.00014632005072428425,0.4820260026348185,0.5260013721040688,0.5196339966920983,0.5159555002561662,0.1755891488921102,0.3833620432851093,1.0
0.8846153846153846,0.8021790943139258,1.0,0.09600433028245252,0.5751495263068419,0.6241830401183821,0.17406229237552598,0.04996380911602492,0.0,0.0,0.22159618785027121,0.27532105769821597,0.1255726843414256,0.02575589038325412,0.006770372423793328,0.42902100018155775,0.8859394400608804,0.4329523732053524,0.0,0.022254778847495462,0.4316663456372097,0.025076594841097304,0.0,0.0007794863488656955,0.0,0.46127275142819185,0.0,0.1920084721599935,0.1288683649241418,0.03293215598780756,0.042040132428940565,0.047693133047210304,0.43638615356732924,0.8859394400608804,0.0022606168254480866,1.0588173010746996e-05,1.0121150167505037e-05,0.0,0.0,0.0,0.0002708070048745261,0.11293532338308458,0.92868641822236,0.0037149016364548446,0.9342239874826984,0.006557647495514816,0.933146461107218,0.6178785665044398,0.14508616674429436,0.1349712025005191,0.6901092788901977,0.016156925919783943,0.046585648148148154,0.020467654259512844,0.009414418811483855,0.9129795885502637,0.46738461026315353,0.4911115915814564,0.4461924541363793,0.16000760174116072,0.48744373841673283,0.3189922420839953,0.32132889803512527,0.29692669297973306,0.5060476413922549,0.49851451207435055,0.49851451207435055,0.3356643356643357,0.3356643356643357,0.0,0.00014632005072428425,0.5121860354620651,0.5149084384400232,0.5058421810809368,0.5225279953158164,0.19083039966866847,0.4010866608815035,1.0
0.7692307692307693,0.8072863466121893,1.0,0.05476823147328019,0.816153477613555,0.8473364024991779,0.8613622178823813,0.0018758091975818372,0.062441573893090845,0.10404808635917565,1.0,0.4077279151219712,0.11724547642302618,0.05817575083426029,0.001098186393150729,0.578059752677977,0.0,0.6225647700004067,0.0,0.2706850844146784,0.8734197747386989,3.0334590533585446e-05,0.0,0.19815150380126134,0.0,0.0,0.613321699997704,0.26342104191275306,0.3380719546058191,0.029884046130157434,0.03227955426356589,0.0,0.0,0.0,0.20698772808009042,0.0,0.0,0.0,0.0,0.0,0.6581212011795149,0.014838849232100368,0.6423921847033766,9.490624618680261e-05,0.6443702232653307,0.013806116346689214,0.6508659525478026,0.10157528115321693,0.5368765314594682,0.0,0.7298864677398247,0.006882092345597119,0.1589877136752137,0.06414166562927921,0.04411110749574291,0.8903740086154838,0.32340196519027725,0.4911115915814564,0.296480904580593,0.15547370612030662,0.48437913688112255,0.3166016317843207,0.3576100132495137,0.31666149274912414,0.3504982196582848,0.3454766076461818,0.3454766076461818,0.22727272727272727,0.22727272727272727,0.0,0.00014632005072428425,0.462189274992981,0.5201277112248668,0.5530864856212986,0.5268023128156334,0.1767239594118865,0.3938465722907951,1.0
0.23076923076923078,0.811712631937351,1.0,0.03469146737525834,0.8754591397794068,0.8981009536336731,0.9505526585999315,0.0018758091975818372,0.0,0.006783611383709519,0.9505799142865705,0.6279110255412408,0.11334870560752368,0.36484983314794217,0.038649763836615454,0.0,0.0,0.2858217757351446,0.0005408762194755504,0.037144451753074605,0.3006660516418122,0.7103855526456818,0.020682473178174416,0.3941771357419799,0.0,0.0,0.0026978623745781004,0.0870229318561362,0.93901163024669,0.07536477809550744,0.19374798126614987,0.1755579399141631,0.0,0.0,0.0,0.0,0.006244749653350607,0.0,0.0,0.009041591320072333,0.0002708070048745261,0.0,0.0002699757021868032,9.490624618680261e-05,0.0002708070048745261,0.01650753717031324,0.0,0.46480568788648924,0.029586278123164778,0.6893257997180359,0.6959494830519566,0.06777854113856577,0.218616452991453,0.03869455164114693,0.13941582880508466,0.0,0.47197856156061185,0.4911115915814564,0.45096919349255793,0.17198939376114245,0.48437913688112255,0.30979995989944015,0.3270515603416683,0.3058140050556566,0.5050926053713876,0.49785610900107735,0.49785610900107735,0.34440559440559443,0.34440559440559443,0.0,0.0001625778341380936,0.16743515538949963,0.5185128502823367,0.8355812836792402,0.5125301910268608,0.1855870780699938,0.3881542307243975,1.0
0.5384615384615384,0.8123935989104528,1.0,0.004182659187087885,0.49209481075456046,0.5030006576783953,0.0,0.0018758091975818372,0.0,0.0,0.0017482342833737925,0.0,0.0,7.07857215087471e-05,4.264801526798947e-05,6.051925520969922e-05,0.0035647054111427085,0.0,0.0,0.022254778847495462,0.0,0.0,0.0,0.0015893422957391453,0.0,0.0016044802812439321,0.0,0.0,4.024306813151435e-05,0.002796719353926405,3.0281007751937984e-05,3.2188841201716734e-05,0.002003664995267726,0.0035647054111427085,0.0,0.0,0.0,0.0,0.0,0.00024110910186859555,0.0017953501434274139,0.0,0.0017898389144976952,9.490624618680261e-05,0.0017953501434274139,0.005588435444290929,0.001521673841225348,0.0,0.03082157104959397,0.0,0.6959494830519566,0.0015280377152874843,0.007233796296296296,1.0373874434623843e-05,0.0002169220924305036,0.001489592978783365,0.453525080865749,0.4911115915814564,0.43178146994346367,0.15548275581216459,0.48437913688112255,0.31462745037555717,0.32132889803512527,0.29157834050290476,0.49558640867813075,0.4884861082392887,0.4884861082392887,0.3304195804195804,0.3304195804195804,0.0,0.00014632005072428425,0.4782951428633134,0.5260963639242175,0.5237688737128527,0.5166947229744565,0.17200248498653967,0.3812120348664016,1.0
0.6346153846153846,0.8127340823970037,1.0,0.013310697765967917,0.49207420420064596,0.5067925846760934,0.0,0.0018758091975818372,0.0,0.0,0.0017482342833737925,0.0,0.00034235195795112426,0.00010112245929821014,3.19860114509921e-05,0.0004337213290028444,0.011324948932591021,0.0,0.0,0.022254778847495462,0.0,0.005773683731559096,0.0,0.0041302653290545945,0.0,0.01000500761361662,0.0,0.0,0.0003521268461507505,0.0008170191371020959,0.0011002099483204135,8.583690987124464e-05,0.0015304375843250974,0.011324948932591021,0.0,0.0,0.0,0.0,0.0,0.0,0.013109065013740949,0.0,0.013068823805857473,9.490624618680261e-05,0.013109065013740949,0.005980244571381436,0.013204524977475223,0.0,0.04246572568396752,0.0,0.6959494830519566,0.0016109544905356424,0.007244925213675214,0.0,0.00016269156932287768,0.01307419783405129,0.453613852871497,0.4911115915814564,0.43187377408561206,0.15550990488773858,0.4844056129203071,0.31462745037555717,0.32132889803512527,0.2915694709299747,0.49568025614838945,0.48857861115040974,0.48857861115040974,0.3304195804195804,0.3304195804195804,0.0,0.00014632005072428425,0.4779873874263007,0.5263443981212729,0.5237688737128527,0.5166215326063089,0.17211016773659144,0.38123146265331764,1.0
0.9807692307692307,0.8161389172625128,1.0,0.7374397204999509,0.4920432943697743,0.5012023183163433,0.0,0.1732982638570307,0.02706722189173111,0.01876840039254171,0.0017482342833737925,0.3057882555353009,0.0,0.9080392355142076,0.3574863259801047,0.0,0.0,0.0,0.00239387808249364,0.022254778847495462,0.0,0.0,0.0,0.23430144862982494,0.042318940306210216,0.0,0.0,0.04594517534927294,0.12241941325606664,0.0254847123149923,0.4177164082687338,0.024356223175965665,0.6311846795142875,0.0,0.0,0.005103499391180052,0.0,0.0,0.27872539437315424,0.0,0.0002708070048745261,0.0,0.0002699757021868032,0.039128489499301755,0.0002708070048745261,0.1915018662487369,0.0,0.0,0.029586278123164778,0.0,0.6959494830519566,0.6381275023098245,0.16733440170940173,0.1313643719656417,0.5602338420156401,0.0,0.038266282727741824,0.4911115915814564,0.0,0.15547370612030662,0.48437913688112255,0.31462745037555717,0.32132889803512527,0.2915694709299747,0.08241464020536039,0.11462198957437782,0.11462198957437782,0.3094405594405594,0.3094405594405594,0.0,0.00014632005072428425,0.2564358680863011,0.6575386563934772,0.6200021341300752,0.5302568981921978,0.1761938289500932,0.39648227538240366,1.0
0.9134615384615384,0.8164794007490637,1.0,0.005511268575927567,0.4897250570543961,0.5011920420914173,0.002154261209204937,0.0018758091975818372,0.0,0.0,0.003886075064185173,0.0014542326362575015,0.0017016906145217645,0.00018202042673677826,0.0002558880916079368,0.003520203344697505,0.005617414987783875,0.0007727660959043397,0.0,0.022254778847495462,0.000770470696769092,1.0111530177861816e-05,0.0,0.00012147839203101748,0.0,0.0009095461466924202,0.0,0.0025864526903181134,0.0017304519296551168,0.0009008159716766698,0.0003734657622739018,0.0,0.0047423427777442155,0.005617414987783875,0.0,0.0,0.0,0.0,0.0,0.0,0.011835269101923732,0.0,0.011798938095571396,9.490624618680261e-05,0.011835269101923732,0.005609056977295692,0.01156271899088998,0.011102079453436088,0.029586278123164778,0.0012240303384662464,0.695704096322471,0.001658335504963161,0.007422987891737892,5.1869372173119215e-05,0.00048807470796863306,0.012500503240871211,0.45302019008305733,0.4911115915814564,0.4312564901349948,0.15547370612030662,0.48437913688112255,0.31462745037555717,0.32132889803512527,0.2915694709299747,0.49508956912970276,0.4879746215542666,0.4879746215542666,0.3269230769230769,0.3269230769230769,0.0,0.00014632005072428425,0.47726929140660435,0.5261016412475592,0.5248252681000907,0.5167605943057894,0.17201905156347072,0.3812832700850937,1.0
0.21153846153846154,0.8171603677221655,1.0,0.035220450743037104,0.4723794902968889,0.496295420914173,0.0,0.0018758091975818372,0.0,4.906771344455348e-05,0.001788193924136622,0.010978432296253815,0.0002617985560802715,0.00043482657498230355,4.264801526798947e-05,0.011508745032377803,0.001902511314935715,0.0009354536950420954,0.0,0.022254778847495462,0.0009326750539836377,2.0223060355723633e-05,4.843670533530309e-05,0.0003846815747648887,0.0,0.001369429029851509,0.0,0.00013237749989817115,0.0,0.0011941048926876789,7.065568475452197e-05,0.0,0.0005638454258039832,0.001902511314935715,0.00839657678023575,0.0,0.0,0.0,0.0,0.0,0.00042125534091592954,0.0,0.0004199622034016939,9.490624618680261e-05,0.00042125534091592954,0.00571216464231951,0.0002702973270597658,0.0,0.029606528826876734,0.0,0.6960067399555033,0.001836014309066357,0.007244925213675214,0.00015560811651935764,0.00034707534788880573,0.0008655742984822256,0.45318108934347556,0.4911115915814564,0.4314237913926387,0.15547370612030662,0.48437913688112255,0.3146197387294292,0.32132889803512527,0.29156060135704465,0.4952551823125121,0.48815962737650853,0.48815962737650853,0.3304195804195804,0.3304195804195804,0.0,0.00014632005072428425,0.47825194911776775,0.5261069185709008,0.5238115563143574,0.5167093610480861,0.17230896665976395,0.38146459609631,1.0
0.38461538461538464,0.821927136533878,1.0,0.003690581635665781,0.471838568256634,0.48259207497533707,0.0,0.0018758091975818372,0.001274751423472423,0.00013493621197252208,0.00305691251835646,0.0,0.02587778035101145,0.06110830215390838,2.1324007633994736e-05,0.08685521776845333,0.05127768654624104,0.0009659576198804246,1.0016226286584267e-05,0.02282285873746736,0.001540941393538184,0.0,0.0019132498607444721,0.007724001093305528,0.0,0.01016852152762874,0.0,0.00012219461529061954,0.02573544207010342,0.0014140715834459353,0.012364744832041343,0.002939914163090129,0.04154332547977205,0.05127768654624104,0.06983691264330696,0.0,0.0,0.0,0.0,0.0007715491259795058,0.013339752462337765,0.0,0.013298803107720303,0.00010846428135634584,0.013359812240476622,0.009650877446229352,0.01700870958053859,0.00033954459866857365,0.029586278123164778,0.0,0.696301204030886,0.004655184667503732,0.008936520655270655,0.000726171210423669,0.013286478161368345,0.018026088006763558,0.4529924488312611,0.4911115915814564,0.43122764509057343,0.15547370612030662,0.48437913688112255,0.31462745037555717,0.32132889803512527,0.2915694709299747,0.4950619669325679,0.48796918020655355,0.48796918020655355,0.32517482517482516,0.32517482517482516,0.0,0.00014632005072428425,0.4980076884867072,0.526091086600876,0.5042789308008323,0.5166727658640122,0.17252433215986746,0.3816005906047223,1.0
0.0,0.8243105209397344,1.0,0.02329987205983663,0.4964943100153003,0.5153732324893128,0.0,0.0023243722665687986,0.0,0.0,0.0021877903317649174,0.011848923663027672,0.014449266460584214,0.0013247042168065529,0.0007356782633728183,0.028121280587440237,0.05597388552889815,0.013564078578110383,0.0,0.022254778847495462,0.013523788282762746,0.0,0.0,0.0036645981596023607,0.0,0.01732225526565901,0.0,0.012260193067492159,0.01601674111634271,0.0032261781311210967,0.00864018087855297,0.00012875536480686693,0.039207394430012685,0.05597388552889815,0.00047432585176812527,0.0,0.001133568818760564,0.0,0.0,0.00054249547920434,0.06677900142424424,0.0,0.06657400833924947,0.0023455400843309785,0.06844396300976911,0.005743096941826655,0.06819501451596757,0.0539258558067271,0.029586278123164778,0.004721259876941236,0.6955814029577281,0.0036364928573120753,0.007934918091168091,0.0026453379808290796,0.006854738120803914,0.0680381657876726,0.45379139688299297,0.4911115915814564,0.4320583823699088,0.15579044533533634,0.48437913688112255,0.31449635239138146,0.32132889803512527,0.2917291232427159,0.4957575423003671,0.48865479001839174,0.48865479001839174,0.3304195804195804,0.3304195804195804,0.0002866238778163355,0.0002438667512071404,0.4781979569358358,0.5252097736028286,0.5235127781038253,0.5149820683598038,0.17587906398840342,0.3827209263168802,1.0
0.028846153846153848,0.8280558392917944,1.0,0.007319653577403799,0.5947875721873341,0.6067340101940151,0.034719845376391716,0.01842166967407815,0.0016253080649273391,0.006108930323846909,0.05893048021498287,0.10158122196505745,0.12092072538338385,0.03225806451612903,0.004531351622223881,0.25759012325754976,0.5186946769736052,0.2580530361573189,0.017778801658687074,0.029779345811158285,0.2829249500714713,0.0021739789882402904,0.0,0.02869927011732788,6.143864736673958e-05,0.3164300824723304,0.0,0.08828560954747261,0.099933598937583,0.0167174684976275,0.007227067183462532,1.072961373390558e-05,0.2098109104089893,0.5186946769736052,0.02940820280962377,0.00947641484461856,0.005850024796817911,0.0,0.0,0.0059674502712477396,0.0002708070048745261,0.17977503785420723,0.8664420202181803,0.011348075436907685,0.8774247256825339,0.01569298661662508,0.885323856241866,0.5802817191245924,0.09262671877847754,0.04737653140402837,0.6916470357283079,0.06934211461467389,0.02437232905982906,0.05394414706004398,0.06605277714508834,0.8554188977011957,0.472605513851207,0.4911115915814564,0.45162109149648083,0.1618718382639071,0.4872319301032565,0.311195767848605,0.32132889803512527,0.29007051310479404,0.5155151950095228,0.5081293734832243,0.5081293734832243,0.4370629370629371,0.4370629370629371,0.00609075740359713,0.0020972540603814076,0.5323953091592338,0.5166288458493852,0.46858026996745444,0.5011856839639902,0.2021536550010354,0.3910619228328304,1.0
0.6153846153846154,0.8321416411304052,1.0,0.004699340616081094,0.5052572470674298,0.5163443357448209,0.017123356620829897,0.0018758091975818372,0.019078779637970597,0.0,0.03668295022027752,0.02385146344960367,0.015536737385840726,0.005844878147436546,0.0,0.04484476811038712,0.10903392478071054,0.035903119534713465,0.0,0.023331140744284315,0.03689135349398323,5.055765088930908e-05,0.0035358794894771255,0.024680359980968382,0.0,0.0636477910292179,0.0,0.01815608325526455,0.021811742927280775,0.002555803454524505,0.005490956072351422,0.0,0.046930063029863675,0.10903392478071054,0.0008073631519457452,0.0,0.020454844488527676,0.0,0.0,0.0,0.08049988967122022,0.007700627298291153,0.07313341799238068,0.002725165069078189,0.07529437724418768,0.005753407708329037,0.07505255781359496,0.048822397596435814,0.029586278123164778,0.0,0.7005382148933387,0.00896685698040795,0.013521634615384616,0.004979459728619445,0.011702946886625668,0.08115262289142075,0.45036257816097697,0.4911115915814564,0.4284931348794277,0.15547370612030662,0.48437913688112255,0.31320850748800844,0.32132889803512527,0.2899374695108431,0.4934665599381711,0.4863966307174961,0.4863966307174961,0.3129370629370629,0.3129370629370629,0.0,0.00014632005072428425,0.4828898775457314,0.5255105810332998,0.5193992423838233,0.5161165190660909,0.17405674052598882,0.3823064668626715,1.0
0.23076923076923078,0.835886959482465,1.0,0.01550044286979628,0.5817384719209945,0.5971360161131207,0.00014093297630312672,0.01081648673170831,0.8190702812951474,0.0007973503434739941,0.7815606237699924,0.46656289044098065,0.3620674030590154,0.09298210132470422,0.0012581164504056892,0.916110225736822,0.0,0.11887379509496888,0.0,0.04113097729673702,0.1377216370474752,0.013337108304599735,0.0,0.020479232256562365,8.601410631343541e-05,0.173059038742578,0.0,0.7010203250376766,0.9093826713348625,0.051283662759639255,0.062479812661498706,0.004098712446351931,0.0,0.0,0.0,0.0,0.11575559446575509,0.0,0.06588475160534309,0.00216998191681736,0.5228179976329462,0.0,0.521213090821826,9.490624618680261e-05,0.5228179976329462,0.015074340626482172,0.5307738512363601,0.1333998703556987,0.029586278123164778,0.3733620397591283,0.7012661955241462,0.008196915495960768,0.07443019943019943,0.01967923980248143,0.008058655733793208,0.5739260839808367,0.4312876934258782,0.49361648271097774,0.41139956155532476,0.15547370612030662,0.48437913688112255,0.3136557829634314,0.32132889803512527,0.29045190474078675,0.47677827155041547,0.4699474365810924,0.4699474365810924,0.28321678321678323,0.28321678321678323,0.0,0.00014632005072428425,0.48237695181737683,0.5290358330254895,0.5179533692578563,0.5183341872209617,0.21008076206253884,0.4124324884404668,1.0
0.5769230769230769,0.8369084099421178,1.0,0.053033658104517274,0.41205895535074927,0.44358352515619864,0.30281463286959676,0.0018758091975818372,0.0,0.00026987242394504416,0.3024745007542382,0.043975175634434586,0.06605378953409925,0.0651532005258368,0.0,0.17441649351435315,0.36228822045099535,0.23532761215276365,0.0,0.025533696107157805,0.2379639298060644,0.0,0.0,0.0007592399501938592,0.005726081934580128,0.24542416531256708,0.0,0.048327970347440026,0.024457724656927842,0.005394421225738198,0.026849160206718348,0.020300429184549357,0.12249541875591534,0.36228822045099535,0.02508880994671403,0.0,2.0242300335010073e-05,0.0,0.0,0.0012899336949969862,0.1827144891777497,0.002260436945706251,0.18007379335859772,9.490624618680261e-05,0.1806282722513089,0.012177015239312888,0.18641505656221846,0.12086758789574951,0.029586278123164778,0.0,0.6945344195785892,0.011016085854398143,0.04299100783475784,0.010653969044358686,0.06738684801353594,0.22978984661218246,0.43014475385187284,0.4911115915814564,0.40747086650513437,0.15547370612030662,0.48437913688112255,0.31462745037555717,0.32132889803512527,0.2915694709299747,0.47232879737227085,0.4655617103244131,0.4655617103244131,0.3129370629370629,0.3129370629370629,0.0,0.00014632005072428425,0.4801038809580373,0.522782204865692,0.5254281598463426,0.5168264656371221,0.17549803271898945,0.38406144361408645,1.0
0.3076923076923077,0.8379298604017705,1.0,0.01828068103533117,0.4918166222767151,0.5086114764879973,0.0,0.0018758091975818372,0.0,0.0,0.0017482342833737925,0.0,0.0022554952523838774,4.0448983719284053e-05,0.0,0.002259385527828771,0.016692033484199145,0.0,0.0,0.022254778847495462,0.0,0.002750336208378414,0.0,0.0,0.0,0.0027797365382060484,0.0,0.0012524948067288502,0.00036218761318362907,0.000858917554389383,0.012435400516795864,0.0,0.014045792303509937,0.016692033484199145,0.00010092039399321815,0.0,0.0,0.0,0.0,0.0,0.000561673787887906,0.0,0.0005599496045355918,9.490624618680261e-05,0.000561673787887906,0.005588435444290929,0.00029031935128641503,0.0,0.029586278123164778,0.0,0.6959740217249052,0.001539882968894364,0.007233796296296296,0.0,0.00013015325545830215,0.00020129634848423851,0.4535528221175453,0.4911115915814564,0.4318103149878851,0.15548275581216459,0.48437913688112255,0.31462745037555717,0.32132889803512527,0.29157834050290476,0.49561953131469266,0.4884861082392887,0.4884861082392887,0.3304195804195804,0.3304195804195804,0.0,0.00014632005072428425,0.4783653326998251,0.526091086600876,0.5237315264365362,0.5167313181585302,0.17201905156347072,0.3812573663692057,1.0
0.6442307692307693,0.8420156622403814,1.0,0.1840739100482236,0.47464105958900227,0.5607273512002631,0.00784191346715255,0.0018758091975818372,0.0,0.0002453385672227674,0.009720182615558287,0.04181430882985478,0.010240351212832156,0.034320962685812514,0.0,0.0856347461217244,0.20900588777185886,0.010289990645463048,0.0,0.022254778847495462,0.010259425593820013,0.05859631738070922,0.0,0.09029893807638967,0.015679142807991937,0.17376419249675526,0.0,0.006018084803063012,0.032456034448066315,0.0008065445327802742,0.0005450581395348837,0.0,0.03896574639038241,0.20900588777185886,0.010344340384304861,0.0,0.0,0.0,0.0,0.0,0.14289582957212493,0.0,0.14245717885390313,0.00037962498474721043,0.1430964273535135,0.005639989276802837,0.14260686755430974,0.0,0.029586278123164778,0.003551873750013661,0.6959494830519566,0.0034114330387813602,0.010706018518518521,0.005290675961658159,0.0029718326662978994,0.14320222231168728,0.4535972081204192,0.44299658807460884,0.3792257990077304,0.15547370612030662,0.48437913688112255,0.31462745037555717,0.32132889803512527,0.2915694709299747,0.4453007259377847,0.43892087192155754,0.43892087192155754,0.3304195804195804,0.31993006993006995,0.0,0.00014632005072428425,0.4811621277239056,0.526143859834292,0.5208824627861068,0.5166874039376418,0.17202733485193622,0.3812249867243456,1.0
0.6442307692307693,0.8420156622403814,0.75,0.1840739100482236,0.5215518795752989,0.607515003288392,0.01196923634460126,0.0018758091975818372,0.0,0.00023307163886162905,0.013816045793748314,0.04359625586301538,0.01822520717328044,0.030832237840024267,0.0,0.09189848903592827,0.3105098730324028,0.015516329767763452,0.0,0.022254778847495462,0.015470240569337294,0.1261817850895376,0.0,0.11874512821031959,0.015679142807991937,0.2760421457113366,0.0,0.006130096533746079,0.03310998430520343,0.0008170191371020959,0.0010901162790697674,0.0,0.040274673271713086,0.3105098730324028,0.010344340384304861,0.0,0.0,0.0,0.0,0.0,0.14654670919339632,0.0,0.1460968512833845,0.00029827677372995103,0.14670718741850716,0.005639989276802837,0.14621083191510664,0.0,0.029586278123164778,0.0037485929115528794,0.6959494830519566,0.0033995877851744805,0.011551816239316238,0.0064110544005975345,0.0023319124936279135,0.1493015016707597,0.452232338532044,0.4911115915814564,0.4304372908734279,0.15547370612030662,0.48437913688112255,0.3153369218193316,0.32132889803512527,0.2923854716395406,0.4937977863037898,0.48672311158027615,0.48672311158027615,0.3304195804195804,0.3304195804195804,0.0,0.00014632005072428425,0.48175604172515823,0.5260963639242175,0.5203222536413594,0.5166654468271975,0.1720604680057983,0.38123146265331764,1.0
0.34615384615384615,0.8450800136193395,1.0,0.0029893711248892827,0.4921978435241328,0.5026101611312068,1.006664116450905e-05,0.0018758091975818372,0.0,8.58684985279686e-05,0.0018281535648994515,0.000194580423161215,1.0069175233856595e-05,0.00017190818080695724,0.0,0.00032276936111839586,0.0031441502783674455,0.00010167974946109734,0.0,0.022254778847495462,0.00010137772325909106,1.0111530177861816e-05,0.0008234239907001526,0.0,0.0004669337199872207,0.0008584480485636324,0.0,0.00043786403812471995,0.00019115457362469315,0.001916852590893379,0.0006459948320413437,0.0,0.002315793713123502,0.0031441502783674455,0.0,0.0,0.0,0.0,0.0,0.0,0.005255661872379692,0.0,0.00523952844244018,0.00016269642203451876,0.0053058113177268254,0.00559874621079331,0.005035539093002303,0.00013375999341489264,0.03422368927320224,0.0,0.6960230990708023,0.0016938712657838004,0.007256054131054131,4.149549773849537e-05,0.00018438377856592805,0.0052437698780144135,0.4534085676082048,0.49152819452720836,0.43211607245875155,0.15555515334702855,0.48437913688112255,0.31458118049878925,0.32132889803512527,0.2915872100758348,0.4958955532860416,0.4887908237112168,0.4887908237112168,0.3339160839160839,0.3339160839160839,0.0,0.00014632005072428425,0.4779333952443687,0.5270726687424139,0.5236995144854079,0.5174632218400058,0.17227583350590187,0.3821057130645391,1.0
0.5769230769230769,0.8454204971058904,1.0,0.006692254699340617,0.490265979094651,0.5022248026964814,0.0,0.0018758091975818372,0.00074360499702558,0.0,0.0024475279967233095,0.0,0.0,4.0448983719284053e-05,3.19860114509921e-05,3.025962760484961e-05,0.0027135819281451515,0.0,0.0,0.022254778847495462,0.0,0.0003943496769366108,0.0,0.0023485822459330045,0.0,0.0027695169185802905,0.0,0.0,0.0,0.0007960699284584524,3.0281007751937984e-05,0.0,1.0068668317928272e-05,0.0027135819281451515,0.0,0.0,0.0,0.0,0.0,0.0,0.000371105895568795,0.0,0.0003699667029967303,9.490624618680261e-05,0.000371105895568795,0.005856515373352854,0.00036039643607968763,0.0,0.029586278123164778,0.0,0.6959494830519566,0.0015043472080737248,0.007233796296296296,0.0,0.0003687675571318561,0.0003623334272716293,0.45350843611467123,0.4911115915814564,0.43176416291681086,0.15547370612030662,0.48437913688112255,0.31462745037555717,0.32132889803512527,0.2915694709299747,0.49557536779927686,0.4884752255438627,0.4884752255438627,0.3304195804195804,0.3304195804195804,0.0,0.00014632005072428425,0.47830054208150663,0.5260066494274104,0.5236728378594675,0.5164458757227548,0.1722924000828329,0.3812185107953736,1.0
0.23076923076923078,0.8467824310520939,1.0,0.010075287865367582,0.7273083204113068,0.7400577523840841,0.06881555900058386,0.0018758091975818372,0.09909067731792301,0.00436702649656526,0.16677156072366908,0.5339184400794708,0.6237551982117145,0.3684295682070988,0.0024629228817263918,0.0,0.0,0.06897954203440843,0.0003105030148841123,0.022254778847495462,0.06908891840107055,0.23747939775726262,0.0,0.10081694218640859,0.44256715244157185,0.779521926193907,0.0,0.03626125208749135,0.5796913356674314,0.09351726738522452,0.147953003875969,0.5663412017167383,0.0,0.0,0.674360164702083,0.0,0.0007287228120603625,0.0,0.0,0.0,0.0002708070048745261,0.0,0.0002699757021868032,0.02230296785389861,0.0002708070048745261,0.07632029365062998,0.0,0.8973649281297266,0.029586278123164778,0.2763904219626015,0.6981661431749772,0.06064769846722418,0.19878472222222224,0.013517158388314866,0.0709009859109101,0.0,0.46313465048796865,0.4911115915814564,0.4417733933310257,0.1586139491950299,0.48437913688112255,0.31272267378194546,0.32496546669297777,0.29473590846600733,0.5031770128902261,0.4959679613446658,0.4959679613446658,0.3374125874125874,0.3374125874125874,0.0,0.00014632005072428425,0.558030797140574,0.5245501081851285,0.45154991196713434,0.5235672985435116,0.19163387864982398,0.40264735976375815,1.0
0.3942307692307692,0.8563159686755193,1.0,0.006273988780631827,0.48974566360831057,0.5015260194015126,0.0028387928083915518,0.0018758091975818372,0.002591994561060593,0.0,0.007012916953876585,0.0005427769698707576,0.003967255042139499,0.005996561836383861,3.19860114509921e-05,0.010479917693812915,0.016311531221212,0.0034774474315695286,3.00486788597528e-05,0.02400885008670693,0.005281779381798643,0.0,0.0,0.0009414575382403855,0.0,0.006274846450215123,0.0,0.005346014418964605,0.004708438971387178,0.0008379683457457395,0.0002018733850129199,0.0,0.010219698342697196,0.016311531221212,0.0004440497335701599,0.0,0.00010121150167505036,0.0,0.0,0.0,0.00132394535716435,3.244646333549643e-05,0.0012898839104480597,9.490624618680261e-05,0.001293855689956069,0.006701998226548161,0.002102312543798178,0.00010289230262684049,0.029586278123164778,0.0,0.6960230990708023,0.0022742886925209067,0.007311698717948719,0.00021785136312710068,0.0012581481360969208,0.0023048431901445308,0.45339747110748624,0.4911115915814564,0.4316487827391253,0.15547370612030662,0.48437913688112255,0.31462745037555717,0.32132889803512527,0.2915694709299747,0.4954649590107372,0.4883500745464636,0.4883500745464636,0.3304195804195804,0.3304195804195804,0.0,0.00014632005072428425,0.4783545342634387,0.525521135679983,0.5243077415568479,0.5167166800849008,0.17201076827500517,0.3812379385822896,1.0
0.9519230769230769,0.8634661218930881,1.0,0.004982285208148804,0.49540216265783327,0.5066333031897403,0.0004831987758964344,0.0018758091975818372,0.002549502846944846,0.0,0.00462532841829752,0.0,0.00020138350467713192,0.0003438163616139144,0.0028894030344062864,0.0032276936111839587,0.016672007049305083,0.015699353316793428,0.0,0.022254778847495462,0.015652720471203658,0.0,0.0,3.036959800775437e-05,0.0,0.0158097515610469,0.0,0.00023420634597368746,0.0007444967604330154,0.0009531889932857786,7.065568475452197e-05,1.072961373390558e-05,0.001188102861515536,0.016672007049305083,0.0,0.0,0.0,0.0,0.0,0.0021940928270042194,0.00042125534091592954,0.0,0.0004199622034016939,9.490624618680261e-05,0.00042125534091592954,0.007217536551667251,0.0017319050956051657,8.23138421014724e-05,0.029586278123164778,2.1857684615468683e-05,0.6959576626096061,0.0017649427874250787,0.007244925213675214,0.0008402838292045314,0.001225609822232345,0.0023048431901445308,0.4531921858441941,0.4911115915814564,0.4314353294104073,0.15547370612030662,0.48437913688112255,0.31462745037555717,0.32132889803512527,0.2915694709299747,0.4952607027519391,0.4881650687242216,0.4881650687242216,0.32867132867132864,0.32867132867132864,0.0,0.00014632005072428425,0.47844092175452996,0.5260066494274104,0.5237475324121005,0.516738637195345,0.17208531787119485,0.38131564972995374,1.0
0.27884615384615385,0.8672114402451481,1.0,0.003801299084735754,0.48627345927372195,0.4970353091088458,0.001449596327689303,0.002110285347279567,0.0,0.0,0.003416549285221926,0.001474714786063945,0.004883549988420448,0.006168470017190818,0.0001279440458039684,0.012577918541082488,0.006037970120559138,0.00021352747386830438,0.0,0.022254778847495462,0.0002128932188440912,0.0,0.0,0.0,0.0,0.00022483163176666564,0.0,0.0,0.0028975009054690326,0.001351223957515005,0.0024426679586563305,0.0,0.005849896292716325,0.006037970120559138,0.04200306797997739,0.0,0.0,0.0,0.0,0.0015792646172393008,0.0002708070048745261,0.0,0.0002699757021868032,9.490624618680261e-05,0.0002708070048745261,0.005743096941826655,0.00015016518169986987,0.0,0.029586278123164778,0.0,0.6959494830519566,0.0015043472080737248,0.007233796296296296,3.1121623303871525e-05,0.00017353767394440286,0.00020129634848423851,0.4534751466125158,0.4911115915814564,0.43172954886350523,0.15547370612030662,0.48437913688112255,0.31462745037555717,0.32132889803512527,0.2915694709299747,0.495542245162715,0.4884425774575847,0.4884425774575847,0.3304195804195804,0.3304195804195804,0.0,0.00014632005072428425,0.47756084918903746,0.5262546836244656,0.5244144480606093,0.5168045085266778,0.17232553323669497,0.3815617350308902,1.0
0.41346153846153844,0.8685733741913517,1.0,0.00841452612931798,0.5489534446430686,0.5614775156198619,0.021884877891642673,0.015801653566586128,0.0003399337129259794,0.0006992149165848871,0.03800161836545089,0.04033959404379084,0.026260409009897998,0.017231267064415006,0.000874284312993784,0.08399063968852756,0.23718308166780153,0.13224468214910318,7.011358400608988e-05,0.022663397715720863,0.13233847994241746,0.005945579744582747,0.0,0.0032293005881578814,0.0009707306283944853,0.14349367916526146,0.0,0.04244226304427518,0.04013239969415268,0.002147293885973457,0.012132590439276485,0.0017167381974248928,0.0971223745947361,0.23718308166780153,0.10275714516389471,0.015162263751389697,0.00136635527261318,0.0,0.0,0.006871609403254973,0.37469659585564985,0.04108803807051698,0.33555979961803434,0.010182084412326965,0.3440552847485507,0.006949456622605325,0.3444589047952748,0.15420469394684586,0.029586278123164778,0.0,0.6938636958513285,0.034789509843405744,0.015435808404558406,0.012479770944852482,0.13039186975997571,0.31709207294979674,0.46960391040685323,0.4909639348411899,0.4483385254413291,0.16240577008352866,0.48437913688112255,0.3152675170041797,0.3199616609815916,0.2982393897733824,0.507284219823898,0.500016324043139,0.500016324043139,0.38461538461538464,0.38461538461538464,0.0035009059361852408,0.0010892714887252271,0.49345614754983486,0.5104596548630534,0.5218748332710879,0.5129620141989314,0.177303789604473,0.38205390563276304,1.0
0.4807692307692308,0.8692543411644535,1.0,0.003998130105304596,0.5031244687372819,0.5139242847747452,0.004066923030461656,0.0018758091975818372,0.005247726693294808,0.0,0.010719173634629025,0.012842307928640188,0.008891081731495373,0.003579735059156639,0.005970722137518525,0.030743781646527205,0.06430488244482717,0.017377069182901533,0.0,0.022603599832565928,0.01768027493638548,0.00043479579764805804,0.00024218352667651545,0.0002530799833979531,0.0,0.018620146958130218,0.0,0.029469268054254413,0.012414986518572176,0.002126344677329814,0.0025234173126614987,0.001040772532188841,0.046315874262470046,0.06430488244482717,0.000655982560955918,0.003472920747525014,0.0,0.0,0.0,0.0,0.07005877514994684,0.0,0.06984371406573407,0.00018981249237360522,0.07012898437343283,0.005846204606850473,0.06997697467213936,0.04017944417578121,0.029586278123164778,0.0,0.6956713780918728,0.021214849209921584,0.00929264601139601,0.0018880451471015394,0.00902395904510895,0.06779661016949153,0.4549121434555613,0.4911115915814564,0.4332237221645321,0.1559352404050642,0.48437913688112255,0.31462745037555717,0.32132889803512527,0.29202181914940795,0.49669049656352643,0.48957437778188895,0.48957437778188895,0.3409090909090909,0.3409090909090909,0.0006039574568272784,0.00034141345168999654,0.4811567285057124,0.5229352472425985,0.524393106759857,0.5170387177047501,0.17267343135224686,0.382040953774819,1.0
0.4807692307692308,0.8692543411644535,0.75,0.003998130105304596,0.5045926857036881,0.5153886468267017,0.0014697296100183214,0.0018758091975818372,0.001720914421687771,0.0,0.004825126622111668,0.011715789689285787,0.010925055128734405,0.0033168166649812925,0.001311426469490676,0.027001674366060803,0.05752593423318782,0.012669296782852727,0.0,0.022513903007833524,0.012895246398556381,0.00043479579764805804,0.00024218352667651545,0.00019234078738244434,0.0,0.013735168777018119,0.0,0.02910268420838255,0.010765020725180086,0.0016340382742041919,0.0026142603359173124,0.0014699570815450646,0.04432227793552025,0.05752593423318782,0.0019376715646697883,7.411721107522897e-05,0.0,0.0,0.0,0.0,0.05901586728450784,0.0,0.05883470487656111,0.001355803516954323,0.059948646967964536,0.005681232342812364,0.05965562118330164,0.038080441202193664,0.029586278123164778,0.0,0.6914343672294203,0.01929591812560707,0.00912571225071225,0.001255238806589485,0.009143266195945726,0.0582350336164902,0.45446273517646213,0.4911115915814564,0.4327564324449059,0.15579044533533634,0.48437913688112255,0.31462745037555717,0.32132889803512527,0.29187990598252694,0.4963316680007729,0.4892859863530999,0.4892859863530999,0.3374125874125874,0.3374125874125874,0.0006039574568272784,0.0002926401014485685,0.4788458631190204,0.5254578077998838,0.5221255935549272,0.5143013979360316,0.17537378339200663,0.38173658511313446,1.0
0.09615384615384616,0.8726591760299626,1.0,0.09695157956894007,0.4920432943697743,0.5012023183163433,0.9953290784996678,0.05242071138024895,0.023880343333050055,0.011236506378802748,0.0017482342833737925,0.5773201155193249,0.8902761974766646,0.4247952270199212,0.04986619185209669,0.0,0.0,0.9227538943344044,0.006801017648590717,0.0550838166995555,0.9602903457994141,0.0,0.0,0.1182592146421955,0.01313558280700892,0.0,0.06314145983055129,0.4052889902651623,0.9041812547788644,0.27347096963412204,0.21900234173126615,0.005697424892703863,0.0,0.0,0.0,0.04398327068664302,0.0655142050342601,0.009875961689433192,0.0012191148805582705,0.04746232670283303,0.0002708070048745261,0.21022063595068138,0.0002699757021868032,0.09482489797578533,0.0002708070048745261,0.05179098014146372,0.0,0.0,0.07304428828901804,0.0,0.6675745975657638,0.18028475989670936,0.2067530270655271,0.11176812315863728,0.6345513508823305,0.0,0.5084416629215976,0.4911115915814564,0.48888311988000455,0.18029701088677932,0.48437913688112255,0.3006693708839089,0.3290107969441547,0.30467869972060846,0.5420740290927158,0.5343076973304748,0.5343076973304748,0.3339160839160839,0.3339160839160839,0.02420948110841548,0.007966313872766586,0.616056195062955,0.295487888542931,0.6282878941471483,0.5269926077728171,0.19483951128598054,0.40817780310585555,1.0
0.22115384615384615,0.874361593462717,1.0,0.018256077157760064,0.48845260235017746,0.5052460128247287,0.013620165495580743,0.0018758091975818372,5.311464264468429e-05,9.813542688910696e-05,0.015394451603880081,0.0,0.0,0.0031550207301041565,0.0002985361068759263,0.0033991648342781063,0.0249329114431049,0.00024403139870663357,0.0,0.022254778847495462,0.00024330653582181852,0.009252050112743562,0.03434162408272989,0.0,0.0,0.024087643457910497,0.0,0.0,0.0,0.0008379683457457395,0.0006056201550387597,0.0007510729613733905,0.0013391328862844601,0.0249329114431049,0.001039480058130147,0.0,0.0,0.0,0.0,0.0,0.0002708070048745261,0.0,0.0002699757021868032,9.490624618680261e-05,0.0002708070048745261,0.005588435444290929,0.0,0.0,0.029586278123164778,0.0,0.6959494830519566,0.001539882968894364,0.007244925213675214,0.0006016847172081828,0.0006833045911560862,0.0012782318128749146,0.4527982600686874,0.4911115915814564,0.43102572977962383,0.15547370612030662,0.48437913688112255,0.31462745037555717,0.32132889803512527,0.2915694709299747,0.4948687515526236,0.4877841743843115,0.4877841743843115,0.32867132867132864,0.32867132867132864,0.0,0.00014632005072428425,0.4785543053365873,0.5260963639242175,0.5235394547297658,0.516738637195345,0.1719859184096086,0.3812379385822896,1.0
0.5096153846153846,0.878106911814777,1.0,0.2423974018305285,0.4920432943697743,0.5012023183163433,0.0,0.024365130338155384,0.00408982748364069,0.0,0.02763209158749663,0.0,0.03771913042602681,0.14252199413489736,0.007218176584107217,0.18673216194952694,0.0,0.7265018098995404,0.36023357839700315,0.02274312822659411,0.0,0.46755715542433035,0.0,0.25228025065041554,0.0,0.0,0.2653778155350952,0.0004887784611624781,0.68768360899835,0.7240779729545715,0.10396479328165374,0.10282188841201717,0.0,0.0,0.590848538672695,0.020985758907300544,0.06159731991943564,0.0,0.15643556031991254,0.191585292344786,0.0002708070048745261,0.0,0.0002699757021868032,9.490624618680261e-05,0.0002708070048745261,0.09614789763471017,0.0,0.0,0.029586278123164778,0.2778767445164534,0.6959494830519566,0.24282769894103431,0.009704415954415955,0.6098074608904934,0.18590223321294158,0.0,0.45350288786431203,0.4911115915814564,0.4317583939079266,0.49815838770689863,0.48437913688112255,0.311612196739516,0.32132889803512527,0.6239655860570313,0.9025532032349776,0.8896222616417634,0.8896222616417634,0.36363636363636365,0.36363636363636365,0.4538382008209727,0.13993074184265716,0.4782951428633134,0.2631220644888912,0.18506642479859145,0.5220888531069311,0.20009939946158625,0.40795114559183515,1.0
0.5192307692307693,0.8835546475995915,1.0,0.0453449463635469,0.39794861755781424,0.42629377671818486,0.03688417322676116,0.0018758091975818372,0.004759071980963712,0.006378802747791953,0.0480115083765397,0.0,0.010542426469847856,0.2340782687834968,0.0005437621946668657,0.24451796413225474,0.14312893018784797,0.04033635661121731,0.0010617199863779323,0.03967589547330025,0.0590119727091169,4.0446120711447266e-05,0.0,0.00911087940232631,0.004509596716718685,0.07246732276624664,0.0,0.029998778053847097,0.035323353052436716,0.002440582806984466,0.005924983850129199,4.291845493562232e-05,0.07252461789403734,0.14312893018784797,0.052710721782657836,0.0041611519932235694,0.0021760472860135826,0.0,0.0,0.0,0.10351848508555495,0.010123296560674885,0.09384155426011657,0.001247339235597977,0.09498304948747267,0.006846348957581506,0.09576534187606367,0.028706952432888493,0.029586278123164778,0.0,0.6956959167648215,0.02528961645068821,0.016826923076923076,0.006213950786339682,0.03469668868425905,0.09490116349289425,0.4542574499131699,0.49112213849147546,0.4325545171339563,0.15547370612030662,0.48437913688112255,0.31462745037555717,0.32132889803512527,0.2915694709299747,0.4963316680007729,0.4888506785360598,0.4882575716353426,0.3304195804195804,0.3304195804195804,0.0,0.00014632005072428425,0.4971168174848282,0.5194047179270673,0.5115883263084885,0.5162116665446826,0.17385794160281634,0.3822352316439794,1.0
0.5384615384615384,0.8852570650323459,1.0,0.015340517665584096,0.5374549875587931,0.5529020059191055,0.029213392659405264,0.0018758091975818372,0.009018866321067392,0.0016683022571148186,0.04058900510484411,0.00901214591483522,0.006393926273498937,0.012448174739609666,0.0019084986832425288,0.02947287728712352,0.1689430047662915,0.12161914833041851,0.0,0.022254778847495462,0.1212578947901988,0.005793906791914821,0.0,0.006539586771003108,0.0,0.13469458666748424,0.0,0.004959064803877642,0.007183387661475311,0.004074621081188658,0.022014292635658916,0.0,0.03717352342979118,0.1689430047662915,0.044828839011787504,0.0,0.007904618280821432,0.0,0.0,0.0,0.03231630258169345,0.00028120268224096905,0.031947124758771706,9.490624618680261e-05,0.03204549557681892,0.00929000061864599,0.03530883972369607,0.005669365874738911,0.03308964986533282,0.009825029234653174,0.69589222614841,0.014285375849896946,0.01495726495726496,0.0035893605543798495,0.009935031833317065,0.04858287370667096,0.446290162397288,0.4911115915814564,0.4242586823583708,0.15547370612030662,0.48437913688112255,0.31027808195937506,0.32144165985397344,0.28663798838085947,0.49146264042617793,0.4843724493682595,0.4843724493682595,0.32517482517482516,0.32517482517482516,0.0,0.00014632005072428425,0.4793263935382157,0.5274790226397171,0.5148055273968949,0.5118495206030886,0.18008697452888797,0.3832454765636131,1.0
0.6346153846153846,0.8961525366019748,1.0,0.0338180297214841,0.46276138125730887,0.4861270963498849,0.13104753467957883,0.008278027545850282,0.0,0.0007728164867517173,0.13869991308778135,0.0906744771931262,0.0147312033671322,0.0015977348569117201,0.0028041070038703074,0.10826894757015192,0.21537429406817,0.07832391100988327,0.00014022716801217975,0.057126911040682495,0.11369511663507062,0.004165950433279068,0.0,0.004595932498506828,0.0,0.12346322469877671,0.0,0.02164881267565476,0.06536480341261218,0.003980349642292262,3.0281007751937984e-05,0.00536480686695279,0.09493747356974568,0.21537429406817,0.00016147263038914905,0.0,0.0,0.0,0.0,0.0,0.08964714850253756,0.0009950248756218905,0.0884520393164615,9.490624618680261e-05,0.08872439870815028,0.006042109170395727,0.08872760036039644,0.03964440420212164,0.04039002855349223,0.006098294007715763,0.7145170789163723,0.009476202885503777,0.025652154558404562,0.007282459853105937,0.0484603954489745,0.15347840090180767,0.41807176107014654,0.48092854995807605,0.3837775470174224,0.15547370612030662,0.48437913688112255,0.31506701420485217,0.32189270712936596,0.2924298195041909,0.4491263904606807,0.4426917258866676,0.4426917258866676,0.2762237762237762,0.2762237762237762,0.0,0.00014632005072428425,0.46964019609960483,0.5341020634334265,0.5234167422504401,0.5155895484154285,0.17578794781528267,0.38318719320286493,1.0
0.5384615384615384,0.8998978549540347,1.0,0.06298592658202933,0.4583721852735262,0.4939267510687274,0.0,0.0018758091975818372,0.0,0.0042811579980372915,0.0052347129399306705,0.02835753640702128,0.07348484085668543,0.021154818485185557,0.0070262605154012645,0.1292489560428476,0.11762526535026235,0.010808557367714647,0.0007011358400608986,0.022254778847495462,0.011486096045255016,0.0,0.0,0.0040492797343672495,2.4575458946695827e-05,0.015687116125537807,0.0,0.025701600749460308,0.06911746951587588,0.005457268851669128,0.0036337209302325577,0.0001609442060085837,0.10282124086268352,0.11762526535026235,0.005439609236234458,0.0,0.003673977510804328,0.0,0.00409874830532522,0.0,0.1427253214579447,0.0025849015790612158,0.139897409233169,0.003782691812302561,0.1430563077972358,0.005660610809807601,0.1425868455300831,0.07102655650330798,0.0361778821814058,0.0,0.6949515770187149,0.028061405794698065,0.010049412393162394,0.002323747873355741,0.05812427466675344,0.15612544788437538,0.4464621581584247,0.49201335238808414,0.4254240221529941,0.15547370612030662,0.48437913688112255,0.31462745037555717,0.32132889803512527,0.2915694709299747,0.4895084048690276,0.48249518440727396,0.48249518440727396,0.32867132867132864,0.32867132867132864,0.0,0.00014632005072428425,0.47391097769043045,0.5257375059369888,0.5280531398388731,0.5161311571397204,0.17633464485400704,0.38410029918791855,1.0
0.20192307692307693,0.9107933265236636,1.0,0.590985139257947,0.4920432943697743,0.5012023183163433,0.0,0.0018758091975818372,0.0,0.40394995093228653,0.330715976863368,0.0,0.0,0.900333704115684,0.0,0.0,0.0,0.0,0.03255273543139887,0.5714983356255856,0.0,0.0,0.6974885568283645,0.0,0.00012287729473347915,0.0,0.5244185245562878,0.0,0.0,0.0007855953241366307,3.0281007751937984e-05,0.0,0.0,0.0,0.0,0.22213986976547198,0.0,0.0003140210394096405,0.019652972643482463,0.41657625075346594,0.0002708070048745261,0.0,0.0002699757021868032,9.490624618680261e-05,0.0002708070048745261,0.13395747839894417,0.0,0.0,0.029586278123164778,0.0,0.6959494830519566,0.0014806567008599654,0.016804665242165243,0.49099547699074647,0.0,0.0,0.45350288786431203,0.5234378707898053,0.4317583939079266,0.742527216948263,0.48437913688112255,0.3343692644631923,0.32132889803512527,0.889644773604151,0.4955698473598499,0.48846978419614967,0.48846978419614967,0.3723776223776224,0.3706293706293706,0.5930043300678683,0.19166300866539854,0.4782951428633134,0.5260963639242175,0.13375660246492024,0.29763595110883406,1.0,0.8347213407763345,1.0
0.28846153846153844,0.9141981613891726,1.0,0.11068054325361677,0.5698381870353866,0.625025690562315,0.009935774829370431,0.0018758091975818372,0.0033355995580861735,0.0028459273797841016,0.017052776695537508,0.0888515658603527,0.1407167238931459,0.07817777328344626,0.0004478041603138894,0.3068225373706401,0.561240837906036,0.250925285720096,0.0,0.03995495226135662,0.2681846291095995,0.0795474079092389,0.0,0.03229300588157881,0.0,0.3833481517817907,0.0,0.08509836666530894,0.06430842287415993,0.013103730006599,0.02411377583979328,0.0024356223175965664,0.1866529732777543,0.561240837906036,0.09550096883578232,0.0,0.0013258706719431598,0.0,0.0,0.0,0.0002708070048745261,0.13062946138870862,0.9448249657530822,0.007185758639857912,0.9529798800425268,0.017507681521044274,0.9624887376113724,0.623342147773925,0.02980903586399627,0.0,0.7454521659468656,0.03384188955485537,0.029013087606837608,0.021370181335325117,0.3092115966550613,0.0,0.4214839350410848,0.483897505128435,0.39057343948309675,0.15547370612030662,0.48437913688112255,0.30049971466909325,0.32132889803512527,0.27532041332209856,0.4662728753208755,0.4595925518832504,0.4595925518832504,0.31993006993006995,0.31993006993006995,0.0,0.00014632005072428425,0.49727339481243116,0.5487730223230777,0.4831136957797577,0.5180999780428894,0.17228411679436736,0.3826755948140761,1.0
0.6442307692307693,0.9148791283622745,1.0,0.3327428402716268,0.4920432943697743,0.5012023183163433,0.0,0.0018758091975818372,0.09978116767230391,0.18388125613346418,0.0017482342833737925,0.0,0.0,4.0448983719284053e-05,0.526447100468062,0.0,0.0,0.0,0.14222039704321002,0.4930136139847316,0.0,0.0,0.0,0.0,0.0,0.0,0.04821711477969371,0.6814182721681398,0.0,0.29330987021965244,0.3768269541343669,0.8330793991416309,0.0,0.0,0.0,0.03750330880406586,0.09918727164154935,0.004945831370701837,0.44055238515622536,0.0013622664255575647,0.0002708070048745261,0.003763789746917586,0.0002699757021868032,0.20265195167916264,0.0002708070048745261,0.005588435444290929,0.0,0.0,0.029586278123164778,0.0,0.6959494830519566,0.8146810073203666,0.007233796296296296,0.596798622349475,0.0,0.0,0.45350288786431203,0.4911115915814564,0.4317583939079266,0.479117836037683,0.48437913688112255,0.42855159862424236,0.32132889803512527,0.7398022085236596,0.4955698473598499,0.48846978419614967,0.48846978419614967,0.3356643356643357,0.3356643356643357,0.3603169241163284,0.05272399161098377,0.4782951428633134,0.5260963639242175,0.6027636984474203,0.6707970431091267,0.21780907020086973,0.553374606587315,1.0
0.10576923076923077,0.9169220292815798,1.0,0.30171735065446315,0.39245181930112866,0.5278896744491944,0.020042682558537517,0.0018758091975818372,0.0,0.02022816486751717,0.038101517467357966,0.0809761792597751,0.0433578685569865,0.05835777126099707,0.010235523664317472,0.19103911561195056,0.2780970881563664,0.1392504168869728,0.0018229531841583366,0.03670593394327174,0.15538163643920885,0.0,0.0,0.012238947997125011,0.0,0.16899163013152652,0.0,0.058246099955195314,0.04257716608314218,0.006934188061045994,0.006520510335917312,0.0006008583690987125,0.1131516945568779,0.2780970881563664,0.285090020991442,0.004362327280427762,0.0020950780846735423,0.0,0.0,0.0,0.14989669214258491,0.01573653471771577,0.13488786009259165,0.009680437111053866,0.1423943351186536,0.006939145856102943,0.1431674842326559,0.05179598514235151,0.03002166825297179,0.0,0.6954178118047377,0.047262561891450096,0.024739583333333336,0.013537906137184115,0.09312465428041519,0.20400378437135153,0.4203909297203127,0.4869244683038986,0.3927483558324679,0.15547370612030662,0.48437913688112255,0.31462745037555717,0.32132889803512527,0.2915694709299747,0.458240635954622,0.45167539096083315,0.45167539096083315,0.21503496503496503,0.21503496503496503,0.0,0.00014632005072428425,0.46489428330777705,0.5116206659982057,0.540201675292109,0.5009953890068066,0.19456616276661837,0.384968073670168,1.0
0.3942307692307692,0.9176029962546817,1.0,0.013532132664107863,0.4803078619154822,0.4951496218349227,0.15704966880750568,0.046426277640150476,0.0025707487040027193,0.020215897939156034,0.22014765087261867,0.19440632488786025,0.30476372680313757,0.2544847810698756,0.055463743856020306,0.803019910834964,0.0,0.03734697197706104,0.0011819147018169434,0.022254778847495462,0.038432294887521416,0.18712397747151077,0.0,0.04237571242015326,0.0,0.27064618654893663,0.0,0.1419086798908395,0.5152621835888768,0.009123380364306738,0.060592296511627904,0.02005364806866953,0.7432086832195574,0.0,0.5436783465202648,0.0,0.0038764005141544286,0.0,0.010467572595138254,0.006823387582881254,0.5610519347656014,0.012783906554185594,0.5475107240348368,9.490624618680261e-05,0.5491966058855389,0.017229290825479967,0.5591951146260887,0.3261994670178724,0.029586278123164778,0.1572004677544508,0.6640819264494177,0.06801544621070336,0.05482104700854701,0.0064110544005975345,0.13201878545320447,0.6529449655783245,0.4034743143749619,0.4959368029151659,0.3850178839275412,0.15547370612030662,0.48437913688112255,0.31462745037555717,0.32132889803512527,0.2915694709299747,0.450843247122471,0.44093961192308107,0.44093961192308107,0.19230769230769232,0.19230769230769232,0.0,0.00014632005072428425,0.4865613459171112,0.5356377645258324,0.5029184228778744,0.512522871990046,0.18306895837647547,0.386172596458962,1.0
0.6538461538461539,0.9179434797412326,1.0,0.01631237082964275,0.6542580867845018,0.6698043406774087,0.01876421913064487,0.009480992139951678,0.006118806832667629,0.0010304219823356231,0.03440525069679624,0.12212481822092046,0.173431474227946,0.04115684093437152,0.000319860114509921,0.33531702003187347,0.6941863259502543,0.16950014235164923,0.007862737634968649,0.033317387231158686,0.18820774323050254,0.006107364227428537,0.0,0.006620572365690453,0.005959548794573738,0.20755025497950966,0.0,0.1588733656470205,0.2371624612660469,0.035121348291068305,0.043705587855297164,0.024012875536480686,0.493545983608208,0.6941863259502543,0.34622759567253353,0.01077876012494044,0.0029553758489114703,1.5701051970482023e-05,0.0,0.006124171187462327,0.592475577220116,0.061897036556348685,0.5334319911207991,0.011578562034789918,0.5435798680066599,0.009207514486626935,0.5457903694063471,0.4752389673728508,0.029586278123164778,0.0,0.6707646250490774,0.028807656771931485,0.03802751068376069,0.012448649321548612,0.06612869987743901,0.5583960706952775,0.4481710192690735,0.4911115915814564,0.42621437637013954,0.15547370612030662,0.4840879004500926,0.3117741413082037,0.3214839455360415,0.28876668588407467,0.49200916392944877,0.4849601149212636,0.4849601149212636,0.32167832167832167,0.32167832167832167,0.0,0.00014632005072428425,0.5279301557134527,0.5097736028286453,0.4983620551672624,0.5264802751957842,0.1781818181818182,0.39470139491510065,1.0
0.09615384615384616,0.9227102485529451,1.0,0.056195256372404294,0.4491662073122356,0.48190870601775737,0.0,0.0018758091975818372,0.0,0.0026619234543670263,0.003916044794757295,0.011992298711672778,0.06001228439378531,0.0026089594498938215,0.0019084986832425288,0.07629460773436082,0.0403132134417431,0.01025948672062472,0.0,0.022254778847495462,0.010229012276842286,0.0,0.0,0.00012147839203101748,0.0,0.010434231637898438,0.0,0.007932467109282719,0.013682643164714877,0.0009531889932857786,0.001463582041343669,0.007618025751072961,0.030256348295374456,0.0403132134417431,0.003865251089940255,0.0,9.109035150754532e-05,0.0,0.0,0.0,0.015987643176666465,0.0016655851178888168,0.014398704116629503,0.00012202231652588907,0.014463100038113578,0.0121151506402986,0.020502552808088898,0.011050633302122668,0.029586278123164778,0.0,0.6989840989399294,0.006657032527066405,0.015903222934472935,0.0003215901074733391,0.0023210663890063884,0.029238294617335642,0.44874248905607617,0.4911115915814564,0.426814353294104,0.15547370612030662,0.48437913688112255,0.31462745037555717,0.32132889803512527,0.2915694709299747,0.4908388307709293,0.48380654920610733,0.48380654920610733,0.3269230769230769,0.3269230769230769,0.0,0.00014632005072428425,0.4823823510355701,0.5260752546308513,0.519831403724057,0.5168045085266778,0.17201076827500517,0.38131564972995374,1.0
0.6538461538461539,0.923391215526047,1.0,0.023988780631827578,0.5092909799961878,0.528424038145347,0.0005737985463770158,0.0018758091975818372,0.0,0.0,0.0023176591642441132,0.0344612170493415,0.012163563682498766,0.003599959551016281,0.0,0.04966613544209316,0.1029258621380222,0.031307194859071866,0.0013221418698291232,0.022254778847495462,0.032562524710820044,0.0,0.0,0.0078758490833443,0.0,0.04076606268714678,0.004982435193901683,0.004663761150258646,0.028653064509638212,0.0023777351810535356,0.024234899870801036,0.0,0.06333192371976883,0.1029258621380222,0.008043355401259486,0.0,0.0,0.0,0.0,0.0,0.03815369802009991,0.002260436945706251,0.03593676569108781,0.002304865978822349,0.03769232312290627,0.007537170313241086,0.03923315647211933,0.019837635946454848,0.04599947348170349,0.0013988918153899957,0.69537691401649,0.002949468148113051,0.007678952991452992,0.0020955226357940162,0.002993524875540949,0.042765409235476476,0.4516719652457598,0.4911115915814564,0.42985462097611626,0.15547370612030662,0.48437913688112255,0.31462745037555717,0.32132889803512527,0.2915694709299747,0.493748102348947,0.4866741394508592,0.4866741394508592,0.3269230769230769,0.3269230769230769,0.0,0.00014632005072428425,0.48122691834222403,0.5251570003694126,0.5225044016432802,0.5176315596867451,0.17219300062124662,0.3821963760701473,1.0
0.6634615384615384,0.9291794347974123,1.0,0.015758783584292887,0.40303843637468895,0.4190130713581059,0.021462078962733295,0.0018758091975818372,3.186878558681057e-05,0.0011530912659470068,0.024015744098460554,0.12018925506421153,0.022635505925709627,0.07492163009404389,0.0001599300572549605,0.21588226987553208,0.0764609284255217,0.024392971895717246,1.0016226286584267e-05,0.022254778847495462,0.024330653582181852,0.004216508084168377,0.052723353757477415,0.00015184799003877184,0.0015359661841684892,0.0524573075390134,0.0,0.007494603071157999,0.006207493259286088,0.006483780075207659,0.006157138242894057,0.0,0.02521194546809239,0.0764609284255217,0.0604210398837397,0.0,3.0363450502515105e-05,0.0,0.0,0.0,0.05301799362099056,0.0,0.052855243028127476,9.490624618680261e-05,0.05301799362099056,0.008279545501412574,0.05526078686555211,0.02878926627498997,0.03393005406937891,0.008797718057726146,0.6956386598612747,0.009902632015351447,0.01987624643874644,0.0021266442590978877,0.008937190208136749,0.06915536052176013,0.44600720162896634,0.4911115915814564,0.42396446290527284,0.15547370612030662,0.48437913688112255,0.3216604716442772,0.32132889803512527,0.29965852144219257,0.4830770929365978,0.47615601432162713,0.47615601432162713,0.29895104895104896,0.29895104895104896,0.0,0.00014632005072428425,0.4833056173466082,0.5260699773075096,0.5173664834871685,0.5146673497767693,0.17880306481673225,0.38473494022717564,1.0
0.9711538461538461,0.9325842696629213,1.0,0.08220155496506248,0.7566417499085584,0.7994389181190399,0.0,0.0018758091975818372,0.5120782697374012,0.009433267909715408,0.0017482342833737925,0.5508469368944964,0.05733388378157945,0.6735969258772374,0.1073130684180785,0.0,0.0,0.9326371659820231,0.0,0.15800593992306008,0.0,0.6818103683630443,0.0,0.07662249577356427,0.007212897200855226,0.0,0.003111151929832618,0.011679768644861718,0.06411726830053523,0.12843959819417822,0.40991400193798444,0.0,0.0,0.0,0.0,2.117634602149399e-05,0.015880084612815402,0.0,0.009038265493794075,0.042808921036769136,0.38285089566909386,0.0,0.3816756491915727,9.490624618680261e-05,0.38285089566909386,0.05179098014146372,0.42672940234257684,0.032966693761639694,0.14186630485409368,0.0,0.714230794398639,0.0367439766885409,0.2134860220797721,0.02231420390887589,0.09535895183244937,0.9634848423849591,0.15887414903710118,1.0,0.6821160724587516,0.15547370612030662,0.48437913688112255,0.31462745037555717,0.32132889803512527,0.2915694709299747,0.735140357172431,0.7246079508972783,0.7246079508972783,0.44405594405594406,0.44405594405594406,0.0,0.00014632005072428425,0.45984601429712985,0.8673175365454641,0.19560902737021818,0.5147478591817317,0.24384344584800166,0.4356551697340984,1.0
0.7980769230769231,0.9349676540687777,1.0,0.05112685759275662,0.48511434061603287,0.515645552449852,0.17339789405866837,0.0018758091975818372,0.006915526472337894,0.009617271835132482,0.1881599584419736,0.39316510660958975,0.3552807789513961,0.09862473455354434,0.002942713053491273,0.8442335236327692,0.0,0.3502765689185342,0.0005909573509084717,0.022334509358368712,0.3499153496010787,0.021375774795999877,0.1747838512024412,0.006043550003543119,0.0009461551694477894,0.45498768535835094,0.00020664477762725875,0.4895829090464747,0.03682240734033563,0.013742680870230126,0.011486595607235141,0.06996781115879827,0.6106647334823496,0.0,0.09981026965929275,0.0,0.00046557290770523165,0.0,0.0,0.004460518384569017,0.8852580690457563,0.036069651741293535,0.849193572578468,0.005301191751291402,0.8556598664018776,0.008496071597962592,0.8566022624887376,0.6342898887734209,0.037777687774650175,0.0,0.7872660646512237,0.06546871668522423,0.07920450498575499,0.01765633428772978,0.07461035369147172,0.9467873102781916,0.40632611505961597,0.4911115915814564,0.3827045113649475,0.15625197962009396,0.48437913688112255,0.29109150639295467,0.32132889803512527,0.2652623176194066,0.4650031742526705,0.45834104190926006,0.45834104190926006,0.243006993006993,0.243006993006993,0.0,0.00014632005072428425,0.5415685808694901,0.5219220011610111,0.4654697753828096,0.5167020420112712,0.17545661627666184,0.3839189731767022,1.0
0.6057692307692307,0.937351038474634,1.0,0.03284617655742545,0.44319030667703857,0.4661963581058862,0.0,0.0018758091975818372,0.029351151525452535,0.0,0.0293503561402983,0.01128566454335047,0.007179321941739752,0.059530791788856306,0.0,0.07765629097657904,0.03652821724676573,0.03580143978525237,0.0,0.022254778847495462,0.03569509635952596,0.0,0.0,0.0008098559468734499,0.0004915091789339166,0.03720963505738316,0.0,0.0,0.0,0.0008693921587112046,3.0281007751937984e-05,0.0,8.054934654342618e-05,0.03652821724676573,0.003229452607782981,0.0,0.0,0.0,0.0,0.0,0.0002708070048745261,0.0,0.0002699757021868032,9.490624618680261e-05,0.0002708070048745261,0.0058255830738457096,0.00023025327860646714,0.0,0.029586278123164778,0.0,0.6959494830519566,0.0014806567008599654,0.007256054131054131,0.00020747748869247686,0.0014859163331489497,0.0016103707878739081,0.45274277756509484,0.4911115915814564,0.43096803969078107,0.15547370612030662,0.48437913688112255,0.31462745037555717,0.32132889803512527,0.2915694709299747,0.4948135471583538,0.48772431955946843,0.48772431955946843,0.32867132867132864,0.32867132867132864,0.0,0.00014632005072428425,0.4780629764810056,0.5260963639242175,0.5239502747692472,0.5166361706799385,0.1721267343135225,0.3812573663692057,1.0
0.07692307692307693,0.9427987742594485,1.0,0.178784076370436,0.4920432943697743,0.5012023183163433,0.0,0.0018758091975818372,0.04665590209909068,0.08109666339548577,0.0017482342833737925,0.0,0.7229768509661374,0.8784103549398321,0.2648121888027636,0.0,0.0,0.0,0.0014924177167010557,0.08658733480834778,0.0,0.4351598127344611,0.21145043714126566,0.0,0.0001597404831535229,0.0,0.13857828392992447,0.0,0.0,0.251851386313882,0.9214005975452196,0.09357296137339055,0.0,0.0,0.0,0.0,0.10241591854498346,0.0,0.007178064339838783,0.0,0.0002708070048745261,0.0,0.0002699757021868032,0.13254335181745458,0.0002708070048745261,0.17054007794939474,0.0,0.0,0.029586278123164778,0.0,0.6791813898704359,0.7341095922863708,0.6671452101139602,0.11384289804556205,0.0,0.0,0.4221719180856317,0.4911115915814564,0.4317583939079266,0.21023339155301762,0.48437913688112255,0.29261841232629515,0.31619823527753504,0.31670584061377444,0.4955698473598499,0.48846978419614967,0.48846978419614967,0.0944055944055944,0.0944055944055944,0.0,0.00014632005072428425,0.5304137960823273,0.47196685840941466,0.41714773515445763,0.3612749762131303,0.501901014702837,0.5016125063140308,1.0
0.5288461538461539,0.947906026557712,1.0,0.005400551126857592,0.5473924981840473,0.5586618299901348,0.028699993960015303,0.005158475293350053,4.249171411574743e-05,0.0,0.033476189049060454,0.00883804764148045,0.020621670878938306,0.026585094549499443,0.0005011141793988762,0.056313166972625124,0.1996935955461209,0.01256761703339163,0.0,0.03436385018637007,0.024847679970803217,0.15672871775685815,0.0,0.0045149469038194825,0.0,0.18801034225506127,0.0,0.014154209604496763,0.0007948005955974083,0.0010369858278603526,0.0005652454780361758,0.0,0.015566161219517108,0.1996935955461209,0.16721500080736315,0.0,0.0,0.0,0.0,0.0,0.0002708070048745261,0.0,0.0002699757021868032,9.490624618680261e-05,0.0002708070048745261,0.008001154805848266,0.0023425768345179698,0.0,0.029586278123164778,0.0,0.6966692841251145,0.004773637203572528,0.012720352564102564,0.000788414457031412,0.0008893805789650646,0.010225854502999317,0.4491641560833791,0.4911115915814564,0.42724702896042455,0.15547370612030662,0.48437913688112255,0.31412619337723835,0.32132889803512527,0.29099294868952064,0.4916116922907064,0.48456833788592757,0.48456833788592757,0.30244755244755245,0.30244755244755245,0.0,0.00014632005072428425,0.4781763600630629,0.5272257111193203,0.5222643120098169,0.5160433286979433,0.1729384965831435,0.3813674571617299,1.0
0.25,0.9523323118828737,1.0,0.11130794213167995,0.6944460185562018,0.7495632604406445,0.025317602528740258,0.0018758091975818372,0.0,0.0038886162904808634,0.030039659943457107,0.20687995411998442,0.1609759044636654,0.23785013651532003,0.005203057862694715,0.6071392548062375,0.0,0.06336681986415585,0.0,0.024377603699495702,0.06532780486815827,0.18375683792228276,0.0,0.28577791725296864,2.4575458946695827e-05,0.5401068972212855,0.03174293389663169,0.22945093886196083,0.14754114853716446,0.029318417496779055,0.051770429586563305,0.11479613733905579,0.589137920618619,0.0,0.71904771516228,0.0,0.00043520945720271654,0.0,0.0,0.06705244122965642,0.2862730938195823,0.0,0.2853943145116939,0.013571593204712773,0.29624280355459265,0.021291732827418388,0.31066172790069074,0.0,0.045118567870233495,0.3526081682167408,0.6877781049600838,0.04979744616332235,0.03700365028490029,0.01139051412921698,0.04685517196498878,0.4526047747493861,0.3761769226074558,0.48993561111433376,0.35006345909772696,0.15547370612030662,0.48437913688112255,0.31462745037555717,0.3256843232881346,0.2943101689653643,0.4156946092908995,0.40973892413673013,0.40973892413673013,0.30244755244755245,0.30244755244755245,0.0,0.00014632005072428425,0.5092110662376088,0.5210143015462557,0.49597182948300694,0.513423113518261,0.1868212880513564,0.3899027315468404,1.0
0.33653846153846156,0.9543752128021791,1.0,0.005462060820785357,0.4919814747080309,0.5034168447878987,0.0009663975517928688,0.002140869192892314,8.498342823149486e-05,0.0,0.00305691251835646,0.0011470003891608464,0.007028284313231904,5.056122964910507e-05,0.0006610442366538368,0.008805551633011237,0.014368967036488165,0.0020742668890063854,0.0,0.022254778847495462,0.0020681055544854573,0.0,0.0,0.00012147839203101748,0.0,0.0022074378391636266,0.0,0.00638466864893487,0.002696285564811461,0.002712922519351831,0.001433301033591731,1.072961373390558e-05,0.012263638011236633,0.014368967036488165,3.0276118197965443e-05,0.0,0.00017205955284758562,0.0,0.0,0.0,0.0266293554793284,0.0,0.026547610715035648,0.0017489865368710766,0.02785300194579848,0.0056193677437980745,0.027560316347982783,0.0,0.05171017192847451,0.0,0.6962930244732365,0.0018715500698869964,0.007701210826210826,0.00010373874434623843,0.003503291792752633,0.026520793912798424,0.4541631296570627,0.4911115915814564,0.43244490596515517,0.15547370612030662,0.48437913688112255,0.3146428736678131,0.3217517548558058,0.29185329726373677,0.496050125589997,0.48893774009946783,0.48893774009946783,0.3321678321678322,0.3321678321678322,0.00022520447542712078,0.00022760896779333106,0.4780629764810056,0.5258324977571376,0.5235074427786374,0.515662738783576,0.17469455373783394,0.38240360579725163,1.0
0.46153846153846156,0.95471569628873,1.0,0.006876783781123905,0.5029853744983592,0.5149930121670503,0.0038957901306650024,0.0018758091975818372,0.0004036712840996006,0.0002576054955839058,0.006193744318238579,0.009554922884705979,0.0006444272149668221,0.00039437759126301946,0.00019191606870595259,0.010600956204232313,0.041855248928585734,0.030524260788221416,1.0016226286584267e-05,0.023151747094819507,0.031345992031710956,0.004469296338614923,0.0,0.004970490873935799,0.00035634415472708946,0.04143033796282102,0.0,0.0001120117306830679,0.0006740713912028653,0.0011626810797222133,0.00013121770025839794,2.145922746781116e-05,0.001268652208058962,0.041855248928585734,0.002200064589052156,0.0,0.0,0.0,0.0,0.0,0.008916571382720506,0.0,0.008889199972002519,9.490624618680261e-05,0.008916571382720506,0.005959623038376673,0.008989888877765542,0.0,0.029586278123164778,0.0040436716538617065,0.6959494830519566,0.003340361517140082,0.00913684116809117,0.002168139756836383,0.0015076085423919997,0.010517734208301462,0.4526817468111431,0.48879127137726824,0.4283662166839737,0.15547370612030662,0.48437913688112255,0.31462745037555717,0.32132889803512527,0.2915694709299747,0.49232382897678656,0.48527027174090476,0.48527027174090476,0.32867132867132864,0.32867132867132864,0.0,0.00014632005072428425,0.47851111159104165,0.5265502137315953,0.5230859520887798,0.5166800849008271,0.17231724994822945,0.381445168309394,1.0
0.7403846153846154,0.9710589036431733,1.0,0.13532132664107863,0.4984467809986966,0.5641082292009209,0.0,0.0018758091975818372,0.08362369337979093,0.0018277723258096172,0.0017482342833737925,0.4503205456444709,0.27768771459929714,0.6240772575589039,0.0038169973664850575,0.0,0.0,0.0,0.0005308599931889661,0.3177061532021766,0.0,0.4561715724440579,0.0,0.0862395351426865,0.00013516502420682705,0.0,0.0,0.11454726895034825,0.056461024588514624,0.006085745110978432,0.10260214793281654,0.009399141630901288,0.28599045490243463,0.0,0.446562651380591,0.00038117422838689183,0.004007975466331994,0.0,0.0,0.0,0.9675733686385428,0.06765087605451005,0.9020588147066764,0.027604159605190012,0.9251870574311448,0.03533499680366239,0.9520572629892883,0.6162837358137239,0.08742228792450538,0.0,0.7170527417877242,0.04625571533486531,0.23670094373219375,0.05955641312917548,0.221846223928676,0.0,0.32212031935729063,0.4911115915814564,0.2951482635283258,0.15547370612030662,0.48224119671697113,0.3157147924796027,0.32132889803512527,0.2956849527695241,0.36228435783488366,0.3570938850134401,0.3570938850134401,0.291958041958042,0.291958041958042,0.0,0.00014632005072428425,0.365008746733473,0.5203546361285556,0.6415248359387504,0.5167020420112712,0.1720936011596604,0.38128974601406573,1.0
0.9134615384615384,0.9713993871297242,1.0,0.024493160122035233,0.611638581650894,0.6307135810588622,0.025669934969498077,0.005545870671111518,0.0,4.906771344455348e-05,0.030858832579095115,0.0,0.03735664011760797,6.067347557892608e-05,0.0,0.03743115934719897,0.3187307245564145,0.27753487615406514,0.0,0.023789591181805497,0.27827171257387906,0.00024267672426868357,0.0,0.00023283358472611683,0.0,0.280998661229829,0.0,0.009561728646490979,0.03398527103706386,0.000974138201929422,3.0281007751937984e-05,0.0,0.04364767715821906,0.3187307245564145,0.017822541579202326,0.0,0.0,0.0,0.0,0.0,0.000561673787887906,0.0,0.0005599496045355918,9.490624618680261e-05,0.000561673787887906,0.005588435444290929,0.00029031935128641503,0.0,0.029606528826876734,0.0,0.6961539719931946,0.0015043472080737248,0.007233796296296296,0.002572720859786713,5.42305231076259e-05,0.002838278513627763,0.45209918052342196,0.4911115915814564,0.43029883466020535,0.15547370612030662,0.48437913688112255,0.31455033391427734,0.32132889803512527,0.29148077520067406,0.4942339010185211,0.48715297804960334,0.48715297804960334,0.32867132867132864,0.32867132867132864,0.0,0.00014632005072428425,0.47825734833596095,0.5260963639242175,0.5237688737128527,0.5166434897167532,0.17220956719817768,0.3813286015878978,1.0
0.9615384615384616,0.9853592100783112,1.0,0.04919545320342486,0.0,0.030993094376849745,0.0,0.0018758091975818372,0.024188408260389222,0.11273307163886163,0.11630253444021539,0.29581344857956293,0.33911975270105627,4.0448983719284053e-05,0.00039449414122890255,0.0,0.8845676292706373,0.038526457070809775,0.0,0.022802926109749048,0.038969596820794594,0.030344702063763312,0.0,0.008058066671390826,0.0,0.07807789394078753,0.0,0.03699441977923506,0.6482252806954001,0.003446144821879353,0.0649830426356589,0.06381974248927039,0.8125415332568114,0.8845676292706373,0.10194978201194897,0.0,0.004038338916834509,0.0,0.0,0.0,0.13645664078955289,0.0,0.13603775660190584,9.490624618680261e-05,0.13645664078955289,0.009083785288598354,0.13932325558113925,0.06714751669427611,0.03295802029120511,0.0,0.6971191597958383,0.019378834900855225,0.06689592236467237,0.00442964438358438,0.046020021909131334,0.18665203913201014,0.42782003695134746,0.4911115915814564,0.4050536517826237,0.15547370612030662,0.48437913688112255,0.31462745037555717,0.32132889803512527,0.2915694709299747,0.4700157332523669,0.46319472406925744,0.46319472406925744,0.30594405594405594,0.30594405594405594,0.0,0.00014632005072428425,0.5060957173401291,0.5263232888279065,0.49646267940030947,0.5172363316987484,0.17348519362186787,0.3828569208252924,1.0
0.8942307692307693,0.989445011916922,1.0,0.04827280779450842,0.5472327973912102,0.5764088704373561,0.128480541182629,0.0018758091975818372,0.0,0.008218842001962708,0.13594269787514612,0.04623845318804661,0.0584817697582391,0.04761856608352715,0.007665980744421107,0.1588327852978556,0.43875916209396404,0.20815878309675845,0.00017027584687193253,0.04051306583746935,0.22629535385894303,0.0,0.0,0.034084812164036325,0.0,0.26253180856608516,0.0247514522535761,0.06627021302594599,0.03234536601070465,0.023955420084006328,0.03410650839793281,0.0070922746781115886,0.18252481926740372,0.43875916209396404,0.0748526562247699,0.0135634496267669,0.005111180834590043,0.0,0.0,0.00018083182640144665,0.8828910152253716,0.06255678131083713,0.8223459888610024,0.017327168946676248,0.837626125855048,0.008784773060029283,0.838882771048153,0.5235263249956271,0.029586278123164778,0.0,0.7032783667059286,0.05278245007225605,0.03385416666666667,0.02095522635794016,0.20609768001822146,0.8003643463907566,0.47722165815010237,0.4911115915814564,0.4564209068881966,0.1636727269436476,0.4903759597564204,0.31462745037555717,0.32132889803512527,0.2915694709299747,0.5191697259101825,0.5117315456692313,0.5117315456692313,0.34965034965034963,0.34965034965034963,0.0,0.00126810710627713,0.5275198151307691,0.5032191672383767,0.5002400896334631,0.5194100856327307,0.17616897908469664,0.38687199678793927,1.0
0.9134615384615384,0.9914879128362274,1.0,0.08712233047928353,0.39444550339235396,0.440248890167708,0.13038313636272122,0.0018758091975818372,0.0,0.0014720314033366043,0.13233634029630073,0.2883477049751142,0.04181728474620644,0.1723328951360097,0.00013860604962096578,0.49788182606766057,0.5063684062963112,0.28173424980680845,0.0,0.022254778847495462,0.28089739560628946,0.0,0.0,0.006985007541783506,0.0,0.29021675813226233,0.030755631070190345,0.043633660543358724,0.11916978550444686,0.003781332160177649,0.031088501291989663,0.0,0.22324251394510564,0.5063684062963112,0.03087154852252543,0.0,0.0006376324605528172,0.0,0.0,0.0,0.18530220055766183,0.0,0.18473337399634032,0.02296731157720623,0.20222262341778502,0.008867259192048336,0.2047452197417159,0.1376493224541872,0.029586278123164778,0.0,0.7341398377175763,0.016986093672265522,0.010294248575498577,0.009066766255861239,0.0501415416653109,0.2528986674181731,0.42756481743482194,0.4911115915814564,0.4047882773739471,0.15547370612030662,0.48437913688112255,0.31462745037555717,0.32132889803512527,0.2915694709299747,0.4697617930387259,0.4630314836378674,0.4630314836378674,0.3181818181818182,0.3181818181818182,0.0,0.00014632005072428425,0.4820098049802389,0.5248034197055252,0.5201728645360935,0.5150040254702482,0.1762849451232139,0.3830641505523968,1.0
0.18269230769230768,0.9948927477017364,1.0,0.019068005117606535,0.45076321524060725,0.4679946974679382,0.05693692242646319,0.0024670968794282856,4.249171411574743e-05,0.0008464180569185475,0.05955984455699743,0.03825041476353358,0.03066063858709333,0.01037516432399636,0.0,0.07869520485767889,0.07135418752753636,0.03832309757188758,0.0,0.022254778847495462,0.03820926389635142,0.0,0.0,0.0007693631495297774,0.005136270919859427,0.04356623846460435,0.0,0.013095189605311393,0.007666304479053483,0.006578051514104055,0.002483042635658915,0.00020386266094420602,0.028826597394228638,0.07135418752753636,0.023817212982399485,0.0,0.0,0.0,0.0,9.644364074743822e-05,0.024051673988485688,0.001946787800129786,0.02217800397964183,0.0002440446330517781,0.022346592846683118,0.006258635266945745,0.022684953448793673,0.020393254380639787,0.029586278123164778,0.0,0.6958349692448633,0.009203762052545545,0.015702902421652423,0.0014730901697165857,0.020998058547272744,0.05493377350134869,0.4357984209679478,0.4911115915814564,0.4133494865582093,0.15547370612030662,0.48437913688112255,0.31462745037555717,0.32132889803512527,0.2915694709299747,0.47795412514836183,0.4711064436439617,0.4711064436439617,0.2937062937062937,0.2937062937062937,0.0,0.00014632005072428425,0.4720266505410017,0.5330096575017151,0.5235287840793896,0.517455902803191,0.1757216815075585,0.38479322358792367,1.0
0.4230769230769231,0.9972761321075928,1.0,0.036216907784666866,0.8084466264495422,0.8319015126603091,0.0805331293160724,0.0024569022642240367,0.0,0.0005274779195289499,0.08266650682810361,0.0,0.0009465024719825199,0.13699059561128527,0.005171071851243722,0.14244215367856206,0.8669844194336525,0.014092813275308088,0.0,0.022254778847495462,0.014050952443710019,0.3963315368514717,0.0,0.045250701031554014,1.2287729473347913e-05,0.46043474261887973,0.049950634858677935,0.20925827868518596,0.0002313976417562075,0.005080183096083545,0.16094355620155038,0.0027360515021459227,0.4181517952435611,0.8669844194336525,0.6094986274826417,0.0,3.0363450502515105e-05,0.0011775788977861517,0.0,0.0,0.03990892860724961,0.0,0.03978641922227,9.490624618680261e-05,0.03990892860724961,0.047625430474501476,0.08037841625788368,0.0,0.06713108280512747,0.0,0.6872055359246172,0.0035417308284570372,0.019731570512820516,0.0002385991119963484,0.007277736201043395,0.046590039856677,0.4723613908354001,0.4911115915814564,0.45136725510557285,0.16167274504303128,0.48467699232194866,0.3148819346977806,0.3220054689482141,0.29796443301255043,0.510353584145298,0.5030417133715678,0.5030417133715678,0.34615384615384615,0.34615384615384615,0.003009550717071523,0.0011217870555528457,0.4332062717318533,0.5928808908121801,0.4993650963026196,0.5147185830344726,0.17761855456616277,0.38385421388698215,1.0
0.6153846153846154,0.9982975825672454,1.0,0.042355575238657614,0.4602628365951791,0.4871958237421901,4.02665646580362e-05,0.0018758091975818372,0.0,0.00023307163886162905,0.00198799212795077,0.052434303504495836,0.001963489170602036,0.02156942056830822,0.017357742214071714,0.09150511387706523,0.06379420835502864,0.05300565339407004,0.0,0.022254778847495462,0.052848207134964166,0.0,0.0,0.003138191794134618,0.0,0.056442959193058834,0.0,0.002077308459940532,0.00040243068131514347,0.00685039122647142,9.084302325581395e-05,0.0002145922746781116,0.008538230733603174,0.06379420835502864,0.0017560148554819958,0.0,0.003157798852261571,0.0,0.0,0.0,0.0047742271970472,0.0004434349989184512,0.004349608535231829,9.490624618680261e-05,0.004363001745200698,0.0059493122718742904,0.004424867354089499,0.0032616859932708435,0.029586278123164778,0.002655708680779445,0.6959740217249052,0.005354054630309634,0.014634526353276354,0.00421179302045728,0.01651861733858285,0.03506582390595435,0.4366306585218352,0.4911115915814564,0.41421483789085034,0.15547370612030662,0.48437913688112255,0.31462745037555717,0.32132889803512527,0.2915694709299747,0.4787821910624086,0.471922645800912,0.471922645800912,0.3146853146853147,0.3146853146853147,0.0,0.00014632005072428425,0.47412694641815867,0.5262757929178321,0.5273808888651763,0.5162555807655712,0.177303789604473,0.384961597741196,1.0
0.21153846153846154,0.3721484508001362,1.0,0.012794016336974707,0.49356302772096666,0.5080616984544558,0.0,0.0018758091975818372,0.0,0.0,0.0017482342833737925,0.0,0.0,5.056122964910507e-05,1.0662003816997368e-05,2.017308506989974e-05,0.013387671726679217,0.0006710863464432424,0.00010016226286584267,0.022254778847495462,0.0007603329244431829,0.004105281252211897,4.843670533530309e-05,0.005709484425457821,0.0,0.010699941748168134,0.0,9.164596146796465e-05,0.0,0.0030271606490064836,5.046834625322998e-05,0.0007081545064377683,0.0029199138121991986,0.013387671726679217,0.0,0.0,3.0363450502515105e-05,0.0,0.0,0.0,0.0003309863392910875,0.0,0.0003299703026727595,9.490624618680261e-05,0.0003309863392910875,0.006165838368424309,0.0006206827510261288,0.0,0.029586278123164778,0.00018579031923148383,0.6958758670331109,0.001753097533818199,0.007244925213675214,0.00015560811651935764,0.00016269156932287768,0.0006240186803011394,0.45350288786431203,0.4911115915814564,0.4317583939079266,0.1554918055040226,0.48437913688112255,0.31460431543717327,0.32132889803512527,0.29156060135704465,0.49557536779927686,0.4884752255438627,0.4884752255438627,0.3304195804195804,0.3304195804195804,0.0,0.00014632005072428425,0.47801438351726677,0.5264182806480553,0.5237635383876647,0.5167532752689746,0.17201076827500517,0.38127031822714974,0.0
0.47115384615384615,0.2958801498127341,0.0,0.47884066528884955,0.4920432943697743,0.5012023183163433,0.0,0.003170525328521475,0.1165547718194952,0.0005274779195289499,0.0017482342833737925,0.6155705302828585,0.15246745139105655,0.188249570229548,0.01328485675597872,0.9593108874140123,0.0,0.08153699109285395,0.0016426611109998197,0.024716458370707007,0.08546142070741375,0.0,0.0,0.0,0.04773782900395665,0.0,0.2530250499391546,0.01076330903018207,0.08392691858827317,0.49747038305628005,0.08664405684754523,0.1757188841201717,0.0,0.0,0.0,0.01342580337762719,0.016892199629565906,0.0,0.0075984487814106,0.12751054852320676,0.5091572887203868,0.0,0.507594316511514,0.29841235408164646,0.7298449379149866,0.011218113954591383,0.7336670337371108,0.07049151652964843,0.029586278123164778,0.3231112228281658,0.6959494830519566,0.08029897420103765,0.20103276353276353,0.005093572347400307,0.06197464180739488,0.6712126092032691,0.4901046954842791,0.4911115915814564,0.4698165455174801,0.17688527705631624,0.4952078369075986,0.3156376760183229,0.31918642347701065,0.29785799813738967,0.5280741947058986,0.5205084395303028,0.5205084395303028,0.3304195804195804,0.3304195804195804,0.0,0.00014632005072428425,0.482457940090275,0.23312575861523036,1.0,0.7693185976725463,0.22044315593290537,0.6426064318926551,0.0
0.6346153846153846,0.5927817500851209,0.0,0.011231670111209527,0.4996265062103002,0.5134567165406116,0.004278322494916346,0.0018758091975818372,0.0,0.00019627085377821392,0.00615378467747575,0.00833623497122258,0.003181859373898684,0.00458084740620892,0.0017272446183535736,0.017570757095882676,0.04574037729803341,0.013035343880912677,0.0,0.02393908588969284,0.014709907644894112,0.0,0.008137366496330919,0.003786076551633378,0.0,0.022074378391636264,0.0,0.011822329029367439,0.010604048452654028,0.0013616985618368266,0.0013828326873385013,3.2188841201716734e-05,0.02423528464125335,0.04574037729803341,0.005056111739060229,0.0,8.096920134004029e-05,0.0,0.0,0.0,0.06285731479809833,0.005137356694786935,0.05791478766910978,9.490624618680261e-05,0.05809311749012056,0.005701853875817129,0.05782360596656322,0.03896531500478449,0.02967740628986857,0.00639337275002459,0.6936183091218427,0.0034232782923882396,0.0085803952991453,0.0014108469231088427,0.010423106541285697,0.05514513466725714,0.45515071822100905,0.4911115915814564,0.43347178954655585,0.15547370612030662,0.48437913688112255,0.3153369218193316,0.32132889803512527,0.2923854716395406,0.4967015374423804,0.489585260477315,0.489585260477315,0.3339160839160839,0.3339160839160839,0.0009315276029030904,0.00039018680193142463,0.47995270284862757,0.5229458018892817,0.5253588006188977,0.5167532752689746,0.17216815075585007,0.3813933608776179,0.0
0.5865384615384616,0.42594484167517876,0.75,0.022266509201850214,0.9362999902118868,0.9535925682341335,0.5193380176770218,0.0018758091975818372,0.15636950794595053,0.011678115799803728,0.6736995634409246,0.0,0.11146576983879251,0.03599959551016281,0.07193653975328124,0.21557967359948357,0.0,0.27039695774189615,0.36460065305795386,0.02572305607048177,0.6421569124400603,0.09496749143047817,0.0,0.6633631292833787,0.0006512496620874395,0.0,0.06825017794411407,0.1641379169891247,0.05596804700390358,0.05900344614482187,0.04869186046511628,0.0038519313304721027,0.3862844600173181,0.0,0.1300863878572582,0.0036529196887077134,0.00285416434723642,0.0,0.0,0.010006027727546716,0.0002708070048745261,0.04971879731775903,0.0002699757021868032,0.00696883007714522,0.0002708070048745261,0.010197348070855587,0.0,0.3761845476339915,0.338915777323262,0.0,0.7004482397591939,0.14203643600009475,0.008736200142450143,0.06390306651728288,0.3230295339428844,0.0,0.5137568867657585,0.4898986969292672,0.4930829583477558,0.17592600971936906,0.49933809902038656,0.31462745037555717,0.3215967073548896,0.29173799281564594,0.5541472301195175,0.5462079247788092,0.5462079247788092,0.3409090909090909,0.3409090909090909,0.055594795729304224,0.015152254141670325,0.5573828909573894,0.43158478019948276,0.5475964360027744,0.5255141623362365,0.18181818181818182,0.39668950510950796,0.0
0.4519230769230769,0.6084439904664624,0.75,0.2981005806515107,0.4920432943697743,0.5012023183163433,0.007801646902494514,0.0018758091975818372,0.0,0.0,0.009490414681172017,0.8844806750916575,0.0374875393956481,0.1095762968955405,0.011323048053651202,0.0,0.0,0.11510147638996218,0.0,0.023540433335326592,0.11606735535933334,0.3859166607682741,0.001283572691385532,0.0,0.0,0.5075880675721249,0.0,0.44689625677161826,0.6187472332890659,0.0032052289224774534,0.9800246285529715,0.00012875536480686693,0.0,0.0,0.818171726142419,0.0,0.00047569405787273664,0.0,0.0,0.248499095840868,0.26383623197127437,0.0,0.2630263276305132,9.490624618680261e-05,0.26383623197127437,0.0038562266718907886,0.26139753729102017,0.12647521838891232,0.029586278123164778,0.010043606080807859,0.6930866378746238,0.013266684039705288,0.06686253561253562,0.008216108552222084,0.010097723402639942,0.2107371472281493,0.4822039869727082,0.4911115915814564,0.46160147686627434,0.16429715568184905,0.48437913688112255,0.31448864074525346,0.32132889803512527,0.3000576522240454,0.5188440199839908,0.5114105061541642,0.5114105061541642,0.3339160839160839,0.3339160839160839,0.0,0.00014632005072428425,0.469802172645401,0.5259802628107023,0.5323534119404577,0.5168045085266778,0.17379167529509215,0.3827079744589361,0.0
0.04807692307692308,0.8229485869935308,1.0,0.01781320736148017,0.6406268513700782,0.6568357448207827,0.0,0.00449582530507386,0.01081414124245772,0.05544651619234544,0.0596397638385231,0.022827355959281485,0.20172585663508302,0.05300839316412175,0.04181637897026367,0.3169595126182647,0.6759722834141066,0.13353601496725914,0.006530579538852941,0.04759911499132931,0.16674607921655296,0.0,0.0,0.018636809977425266,0.0017325698557420558,0.1883475897027113,0.0,0.2910879393914708,0.10501428628918667,0.09270024824812242,0.007943717700258398,0.005311158798283262,0.4941501037072837,0.6759722834141066,0.04727111254642338,0.002382338927418074,0.0006275113103853122,0.0010205683780813316,0.0,0.0,0.0002708070048745261,0.10232532987237725,0.0002699757021868032,0.010209200482666051,0.0002708070048745261,0.014651599199884518,0.0,0.8384385064153351,0.06509588708207609,0.0,0.6637874623740349,0.14373030726587857,0.013710826210826211,0.020519523631685962,0.11852623130402716,0.0,0.4805450601152927,0.4911115915814564,0.45987654320987653,0.17079483443588747,0.48312814402965315,0.30952234063883277,0.32076508894088457,0.3020444365603796,0.515962350603108,0.5085701226479774,0.5085701226479774,0.3758741258741259,0.3758741258741259,0.0088853402123064,0.0030239477149685413,0.5154255663779885,0.4716291097155522,0.5298458091020647,0.49982434311644586,0.20388486229032926,0.3912108691991867,0.0
0.5384615384615384,0.3316309159005788,0.5,0.0014762326542663124,0.49329514252007844,0.5030725912528774,0.0011777970162475588,0.0031909145589299726,0.0,0.0,0.004205752190287809,0.0,0.0017218289649894778,0.006997674183436141,1.0662003816997368e-05,0.008674426580056889,0.018324187928065047,4.067189978443893e-05,0.0026142350607984933,0.022254778847495462,0.0026865096663659127,0.0,0.0,4.0492797343672497e-05,0.0,0.0027490776793287755,0.0,0.01525396114211234,0.0001609722725260574,0.000890341367354848,0.0004037467700258398,0.0,0.01571719124428603,0.018324187928065047,0.0,0.0,0.0,0.0,0.0,0.0,0.0014041844697197648,0.0,0.0013998740113389794,9.490624618680261e-05,0.0014041844697197648,0.005588435444290929,0.001131244368805686,0.0,0.029586278123164778,0.016229330826985498,0.6836965056929721,0.002594110539906659,0.007333956552706553,1.0373874434623843e-05,0.00016269156932287768,0.0010568058295422522,0.453547273867186,0.4911115915814564,0.4318045459790008,0.15547370612030662,0.48437913688112255,0.3146505853139411,0.32132889803512527,0.2915960796487649,0.4955974495569847,0.48849699093471466,0.48849699093471466,0.3304195804195804,0.3304195804195804,0.0,0.00014632005072428425,0.47772282573483366,0.5260963639242175,0.5242970709064717,0.5167605943057894,0.17201076827500517,0.38127679415612176,0.0
0.36538461538461536,0.8018386108273748,0.25,0.009349473477019978,0.5091467341187865,0.5221658171654061,0.004701121423825726,0.00310935763729598,0.0015297017081669073,0.002490186457311089,0.011088800311685198,0.02613522315302214,0.020722362631276872,0.019314389725958135,0.00558689000010662,0.0710092594460471,0.12071934954139465,0.03643185423191117,0.0005709248983353032,0.022254778847495462,0.03689135349398323,0.00022245366391295993,0.0,0.013200651934037232,0.0,0.05074041144188613,0.0,0.026363488248951166,0.028210390760191554,0.004483130649739705,0.01303092700258398,0.0006008583690987125,0.07138685837411145,0.12071934954139465,0.004511141611496851,0.00046587961247286777,0.0006376324605528172,0.0,0.0,0.0019168173598553347,0.10907504363001745,0.010620808998485831,0.09891109800117989,9.490624618680261e-05,0.09921566267477082,0.007104118120141051,0.10024026429071979,0.06106658160902983,0.029586278123164778,0.0,0.694984295249313,0.020587050768756956,0.012920673076923078,0.0020644010124901448,0.015900389375155914,0.09669270099440395,0.45575547751016715,0.4911115915814564,0.43410061151494167,0.15625197962009396,0.4849483717235901,0.31529065194256367,0.32132889803512527,0.2923322542019602,0.49733638797648294,0.4902110154643102,0.4902110154643102,0.3374125874125874,0.3374125874125874,0.0,0.00014632005072428425,0.48169125110683975,0.524185972874558,0.5230432694872752,0.5176608358340042,0.17383309173741976,0.3834980377935215,0.0
0.21153846153846154,0.07933265236636024,0.25,0.007430371026473773,0.490265979094651,0.5025382275567248,0.0,0.0022530099601390545,0.0,0.0,0.0021178609604299656,0.0,0.002889853292116843,0.0017696430377186774,0.0,0.0046196364810070405,0.00754996595506068,0.00015251962419164598,0.0,0.022254778847495462,0.00015206658488863656,0.0,0.0,0.0,0.0,0.00015329429438636294,0.0,0.0008655451916418883,0.0040343675801843126,0.0008065445327802742,0.002563791989664082,0.0,0.007440745886948992,0.00754996595506068,0.0,0.0,0.0,0.0,0.0,0.0,0.004904615754949751,0.0,0.004889559939605436,9.490624618680261e-05,0.004904615754949751,0.005588435444290929,0.0046250875963559914,0.004105402874810936,0.029586278123164778,0.0,0.6959494830519566,0.0014806567008599654,0.007233796296296296,2.0747748869247687e-05,4.3384418486100716e-05,0.0040762510568058295,0.4538246863851485,0.4911115915814564,0.43209299642321447,0.15547370612030662,0.48437913688112255,0.31462745037555717,0.32132889803512527,0.2915694709299747,0.49589003284661465,0.4887853823635038,0.4887853823635038,0.3321678321678322,0.3321678321678322,0.0,0.00014632005072428425,0.47830054208150663,0.5260963639242175,0.5237688737128527,0.5167020420112712,0.17201076827500517,0.3812249867243456,0.0
0.5576923076923077,0.4477357848144365,0.0,0.0011317783682708396,0.501233817415629,0.5108414172969418,0.0016207292274859572,0.0018758091975818372,0.0,0.0,0.003356609824077682,0.0061651270917395485,0.015305146355462023,0.009192031550207301,0.0008103122900917999,0.031298541485949447,0.05147795089518164,0.004524748851018831,2.0032452573168534e-05,0.025832685522932487,0.00817104449468274,7.078071124503271e-05,0.0007992056380325011,0.0017715598837856716,0.0,0.010434231637898438,0.00022960530847473197,0.019388212292778297,0.007867519819711054,0.005876253024541998,0.009387112403100775,0.0,0.041472844801546546,0.05147795089518164,0.010566365251089942,0.002022341045052676,6.072690100503021e-05,0.0,0.0,0.0006389391199517783,0.10967683697418307,0.00837118754055808,0.10160085592296693,0.012866575375896524,0.11136185833784679,0.006897902790093415,0.11216337971768947,0.06639640288510017,0.029586278123164778,0.0,0.6966202067792174,0.009286678827793703,0.0080684650997151,0.0006743018382505498,0.03783121291987983,0.10891138934739723,0.4556278677519045,0.4911115915814564,0.43396792431060344,0.1579171229219645,0.48437913688112255,0.31420330983851813,0.32132889803512527,0.2934764291099383,0.49649176074415524,0.4893784892642209,0.4893784892642209,0.3618881118881119,0.3618881118881119,0.0002354410424919899,0.0002113511843795217,0.4837591516748375,0.5240434851443347,0.5223656831883903,0.5193295762277684,0.17304617933319527,0.384359336346799,0.0
0.9134615384615384,0.8518896833503575,0.0,0.008758980415313453,0.5030111326907523,0.5157996958237422,0.010640439710886067,0.0018758091975818372,0.0,0.0025024533856722276,0.014345511033855805,0.01919177436863773,0.006867177509490198,0.007563959955506118,0.0015886385687326077,0.03477839866050715,0.07560980494252414,0.023711717574327898,6.00973577195056e-05,0.022254778847495462,0.023702111697975488,1.0111530177861816e-05,0.02649487781841079,0.017664982841177124,0.0024944090830896263,0.055001992825827024,0.0,0.013115555374526498,0.0063483439977463875,0.0023148875551226053,0.0010093669250645994,6.437768240343347e-05,0.021838941581586422,0.07560980494252414,0.013503148716292589,0.0,1.0121150167505037e-05,0.0,0.0,0.0009282700421940929,0.07014904415157168,0.0,0.06993370596646302,9.490624618680261e-05,0.07014904415157168,0.006320499865960035,0.07045750325357894,0.051188920556853146,0.03142909216095259,0.0,0.6919087815730925,0.011371443462604533,0.01087295227920228,0.0018984190215361634,0.00940357270686233,0.0692056846088812,0.4544017044225104,0.4911115915814564,0.43269297334717893,0.15576329625976237,0.4845909451945989,0.31462745037555717,0.32132889803512527,0.2915694709299747,0.49646415854702036,0.4893512825256559,0.4893512825256559,0.3339160839160839,0.3339160839160839,0.0,0.00014632005072428425,0.47765803511651517,0.5261596918043168,0.5246065197673798,0.5170606748151942,0.17280596396769518,0.38215752049631524,0.0
0.5096153846153846,0.2836227442969016,0.75,0.019252534199389826,0.48435189812119744,0.5015722624136797,0.004781654553141799,0.0018758091975818372,1.0622928528936857e-05,9.813542688910696e-05,0.006583350815676167,0.005929582368965447,0.01123719956098396,0.02990191121448074,2.1324007633994736e-05,0.0469024227875169,0.0521288100292386,0.020061414568674503,2.0032452573168534e-05,0.02678945165341147,0.024624648979633214,1.0111530177861816e-05,0.0,0.0018525454784730166,0.0018800226094222309,0.028267467884845326,0.0,0.00031566942283410045,0.017666706909734795,0.001351223957515005,0.005854328165374676,0.00022532188841201716,0.02456755069574498,0.0521288100292386,0.010536089132891974,0.0,0.0,0.0,0.0,0.0,0.034181861948606854,0.0,0.034076933076023164,0.0020879374161096574,0.03566628553088203,0.010166415771348442,0.03976374011412554,0.0,0.04677912557461372,0.006218511273100841,0.6959494830519566,0.004844708725213806,0.008090722934472935,0.004906842607577078,0.0091324200913242,0.039685575103667624,0.45366933537508947,0.4911115915814564,0.43193146417445477,0.15547370612030662,0.48437913688112255,0.31462745037555717,0.32132889803512527,0.2915694709299747,0.49573546054265916,0.4886330246275397,0.4886330246275397,0.3304195804195804,0.3304195804195804,0.0,0.00014632005072428425,0.48616720298900723,0.5224286242018048,0.519911433601878,0.516980165410232,0.1721267343135225,0.3815617350308902,0.0
0.10576923076923077,0.35069799114742933,0.25,0.015303611849227438,0.5144941348595921,0.5299860243341006,0.0008959310636413054,0.006626499882761924,0.0,0.0,0.007292634439216392,0.024097249247280995,0.021276167269138984,0.00039437759126301946,0.000927594332078771,0.046287143692884954,0.10760203468578523,0.03892300809370806,0.0,0.022254778847495462,0.03880739246358005,0.0,0.0,0.0026624014253464664,0.0029367673441301517,0.0442509529795301,0.0007806580488140887,0.04421408496598917,0.013582035494386092,0.001759733526066053,0.005713016795865633,0.0,0.06460057592782778,0.10760203468578523,0.0,0.0003176451903224098,0.00018218070301509063,0.0,0.0,0.0,0.07882489819662594,0.0,0.0785829275365217,0.02355030708949659,0.09617660628673447,0.005650300043305218,0.09578536390029033,0.05887497556307813,0.04002551588667706,0.0,0.6956959167648215,0.006893937599203999,0.01129585113960114,0.002054027138055521,0.016703001117148775,0.09342163533153508,0.45509523571741656,0.4911115915814564,0.43341409945771314,0.15592619071320624,0.48437913688112255,0.3151826888967719,0.32132889803512527,0.29266042840037254,0.4964751994258743,0.48936216522108195,0.48936216522108195,0.3321678321678322,0.3321678321678322,0.0003173335790109429,0.00022760896779333106,0.482301362762672,0.5257850018470631,0.5200768286827082,0.5166361706799385,0.17283909712155726,0.3818142962607986,0.0
0.3557692307692308,1.0,0.5,0.020913295935439426,0.5618376924780926,0.5799027869122,0.0,0.00966449521362816,0.0011047845670094333,9.813542688910696e-05,0.010499395610433462,0.04818425741965876,0.023078549635999316,0.012003235918697543,0.0026655009542493418,0.08503964011216236,0.2465654664156687,0.02588766421279538,0.015675394138504377,0.022254778847495462,0.04168651980413824,0.054501147658675184,0.0,0.013889029488879665,0.0,0.11111792419086162,0.0,0.03168913689870067,0.06395629602800917,0.0138264777048047,0.030038759689922482,0.0006759656652360515,0.13845425803983166,0.2465654664156687,0.33038309381559827,0.0,0.0002226653036851108,0.0,0.004025181028050152,0.0,0.2674770817034764,0.0,0.2666560009599136,9.490624618680261e-05,0.2674770817034764,0.010599467964448479,0.27157873661027127,0.0,0.254844980863085,0.0,0.6961130742049471,0.009867096254530808,0.017906428062678063,0.008195360803352836,0.01237540537316023,0.26032650267724144,0.46051032806804376,0.4911115915814564,0.43904465212876426,0.15776327816037866,0.48437913688112255,0.3161620679550257,0.32132889803512527,0.2955785178943634,0.5000414032957023,0.49287727584368096,0.49287727584368096,0.33916083916083917,0.33916083916083917,0.002088259681233302,0.0006828269033799932,0.49053517050731055,0.5155311625943322,0.5249052979779117,0.5202005416087242,0.1783474839511286,0.3892745664365554,0.0
0.46153846153846156,0.6819884235614573,1.0,0.026670603287078043,0.4924399705326279,0.5127373807957909,0.005687652257947613,0.003506947630261696,0.000148720999405116,0.0,0.00913077791430655,0.0,0.001590929686949342,0.0019516634644554556,0.00030919811069292363,0.003792539993141151,0.03364441062202107,0.02526741774108269,0.0,0.022254778847495462,0.025192364229884127,0.0009605953668968724,0.0,0.0011337983256228298,0.0,0.02751121603253927,0.0,0.00016292615372082606,0.0037727876373294697,0.0014035969791241134,0.0022307009043927646,0.0,0.006725870436376085,0.03364441062202107,0.00012110447279186177,0.0,0.0,0.0,0.0042143540267574695,0.0,0.012788108563519288,0.0,0.012748852603265706,9.490624618680261e-05,0.012788108563519288,0.0058255830738457096,0.012734007408148965,0.0,0.029586278123164778,0.0,0.6959494830519566,0.003932624197484068,0.007623308404558405,0.0018984190215361634,0.008579268755626417,0.012248882805265914,0.4538080416340707,0.4911115915814564,0.4320756893965616,0.15556420303888654,0.48437913688112255,0.31462745037555717,0.32132889803512527,0.29165816665927535,0.4958182671340639,0.4887037621478087,0.4887037621478087,0.3304195804195804,0.3304195804195804,0.0,0.00014632005072428425,0.4792670021380904,0.5259011029605783,0.5231339700154723,0.5168703798580107,0.1722924000828329,0.3815941146757503,0.0
0.8557692307692307,0.12870275791624106,0.0,0.01668142899320933,0.5390829053180364,0.5550857037158828,0.0005737985463770158,0.002936049178823745,0.001943995920795445,0.0009200196270853778,0.0059240167430894795,0.051154169141593105,0.012133356156797198,0.006037010820103145,0.0018978366794255314,0.07031328801113554,0.17900628830055676,0.01784479603042258,0.00011017848915242694,0.023709860670932247,0.01938342068713821,0.002072863686461672,0.0,0.004302359717765203,0.0001843159421002187,0.026131567383062004,0.0,0.04170909535253147,0.058513421063221854,0.029276519079491768,0.026354570413436692,0.000869098712446352,0.1542519986306611,0.17900628830055676,0.021041902147585986,0.0,0.00041496715686770646,0.0,0.0,0.01025919228450874,0.14606527451806386,0.000508327925589444,0.14514693677569018,0.0011524329894111746,0.14637620107921606,0.010568535664941332,0.1506657323055361,0.027945549393449877,0.11409246471314878,0.0,0.6932338699123152,0.010731799767833028,0.013009704415954419,0.0019814100170131538,0.025358192605125868,0.14653367687910143,0.4562326270410626,0.49401199183669164,0.43776970116533975,0.1577994769278106,0.48437913688112255,0.3146120270833012,0.32132889803512527,0.2938312120271409,0.49991443318888185,0.4927521248462819,0.4927521248462819,0.3409090909090909,0.3409090909090909,0.0,0.00014632005072428425,0.4610554391724079,0.5367407251042271,0.5252627647655124,0.5101368659884359,0.20195485607786293,0.39882656167027164,0.0
0.15384615384615385,0.39121552604698673,1.0,0.058631040251943704,0.5711518548474342,0.6076640085498192,0.2789466266685458,0.002263204575343304,0.008593949179909917,0.0003680078508341511,0.28732979690512583,0.12334350613440385,0.07073595601784258,0.018050358984730508,4.264801526798947e-05,0.21034475802384459,0.7025373493010775,0.40929149550575505,0.0002904705623109437,0.02645059698220016,0.41263774698147826,4.0446120711447266e-05,0.0,0.0108925624854479,0.00035634415472708946,0.4273027357921738,1.1480265423736597e-05,0.21732312329436682,0.03286852589641434,0.014088342812850242,0.024941456718346255,0.0,0.28543667814494855,0.7025373493010775,0.05726223155175198,0.0,0.0017610801291458762,0.0,0.0,0.0,0.42368257407073073,0.04432186891628812,0.3814056734893859,0.004921566766544192,0.38615072917293536,0.006949456622605325,0.3864651116227851,0.30955149245284963,0.029586278123164778,0.0,0.6782652794136894,0.03076212361706664,0.07301682692307693,0.02999087099049753,0.07540211932884304,0.46447119449253194,0.411646887154136,0.4911115915814564,0.38823699088496594,0.15547370612030662,0.48437913688112255,0.3064685287721517,0.3238660389592084,0.28377311632444896,0.45877611857903894,0.4522032016889943,0.4522032016889943,0.3006993006993007,0.3006993006993007,0.0,0.00014632005072428425,0.4529404142280198,0.5235685260435907,0.5502801045723736,0.5151796823538022,0.184477117415614,0.38962426660104393,0.0
0.21153846153846154,0.4044943820224719,1.0,0.03816061411278417,0.5429723923693931,0.5679361229858599,0.0,0.0018758091975818372,0.0,0.0,0.0017482342833737925,1.0241074903221842e-05,1.0069175233856595e-05,0.007169582364243098,0.0026761629580663387,0.009662907748481976,0.1396443305162815,0.0006304144466588034,0.0033454195797191447,0.039506468137694595,0.02155290396488276,0.058565982790175636,0.0,0.0,0.0,0.08091894819674812,0.0020205267145776413,0.0,0.012797295665821563,0.0010893588494694613,0.04584544573643411,0.00011802575107296138,0.060683863952153694,0.1396443305162815,0.0,0.0,0.0,0.0,0.0,0.0,0.0002708070048745261,0.0,0.0002699757021868032,9.490624618680261e-05,0.0002708070048745261,0.009661188212731736,0.00395434978476324,0.0,0.029586278123164778,0.0,0.6959494830519566,0.002724408329582336,0.007233796296296296,0.0019087928959707872,0.0011063026713955682,0.003935343612866863,0.453525080865749,0.4911115915814564,0.43178146994346367,0.15550085519588058,0.48437913688112255,0.31462745037555717,0.32132889803512527,0.2915960796487649,0.49557536779927686,0.4884752255438627,0.4884752255438627,0.3304195804195804,0.3304195804195804,0.0,0.00014632005072428425,0.4783977280089844,0.5261016412475592,0.5237742090380408,0.5168484227475664,0.17216815075585007,0.38147754795425404,0.0
0.5769230769230769,0.8409942117807286,1.0,0.003690581635665781,0.48542343892475,0.4961464156527458,0.0,0.0018758091975818372,0.0,0.0,0.0017482342833737925,0.012627245355672532,3.0207525701569784e-05,0.001405602184245121,0.0,0.013838736357951223,0.003875115152000641,0.0009252857200959857,0.0,0.022254778847495462,0.0009225372816577286,0.0,0.0,0.0001720943887106081,0.0,0.0011037189195818133,0.0,0.0,0.0005634029538412009,0.001099833453791283,0.001917797157622739,8.583690987124464e-05,0.002819227129019916,0.003875115152000641,0.018609720652349428,0.0,0.0,0.0,0.0,0.0,0.0009929590178732624,0.0,0.0009899109080182783,9.490624618680261e-05,0.0009929590178732624,0.005918379972367146,0.0010411452597857643,0.0,0.030274802049371215,0.0,0.6959494830519566,0.0014806567008599654,0.007233796296296296,0.0007572928337275405,0.0009869955205587912,0.0023451024598413785,0.4527871635679689,0.49151764761718936,0.4314641744548286,0.15547370612030662,0.48437913688112255,0.31462745037555717,0.32132889803512527,0.2915694709299747,0.49528830494907394,0.4881922754627866,0.4881922754627866,0.3269230769230769,0.3269230769230769,0.0,0.00014632005072428425,0.4777552210439929,0.52778510739353,0.5227018086752387,0.5168411037107516,0.17208531787119485,0.3814063127355619,0.0
0.7884615384615384,0.9829758256724549,0.5,0.16173358921366007,0.4920432943697743,0.5012023183163433,0.0,0.39884393063583806,0.18742032803603298,0.016008341511285575,0.0017482342833737925,0.12062962128505009,0.0,0.6827889574274446,0.11969165484961244,0.0,0.0,0.0,0.021655081231595184,0.2001335486057127,0.0,0.0,0.0,0.3088891813368697,0.0,0.0,0.0,0.0,0.983017425248501,0.4541893179985126,0.23421350129198965,0.17917381974248928,0.0,0.0,0.0,0.005442320927523955,0.5174336811635274,0.0017428167687235047,0.6104927956616325,0.0,0.0002708070048745261,0.4628379839930781,0.0002699757021868032,0.5369117507490814,0.0002708070048745261,0.3153032396428351,0.0,0.0,0.9618983009659585,0.0,0.5752273917026568,0.26173272369761436,0.33987713675213677,0.2375513506784514,0.0,0.0,0.5321715297081065,0.4627298567202274,0.4825083650628822,0.16799847965176787,0.49353984643897275,0.32902509369650046,0.3441772615792293,0.3225065413100359,0.5248778602776781,0.517357899204475,0.517357899204475,0.3339160839160839,0.3339160839160839,0.013461085690302901,0.0037718057520037714,0.45068894024145306,0.6079054303657185,0.35732273382062635,0.36440020493303077,0.7029115758956306,0.6615290963488714,0.0
0.4807692307692308,0.1178072863466122,0.0,0.07905225863596103,0.7547974633332132,0.7962892551792173,0.0,0.0018758091975818372,0.04351151525452537,0.026521099116781157,0.06426509225682062,0.0,0.1949593708779314,0.04419051471331782,0.05334200509643783,0.28979645357164474,0.9254215564545201,0.22212958067271324,0.0005408762194755504,0.030297594131834398,0.23019839620441804,0.004904092136262981,0.08287520282870359,0.08556128078717998,0.0,0.35835096217718776,0.0,0.3984766404627103,0.031580747716205886,0.12957085546093497,0.024053213824289408,0.004377682403433477,0.577478402706458,0.9254215564545201,0.07145163894719844,0.004785854200857641,0.0233191299859316,0.020992306484534463,0.0,0.011814345991561183,0.0002708070048745261,0.024378109452736316,0.0002699757021868032,0.0022641918733137196,0.0002708070048745261,0.14056667972697087,0.0,0.26255028861290886,0.5956845750389826,0.0,0.6241984033503468,0.22162469498471962,0.00820201210826211,0.042636623926304,0.4334971095131184,0.0,0.6307140043387318,0.4911115915814564,0.6160205376716279,0.24296612700337555,0.48437913688112255,0.31222141678362664,0.32132889803512527,0.37455319526364805,0.6202434513787297,0.6113571809465768,0.6113571809465768,0.3916083916083916,0.3916083916083916,0.03947220260213535,0.01016111463363085,0.5159816858518886,0.5090875507942371,0.5073947607106652,0.5217229012661934,0.18496583143507975,0.39579582691137044,0.0
0.5384615384615384,0.6567926455566905,0.0,0.027765475838992224,0.5024135426272326,0.5231420585333773,0.0001207996939741086,0.0018758091975818372,0.0,0.0,0.0018681132056622813,0.0,0.0,0.02665588027100819,0.0014287085114776472,0.027899376651671342,0.19083189810549928,0.00022369544881441412,0.0,0.022254778847495462,0.0002230309911700003,0.05633133462086817,0.0,0.0,0.0,0.057168552186487614,0.0,0.0,0.014930178276791823,0.0014350207920895788,0.12033672480620154,0.0,0.1355746189009042,0.19083189810549928,0.0,0.0,0.0,0.0,0.0,0.0,0.2656215522256324,0.0,0.2648061674449299,9.490624618680261e-05,0.2656215522256324,0.006619512094529107,0.2658424266693363,0.27095658973752174,0.029586278123164778,0.0,0.6959494830519566,0.0015280377152874843,0.007244925213675214,5.1869372173119215e-05,0.0001952298831874532,0.265338781754499,0.45456815193328787,0.4911115915814564,0.4328660436137071,0.1560528863992181,0.48437913688112255,0.31462745037555717,0.32132889803512527,0.29213712359749877,0.49627646360650307,0.48916627670341384,0.48916627670341384,0.3304195804195804,0.3304195804195804,0.0,0.00014632005072428425,0.4241085890763018,0.5159375164916354,0.5878247879208237,0.5170240796311205,0.172135017601988,0.38161354246266627,0.0
0.2980769230769231,0.8879809329247531,0.25,0.061509693927763016,0.5484949488184717,0.5831963170009865,0.0026877931909239164,0.0018758091975818372,0.0005736381405625903,0.00474730127576055,0.008821090698394622,0.2057431948057268,0.0877830696887618,0.10770553139852362,0.02276337814928938,0.41949930402856506,0.5833299955941843,0.048074185545206816,0.001883050541877842,0.022962387131495544,0.0505469328169828,0.0030637936438921297,0.008185803201666222,0.008878045817600193,0.0,0.06646840604592698,0.0,0.5110789784530162,0.003018230109863576,0.006379034031989441,0.0030180071059431523,0.0046351931330472105,0.5210737227894239,0.5833299955941843,0.014633457129016631,0.0008894065329027476,0.00038460370636519135,0.0,0.0,0.05883062085593731,0.0002708070048745261,0.0,0.0002699757021868032,0.006982388112314763,0.0002708070048745261,0.007248468851174397,0.0,1.0,0.2815759097628643,0.0,0.6318544693102998,0.0556726919523347,0.042267628205128215,0.005456657952612141,0.08163862948622001,0.0,0.5017338282372654,0.4911115915814564,0.4819083881389177,0.1837992416358223,0.48437913688112255,0.31337045205669606,0.3214134693992614,0.3179387112510533,0.5271412404427392,0.5195888517668056,0.5195888517668056,0.34965034965034963,0.34965034965034963,0.005118283532434563,0.0014632005072428426,0.49937908990778135,0.5230988442661881,0.5042789308008323,0.5143819073409939,0.17641747773866226,0.38261731145332795,0.0
0.3076923076923077,0.6537282941777324,0.25,0.16544877472689698,0.4920432943697743,0.5012023183163433,0.8678954679981478,0.08406479697423822,0.0,0.015603532875368007,0.9562741630952738,0.011695307539479343,0.03673235125310886,0.19000910102133686,0.02919256645093879,0.2654172802646709,0.0,0.0,0.011017848915242693,0.8149355179493313,0.0,0.0021638674580624286,0.0,0.31671441442353443,0.0,0.0,0.055438201731224025,0.18172375870636637,0.09278039357720633,0.052865328012234335,0.038507348191214465,0.000944206008583691,0.4104895386536177,0.0,0.5465545777490716,0.0007729366297845306,0.020859690495227876,0.0,0.0,0.03136829415310428,0.0002708070048745261,0.2135842526497945,0.0002699757021868032,9.490624618680261e-05,0.0002708070048745261,0.008124884003876847,0.0,0.0,0.029586278123164778,0.0,0.692276861667321,0.10723508090308213,0.022658475783475785,0.08117556745093157,0.28011149795550927,0.0,0.6066512425306679,0.4911115915814564,0.5910003461405331,0.20545515425199773,0.5157267672756156,0.31462745037555717,0.32132889803512527,0.2985498248259346,0.6436059510337023,0.6343849644679994,0.6343849644679994,0.36538461538461536,0.36538461538461536,0.013768182702248973,0.0036905168349347247,0.6414487182256009,0.23827642619663306,0.6464386704369631,0.5069677230476469,0.22419548560778632,0.4134103537152405,0.0
0.6057692307692307,0.3088185223016684,1.0,0.007344257454974904,0.4986631498147986,0.5109595938835909,0.0,0.0020898961168710688,0.0,0.0,0.0019580223973786476,0.0,0.0014096845327399232,5.056122964910507e-05,0.00040515614504589993,0.0018054911137560267,0.021017743421316137,0.004372229226827185,0.0,0.022304610416791246,0.00440993096177046,0.006188256468851431,0.0,0.0,0.0,0.010699941748168134,0.0,0.0003258523074416521,0.002042335707674353,0.001466444605055044,0.007459221576227391,0.00017167381974248928,0.010592239070460542,0.021017743421316137,0.03208259325044405,0.0,7.084805117253525e-05,0.0,0.0,0.001241711874623267,0.009077049607831336,0.0,0.009049185573298401,9.490624618680261e-05,0.009077049607831336,0.006743241292557689,0.00991090199219141,0.007181882723353466,0.029586278123164778,0.0,0.695941303494307,0.0032455994882850444,0.007233796296296296,0.0005186937217311921,0.0020716059827113093,0.010950521357542575,0.4529591593291056,0.4913594439669038,0.4314641744548286,0.15547370612030662,0.48437913688112255,0.31465829696006914,0.32132889803512527,0.291604949221695,0.4952662231913661,0.4882085995059256,0.4882085995059256,0.32867132867132864,0.32867132867132864,0.0,0.00014632005072428425,0.47741507029782093,0.5265185497915457,0.5242223763538387,0.5167093610480861,0.17219300062124662,0.3813739330907019,0.0
0.5384615384615384,0.35580524344569286,0.25,0.0022512547977561266,0.49645824854595005,0.5065459552778692,0.0,0.0018758091975818372,0.0,0.0,0.0017482342833737925,0.0,0.0,4.0448983719284053e-05,6.39720229019842e-05,6.051925520969922e-05,0.010473825449593464,0.0,0.0,0.022254778847495462,0.0,0.0,0.0,0.0,0.0,0.0,0.00022960530847473197,0.0,0.0,0.0008065445327802742,0.010366198320413435,0.0,0.010531827060552973,0.010473825449593464,3.0276118197965443e-05,0.0,0.0,0.0,0.0,0.0,0.000371105895568795,0.0,0.0003699667029967303,9.490624618680261e-05,0.000371105895568795,0.005588435444290929,0.00010011012113324658,0.0,0.029586278123164778,0.0,0.6959494830519566,0.0014806567008599654,0.007233796296296296,0.0,7.592273235067626e-05,7.045372196948349e-05,0.45351953261538974,0.4911115915814564,0.4317757009345794,0.1554918055040226,0.48437913688112255,0.31462745037555717,0.32132889803512527,0.2915872100758348,0.49557536779927686,0.4884752255438627,0.4884752255438627,0.3304195804195804,0.3304195804195804,0.0,0.00014632005072428425,0.4728689285791418,0.5259908174573855,0.5292429173558129,0.5167020420112712,0.17200248498653967,0.3812249867243456,0.0
0.6057692307692307,0.8341845420497106,0.5,0.11913197519929142,0.6239046328684837,0.6824749260111805,0.03230385149690954,0.051543974472683524,0.0012110138522988016,0.0019381746810598626,0.08519395410635258,0.0,0.49424546635385097,0.061098189907978565,0.04356494759625124,0.5972040104093119,0.0,0.369717737015496,0.0021835373304753703,0.05357890330682294,0.4026925923297615,0.0,0.0,0.008321269854124697,0.006180727925094001,0.4194847267784693,0.0,0.22354486578958088,0.32858465129381464,0.029842147712870144,0.038699127906976744,0.006190987124463519,0.6221933587063776,0.0,0.27728887453576617,0.009222298692360634,0.006659716810218314,0.0,0.0,0.0,0.0002708070048745261,0.3719987021414666,0.0002699757021868032,0.03746085117344794,0.0002708070048745261,0.010083929639329388,0.0,0.0,0.8698892286506956,0.0,0.6910662871351918,0.0299092653573713,0.033943198005698005,0.02874600605834267,0.1810106400286337,0.0,0.5145613830678496,0.4911115915814564,0.4952463366793584,0.18490330404249739,0.48437913688112255,0.31837531039375666,0.32132889803512527,0.3247239345425518,0.5356868806757018,0.528093678242227,0.528093678242227,0.34440559440559443,0.34440559440559443,0.024782728864048153,0.006828269033799931,0.5432261408548043,0.5145917990395271,0.46655818172117586,0.5102759276879163,0.20224477117415612,0.39917626183476024,0.0
0.5384615384615384,0.5464759959141982,1.0,0.0007012105107764983,0.49896194484655837,0.5083956757645511,0.0,0.0018758091975818372,0.0,0.0,0.0017482342833737925,0.0,0.0003926978341204072,0.00012134695115785216,0.00018125406488895526,0.0006556252647717416,0.014669363559899068,0.0014946923170781306,0.0,0.022254778847495462,0.0014902525319086385,0.0,0.0,0.00012147839203101748,0.0,0.0016146999008696896,0.006922600050513168,0.0,0.0,0.007939750075940881,0.00010093669250645996,0.00013948497854077255,0.01315974949153225,0.014669363559899068,0.0022101566284514775,0.0,0.0,0.0,0.0,0.0003013863773357444,0.0002708070048745261,0.0,0.0002699757021868032,9.490624618680261e-05,0.0002708070048745261,0.0066607551605386344,0.0010411452597857643,0.0,0.029586278123164778,0.0,0.6959494830519566,0.0018123238018525976,0.007233796296296296,0.0004149549773849537,0.0005639974403193093,0.001197713273481219,0.45341411585856406,0.4911115915814564,0.4316660897657782,0.15547370612030662,0.48437913688112255,0.31462745037555717,0.32132889803512527,0.2915694709299747,0.4954815203290182,0.4883827226327417,0.4883827226327417,0.32517482517482516,0.32517482517482516,0.0,0.00014632005072428425,0.4778686046260502,0.5296110612697239,0.5237688737128527,0.5209836785479031,0.17280596396769518,0.38563509435428517,0.0
0.6153846153846154,0.5369424582907729,0.5,0.2578609388839681,0.5542802388299599,0.6709758303189741,0.095119692363446,0.0018758091975818372,0.002220192062547803,0.008316977428851815,0.10500394601452533,0.0,0.0552797720338727,0.05276569926180605,0.000725016259555821,0.10865223618648,0.5422157247566789,0.33614308374344165,0.00032051924117069654,0.022254778847495462,0.33546902403665824,0.12316854909653478,0.0,0.0015994654950750636,0.0,0.4642773195981646,0.0,0.03742210093275223,0.03681234657330275,0.005729608564036493,0.006096576227390181,0.003358369098712446,0.08779878773233453,0.5422157247566789,0.035221217503633134,0.0006670548996770606,0.0018319281803184115,0.0,0.0,0.0,0.302922709674831,0.006456846203763789,0.29602335789778916,0.010358338869531027,0.3045274919259393,0.008289856267914956,0.30630693763139455,0.1352725102635072,0.08870820761021446,0.0,0.6972336736029316,0.042903508564118356,0.020154469373219373,0.04745010166396946,0.05202876386945628,0.333870123595958,0.4392161431892453,0.4911115915814564,0.41690319603092185,0.15547370612030662,0.48437913688112255,0.31462745037555717,0.32132889803512527,0.2915694709299747,0.48135471583538053,0.47613424893077516,0.47613424893077516,0.3304195804195804,0.3304195804195804,0.0,0.00014632005072428425,0.49636092693777945,0.5247717557654757,0.5076615269700687,0.5172509697723779,0.1752826672188859,0.38426867334119086,0.0
0.15384615384615385,0.23527408920667348,1.0,0.007319653577403799,0.5826194021008382,0.5954866820124959,0.018270953713583924,0.01853381044132489,0.0,0.015824337585868497,0.049090418677136094,0.062132601437846914,0.05471589822077674,0.02643341086055213,0.013167574713991747,0.1547880817413407,0.3848580125766012,0.1583865457355513,0.0017328071475790781,0.024826087823157723,0.16228545939315298,0.014186476839540127,0.0,0.014030754279582518,0.00012287729473347915,0.1921901666819961,0.0,0.06773654840943343,0.10629200370236228,0.0030271606490064836,0.017007832687338503,0.0055364806866952795,0.1976278217442961,0.3848580125766012,0.024816324882932343,0.0008364656678490126,0.001123447668593059,0.0,0.0,0.005919228450874021,0.527913181280215,0.05191434133679429,0.4782969532742053,0.005097821223748254,0.4834707428135845,0.012599756665910542,0.4890980078085895,0.25444237516591384,0.0394787468864543,0.0,0.6880889281507656,0.0745421809480941,0.022725249287749293,0.015249595418897048,0.1090250436555711,0.44110068843351186,0.4814050389209763,0.4911115915814564,0.4607707395869389,0.16668627433235897,0.48437913688112255,0.3176272807193423,0.31209652411693395,0.30019956539092646,0.5179607496756742,0.510539890520084,0.510539890520084,0.39335664335664333,0.38986013986013984,0.008219963353089907,0.002780080963761401,0.5021596872772823,0.5118792548419441,0.5116736915114977,0.512735124057674,0.17813211845102506,0.3825007447318318,0.0
0.5384615384615384,0.7882192713653388,0.0,0.016755240625922645,0.49299634748831866,0.50914584018415,0.0,0.0018758091975818372,0.0,0.0,0.0017482342833737925,4.0964299612887366e-05,5.034587616928298e-05,0.00013145919708767317,4.264801526798947e-05,0.00021181739323394727,0.015700724956943166,0.00018302354902997517,0.0,0.022254778847495462,0.00018247990186636388,0.0,0.0,0.0,0.0,0.00018395315326363553,0.00226161228847611,0.010468005376563073,0.0007243752263672581,0.0009008159716766698,0.0024729489664082685,0.0,0.01560643589278882,0.015700724956943166,0.0,0.0,0.0,0.0,0.0,0.0,0.0002708070048745261,0.0,0.0002699757021868032,9.490624618680261e-05,0.0002708070048745261,0.008372342399934013,0.0027029732705976576,0.0003292553684058896,0.029586278123164778,0.0,0.6947225494045283,0.0022742886925209067,0.007434116809116809,0.0,0.003286369700322129,0.00271750070453722,0.45350288786431203,0.4911115915814564,0.4317583939079266,0.15547370612030662,0.48437913688112255,0.31462745037555717,0.32132889803512527,0.2915694709299747,0.4955698473598499,0.48846978419614967,0.48846978419614967,0.3304195804195804,0.3304195804195804,0.0,0.00014632005072428425,0.47753925231626465,0.5268351891920418,0.5237688737128527,0.5166947229744565,0.1721018844481259,0.3812832700850937,0.0
0.5384615384615384,0.2410623084780388,0.5,0.01006298592658203,0.49930710462462585,0.5126448947714568,0.0,0.0020898961168710688,0.0,0.0,0.0019580223973786476,0.0,1.0069175233856595e-05,0.0171807058347659,4.264801526798947e-05,0.01714712230941478,0.039532182480874756,0.0007422621710660105,0.0,0.022254778847495462,0.0007400573797913646,0.0,0.0,0.0,0.0,0.0007460322326802996,0.0,0.013787625758624904,0.0,0.0008065445327802742,0.025446140180878554,0.0,0.03901608973197205,0.039532182480874756,0.0,0.0,0.0,0.0,0.0,0.0,0.013971635473711662,0.0,0.013928746412822846,9.490624618680261e-05,0.013971635473711662,0.005588435444290929,0.013675042546801483,0.0,0.029586278123164778,0.013398760669282302,0.6967347205863108,0.0017767880410319585,0.007233796296296296,0.00010373874434623843,3.253831386457554e-05,0.01369821651435243,0.45353062911610825,0.4911115915814564,0.43178723895234794,0.15550990488773858,0.48437913688112255,0.31460431543717327,0.32132889803512527,0.2915872100758348,0.49558640867813075,0.4884861082392887,0.4884861082392887,0.3304195804195804,0.3304195804195804,0.0,0.00014632005072428425,0.4777552210439929,0.5260963639242175,0.5237688737128527,0.515962819292981,0.1728473804100228,0.3812249867243456,0.0
0.9134615384615384,0.2686414708886619,0.0,0.014996063379588623,0.5149217208533173,0.530284034856955,0.02010308240552457,0.012315095166732931,0.0,0.0001226692836113837,0.03202765207140788,0.07132908670094014,0.034567478577829686,0.05041965820608757,0.0041688434924459705,0.15907486231869442,0.24494332518924983,0.09354536950420954,0.0,0.022254778847495462,0.09326750539836377,0.0057534606712033734,0.0,0.0077644938906492,0.0,0.10767391237698133,0.0,0.06862245937029042,0.03781842327659061,0.003383297195948423,0.024265180878552974,0.008358369098712447,0.1402162749954691,0.24494332518924983,0.03188075246245761,0.00019058711419344591,0.0019027762314909465,0.0,0.0,0.012188065099457504,0.12388918978556097,1.081548777849881e-05,0.12349888510034096,0.02611277573654026,0.14312651702072177,0.015878580413667954,0.15256782460706778,0.07156159647696755,0.029586278123164778,0.0,0.6882116215155085,0.01920115609675203,0.01788417022792023,0.005819743557823976,0.06253863924771418,0.14884858488667016,0.45601069702669267,0.48889674047745857,0.43193723318333904,0.15553705396331255,0.48437913688112255,0.31462745037555717,0.32132889803512527,0.2916315579404852,0.49570785834552433,0.4886058178889747,0.4886058178889747,0.3304195804195804,0.3304195804195804,0.0,0.00014632005072428425,0.47936958728376133,0.5263549527679561,0.521890839246652,0.515933543145722,0.174918202526403,0.38281806525146034,0.0
0.028846153846153848,0.5131086142322098,1.0,0.07479578781615982,0.6314878447090096,0.6715204702400527,0.00709698202097888,0.005474508364681775,4.249171411574743e-05,0.010181550539744849,0.020649144364192167,0.047016774880691475,0.06217715706906447,0.0237738901810092,0.010832595878069324,0.14249258639123683,0.49231986221812796,0.12335787204620327,0.0025741701556521563,0.026410731726763538,0.1298141746332661,0.18754866173898094,0.0,0.007157101930494113,0.0011550465704947038,0.32860164944660764,0.0,0.035395706895849456,0.10549720310676486,0.010568875760718138,0.02119670542635659,0.00020386266094420602,0.17128818542459576,0.49231986221812796,0.0038349749717422896,0.002107046429138652,0.0006983593615578474,0.0,0.007493352671017646,0.046413502109704644,0.6852721108904536,0.04990266060999351,0.6370426661600456,0.016689941293707714,0.6512707869450963,0.010424184933907985,0.6544799279207127,0.4003127925999856,0.0423847228691197,0.0,0.6976181128124591,0.09780625903200586,0.01589209401709402,0.018019419892941615,0.10263668803349277,0.6087604170860341,0.4806449286217591,0.4911115915814564,0.4599803853697934,0.16927448620374477,0.48437913688112255,0.313378163702824,0.3218504214472979,0.3039868730320635,0.5148472218388583,0.507470970409951,0.5074492050190991,0.3339160839160839,0.3339160839160839,0.008568006633295457,0.002926401014485685,0.5050698658834202,0.5293155311625943,0.4966280744811396,0.5202151796823538,0.17390764133360945,0.38581642036550146,0.0
0.028846153846153848,0.9802519577800477,0.5,0.011662237968703868,0.8213926939463095,0.834563054916146,0.0,0.013813703601757552,4.249171411574743e-05,0.017504906771344454,0.027741980599594408,0.0,0.10317883862132853,0.003053898270805946,0.013711336908658613,0.11933388473099192,0.7941683021588497,0.26649245536259,0.0014122879064083814,0.047589148677470154,0.29290051804016587,0.0022245366391295996,0.0,0.015852930160047782,0.0,0.31351749087898945,0.02669161711018759,0.13810028104761518,0.19099360135216709,0.10462034796635555,0.038820251937984496,7.510729613733907e-05,0.48967961497412354,0.7941683021588497,0.09494590666881964,0.010185822436338608,0.014959059947572443,0.011163447951012718,0.04383558764490127,0.0,0.0002708070048745261,0.10688946571490374,0.9583037526622603,0.010670173678430522,0.9690778519989568,0.01862124430330151,0.9796376013614976,0.5255841710481639,0.029586278123164778,0.0,0.7011680408323518,0.1282367155480799,0.007256054131054131,0.022532055272002985,0.16017527305068385,0.7987539756028826,0.5561177782586262,0.4911115915814564,0.5384562132225683,0.20379001095012714,0.48437913688112255,0.3152212471274118,0.32132889803512527,0.33960707791919814,0.5677716746253002,0.559637170934497,0.559637170934497,0.45104895104895104,0.45104895104895104,0.009704265577495931,0.0027638231803475913,0.5270014901842214,0.4938835822470843,0.5178786747052233,0.5299714557564223,0.2390888382687927,0.445407918765947,0.0
0.9615384615384616,0.5652025876744978,0.75,0.0011194764294852869,0.4911829707438451,0.500811821769155,0.00015099961746763575,0.0018758091975818372,0.0,0.0004416094210009813,0.0022577197030998687,0.00027650902238698976,0.0,4.0448983719284053e-05,4.264801526798947e-05,0.0003025962760484961,5.00660872351504e-05,0.0,0.0,0.022254778847495462,0.0,0.0,0.0,0.0,0.0,1.021961962575753e-05,1.1480265423736597e-05,0.0,0.0,0.0008065445327802742,5.046834625322998e-05,0.0,5.034334158964136e-05,5.00660872351504e-05,0.0,0.0,0.0,0.0,0.0,0.0003134418324291742,0.0002708070048745261,0.0,0.0002699757021868032,9.490624618680261e-05,0.0002708070048745261,0.005609056977295692,2.0022024226649315e-05,0.0,0.029586278123164778,0.0,0.6959494830519566,0.0016938712657838004,0.007233796296296296,0.0,0.00013015325545830215,0.00030194452272635776,0.45334753685425305,0.4911115915814564,0.43159686165916694,0.15547370612030662,0.48437913688112255,0.31462745037555717,0.32137118371719336,0.2915960796487649,0.49539871373761357,0.48830110241704666,0.48830110241704666,0.32517482517482516,0.32517482517482516,0.0,0.00014632005072428425,0.47830054208150663,0.5260963639242175,0.5237688737128527,0.5167020420112712,0.17201076827500517,0.3812249867243456,1.0
0.7980769230769231,0.2386789240721825,1.0,0.021626808385001476,0.4920432943697743,0.5012023183163433,0.6775755501419397,0.05926129818230011,0.0,0.0,0.7303923037731891,0.9514163406591155,0.3378611057968242,0.5079178885630499,0.03220991353114905,0.0,0.0,0.0,0.0019731965784571003,0.04633339313121648,0.0,0.6905265073763612,0.0,0.14831499347053642,0.03603991054532943,0.0,2.2960530847473195e-05,0.0,0.2661072880196386,0.04487320491468435,0.09604126291989665,0.05522532188841202,0.0,0.0,0.616593331180365,0.0006882312456985547,0.005323724988107649,7.850525985241012e-05,0.0027850469254132905,0.0,0.0002708070048745261,0.06596365996106425,0.0002699757021868032,0.036538904781919,0.0002708070048745261,0.19465696079846576,0.0,0.0,0.05512241550393876,0.0,0.664948959560267,0.15276823576792778,0.17558092948717952,0.10574090211212084,0.39696742914782157,0.0,0.5289479962493828,0.4911115915814564,0.5102053767162801,0.16174514257789524,0.48896611066984375,0.30516526057652266,0.32132889803512527,0.2806865049447869,0.5774103618648044,0.5691377640413977,0.5691377640413977,0.34440559440559443,0.34440559440559443,0.05398765470011977,0.00014632005072428425,0.6363518562512148,0.5257322286136471,0.35120845115509786,0.49372758544975476,0.20419962725201907,0.38606250566643785,0.0
0.9519230769230769,0.477357848144365,0.25,0.006224781025489617,0.5010638133458346,0.512799038145347,0.006744649580221064,0.004353100692214372,0.0,0.0010426889106967614,0.011718164653699764,0.027784036212440855,0.021809833556533386,0.01527960359995955,0.00045846616413088676,0.06485646849972766,0.0969679977570393,0.03146988245820962,0.0002403894308780224,0.022324543044509558,0.031690676290791864,0.0005055765088930907,0.0,0.0019335310731603615,0.0,0.03441967889955136,0.0,0.026862449594721192,0.034226729445852956,0.0015607160439514397,0.0020692021963824286,0.0,0.06359370909603496,0.0969679977570393,0.007992895204262877,0.0017788130658054951,4.0484600670020146e-05,0.0,0.0,0.0,0.20529176947302963,0.012113346311918667,0.19346258836704697,0.01465623601827623,0.204830394575836,0.007062875054131524,0.2056061667834618,0.08406301124612868,0.058615661894250826,0.041485885400159565,0.7012580159664966,0.023856340764255763,0.014245014245014247,0.0029254325905639237,0.021475287150619856,0.20394339546680623,0.45502865671310555,0.4911115915814564,0.43334487135110183,0.1559714391724962,0.48437913688112255,0.31502845597421225,0.32132889803512527,0.2925185152334915,0.4964972811835822,0.4893839306119339,0.4893839306119339,0.3356643356643357,0.3356643356643357,0.00025591417662172814,0.0002113511843795217,0.4836835626201326,0.5243917884848804,0.5198687510003734,0.5162775378760155,0.1729799130254711,0.38161354246266627,0.0
0.15384615384615385,0.5907388491658154,0.5,0.007073614801692747,0.5808060253563646,0.5926864107201578,0.0,0.019278017351235077,0.0,0.0006746810598626104,0.019350456039400207,0.0010548307150318498,0.025656258495866602,0.002973000303367378,0.011973430286488044,0.04099170886203627,0.23662234149076783,0.11227477935494366,0.0,0.02539416771312962,0.1151245425330238,0.0012841643325884507,0.0,0.008503487442171224,0.0,0.12594659226783578,0.06582784193970566,0.008339782493584783,0.03186244919312648,0.0020425478427552398,0.014696382428940566,0.00015021459227467814,0.11383636400249704,0.23662234149076783,0.023766752785402873,0.00028588067129016887,8.096920134004029e-05,0.0,0.0,0.005292344786015672,0.2381396561754027,0.02719013627514601,0.21226089651931326,0.00044741516059492657,0.21318529217066862,0.01078506176149135,0.21754930423465813,0.052855775859407955,0.029586278123164778,0.0,0.6974627012171183,0.018004785482457177,0.007623308404558405,0.011411261878086228,0.0849900758142713,0.15788679093361246,0.48703651303561424,0.4911115915814564,0.46662628360447667,0.1729577107899476,0.48437913688112255,0.3156376760183229,0.32132889803512527,0.3098673998846955,0.5175467167186508,0.5101317894416089,0.5101317894416089,0.45104895104895104,0.45104895104895104,0.008823920809917186,0.0025362142125542604,0.5005831155648662,0.5109135046704312,0.517099717227765,0.5167093610480861,0.17201076827500517,0.38123146265331764,0.0
0.6153846153846154,0.2080354102826013,0.0,0.002817143981891546,0.5363834467552405,0.5466026800394607,0.0005737985463770158,0.002130674577688065,0.0009773094246621908,1.226692836113837e-05,0.003496468566747585,0.0,0.0002920060817818412,0.005723531196278693,0.003187939141282213,0.008977022856105386,0.09915087916049185,0.01294383210639769,0.0002504056571646067,0.022254778847495462,0.01315882847903002,0.02328685399961576,0.0,0.0008301023455452861,0.0,0.03763885908166498,0.041650402957316375,0.0,0.0012575958791098234,0.014559700007332222,0.010669008397932814,0.0010300429184549355,0.06261704826919591,0.09915087916049185,0.0008880994671403197,0.0,0.00041496715686770646,0.0,0.0,0.0015069318866787222,0.015175222162042886,0.0,0.01512863842254197,9.490624618680261e-05,0.015175222162042886,0.02970531829336193,0.038282110321353494,0.0,0.029586278123164778,0.0,0.6959494830519566,0.005093459050958281,0.007311698717948719,0.0012137433088509895,0.0072885823056649205,0.011081363984057329,0.46861632184290686,0.4911115915814564,0.4474731741086881,0.1602609931131845,0.4844916600476568,0.3148973579900366,0.32132889803512527,0.2964211273227194,0.5075878439923818,0.500315598167354,0.500315598167354,0.4965034965034965,0.4965034965034965,0.005865552928170009,0.0016745516916223642,0.4765619938232944,0.5321811177370837,0.5196500026676626,0.5171265461465271,0.17253261544833298,0.382015050058931,0.0
0.38461538461538464,0.6418113721484509,0.0,0.009275661844306662,0.5539247757749352,0.5667954620190727,0.006774849503714591,0.00484244222201833,0.061836066966941446,0.0016805691854759569,0.07090838253364103,0.006472359338836204,0.06820859303414457,0.1699362928506421,0.007474064675715154,0.25123560146053137,0.4465594584852005,0.08976288282425672,0.0013421743224022917,0.027835914608622853,0.09654200585963241,0.0,0.0,0.02782867497443892,0.00229780541151606,0.12732624091731307,0.0,0.0009164596146796465,0.2101996056179323,0.0077512071981480895,0.038931282299741604,0.07120171673819742,0.3235868624015788,0.4465594584852005,0.19707734538995642,0.012462279633649213,0.0030565873505865207,0.0,0.0,0.0056660638939119955,0.504794286975186,0.004228855721393035,0.499325060744533,9.490624618680261e-05,0.5008625704599707,0.007990844039345885,0.5019821803984383,0.12517877537581412,0.029586278123164778,0.0,0.6960885355319985,0.10581365047025657,0.011473913817663819,0.01133864475704386,0.2501437108862352,0.4582310076895205,0.4791080632722471,0.4911115915814564,0.4583823699088496,0.17193509560999448,0.48437913688112255,0.3116430433240279,0.3225692780424548,0.3050512217836711,0.512655607386348,0.5053107553678895,0.5053107553678895,0.4020979020979021,0.4020979020979021,0.001545721626795238,0.0005365068526557088,0.511316761332959,0.5030872341548366,0.5094915435095769,0.5099612091048817,0.1809235866639056,0.38222875571500736,0.0
0.23076923076923078,0.3363976847122915,0.5,0.07463586261194764,0.4920432943697743,0.5012023183163433,0.0,0.016443914324453822,0.09599940511600238,0.04436947988223749,0.0017482342833737925,0.0,0.9666508916254669,4.0448983719284053e-05,0.009830367519271573,0.0,0.0,0.0,0.0040465554197800435,0.032769239968905094,0.0,0.6079254173534081,0.0,0.0,0.0017448575852154037,0.0,0.0,0.0,0.5736548754477042,0.10463082257067739,0.6808785529715762,0.009506437768240342,0.0,0.0,0.0,0.006416432844512678,0.16331487910286127,0.0,0.0,0.05185051235684147,0.0002708070048745261,0.0014709063378758383,0.0002699757021868032,0.006873923830958417,0.0002708070048745261,0.12922483657435094,0.0,0.057743160234182876,0.053360604280998765,0.0,0.6959494830519566,0.4776953874582454,0.596699163105413,0.1695091082617536,0.12633542663152528,0.0,0.33745568335025555,0.49932763448628636,0.32008191992615664,0.15547370612030662,0.48437913688112255,0.2714885019356232,0.32132889803512527,0.24195307995919998,0.41958651908691935,0.41357507427439627,0.41357507427439627,0.3269230769230769,0.3269230769230769,0.0,0.00014632005072428425,0.6621871153057038,0.5314686790859675,0.3041668889718828,0.47217302203030076,0.30451025056947606,0.445414394694919,0.0
0.14423076923076922,0.6918624446714334,0.25,0.12090345438441098,0.46779453205091875,0.527514592239395,0.017425355855765164,0.0018758091975818372,0.0010622928528936856,0.0006992149165848871,0.020609184723429336,0.0053765643241914665,0.010492080593678572,0.004843765800384266,0.00028787410305892893,0.020869056504811283,0.09089998798413906,0.07750030503924837,0.0,0.02420817636389005,0.07925710404395739,0.0,0.0,0.0012653999169897653,4.9150917893391654e-05,0.08120509754626933,0.0,0.009296973646694637,0.0014185681516358805,0.0009950874105730655,0.0006157138242894057,0.0,0.011397732535894803,0.09089998798413906,0.0016046342644921686,0.0,1.0121150167505037e-05,0.0,0.0,0.0,0.024382660327776775,0.002422669262383734,0.022078012978831902,9.490624618680261e-05,0.022145995065294577,0.00651640442950529,0.022735008509360298,0.0042700305590138805,0.03005204430853972,0.0,0.6992703834576626,0.007995546184643813,0.00841346153846154,0.005954603925474086,0.01586785106129134,0.03584081484761867,0.4463456449008805,0.4908110046459138,0.42398176993192566,0.15547370612030662,0.48437913688112255,0.31462745037555717,0.32132889803512527,0.2915694709299747,0.488128295012283,0.4811348474790236,0.4811348474790236,0.32867132867132864,0.32867132867132864,0.0,0.00014632005072428425,0.47743126795240054,0.5259802628107023,0.5243397535079763,0.5161457952133499,0.17680679229654175,0.38448237899726717,0.0
0.5865384615384616,0.42662580864828054,0.0,0.0016853656136207068,0.5280583989737936,0.5378267839526472,0.000412732287744871,0.0026098214922877735,0.0004036712840996006,0.00013493621197252208,0.003366599734268389,0.008868770866190116,0.02362228509862757,0.006128021033471534,0.00021324007633994734,0.03866171753646285,0.11137701766331559,0.019949566844267297,0.0,0.022274711475213774,0.019910584848085482,0.02378231897833099,0.0,0.012805847159936426,0.0,0.05703569713135277,0.002433816269832159,0.01294244633619812,0.032566702885427984,0.004095570289832301,0.0046733688630490955,0.0005042918454935622,0.05580055981795848,0.11137701766331559,0.003774422735346359,0.0,0.0004250883070352115,0.0,0.0,0.00054249547920434,0.09823273354596698,0.0,0.0979311861932426,0.003742017706793931,0.10092074381657339,0.0067638628255624516,0.10160176193813195,0.0,0.10666045645086167,0.0,0.6957940714566156,0.010246144369950961,0.008903133903133903,0.0008610315780737789,0.017082614778902157,0.10206731349893314,0.453547273867186,0.4911115915814564,0.4318045459790008,0.15548275581216459,0.48437913688112255,0.3146737202523251,0.32132889803512527,0.2916315579404852,0.49557536779927686,0.4884752255438627,0.4884752255438627,0.3304195804195804,0.3304195804195804,0.00014331193890816776,0.00017883561755190297,0.4742511284366024,0.5348567206712755,0.5184388838499706,0.5160579667715728,0.17408159039138538,0.3822740872178114,0.0
0.38461538461538464,0.5049370105549881,0.75,0.0052406259226454085,0.5327463899893361,0.5439873807957909,0.0,0.0040472622360868985,0.0,4.906771344455348e-05,0.003906054884566588,0.004034983511869406,0.014408989759648787,0.00819091920315502,0.004957831774903776,0.0312279356882048,0.1165438378659831,0.01983771911986009,0.0003105030148841123,0.022254778847495462,0.02024513133484048,0.0,0.0,0.005274186854013342,0.0,0.02573300221765746,0.03410786857392143,0.025467394403486623,0.02212362670530001,0.006745645183253202,0.006298449612403101,0.0027896995708154505,0.09184639239614169,0.1165438378659831,0.04834086872275149,1.0588173010746996e-05,0.0007084805117253525,0.0,0.003993652194932265,0.0,0.10995767386812702,0.00973393900064893,0.10062094411502964,0.0036606694957766715,0.10356863453090208,0.00773307487678634,0.10518570427470217,0.06494562141806172,0.029586278123164778,0.012196588015431525,0.6903383065043843,0.014605197697282699,0.00827991452991453,0.001400473048674219,0.010292953285827395,0.09086517170578526,0.46170875014564156,0.4911063181264469,0.4402849890388831,0.1593288748518113,0.48437913688112255,0.3148279531748847,0.32132889803512527,0.2955873874672934,0.5012282977725027,0.49404716560197626,0.49404716560197626,0.3723776223776224,0.3723776223776224,0.0023953566931793754,0.0007966313872766587,0.48481199922251267,0.5204074093619716,0.5229792455850184,0.5165556612749761,0.17688134189273141,0.38489683845147593,0.0
0.5384615384615384,0.9063670411985019,0.75,0.04598464718039563,0.4920432943697743,0.5012023183163433,0.6422919728603353,0.054928586720494235,0.0,0.0,0.6911319567237091,0.31023288204329924,0.5885533615941518,0.5223379512589746,0.0449403460886439,0.0,0.0,0.7059421645585064,0.0,0.21865095975602464,0.9036201984975822,0.0,0.0,0.0658007956834678,0.0,0.0,2.2960530847473195e-05,0.3769805710561688,0.4486498450641877,0.032492222606291046,0.06719355620155039,0.0,0.9192492800902153,0.0,0.18863030841272405,0.1362168457832601,0.0110522959829155,1.5701051970482023e-05,0.005580603461865876,0.03292344786015672,0.0002708070048745261,0.27874756651524984,0.0002699757021868032,0.23584202177420446,0.0002708070048745261,0.05424494256903058,0.0,0.0,0.0869261456835625,0.0,0.6916388561706583,0.3562696927341214,0.1444199608262108,0.08738951823727124,0.8081324092452196,0.0,0.5318219899354739,0.4911432323115135,0.5132283373716395,0.19836924552718982,0.48437913688112255,0.3144346592223576,0.32132889803512527,0.3333895072952237,0.5475006210494355,0.5396565421323553,0.5396565421323553,0.33916083916083917,0.33916083916083917,0.03824381455435105,0.003527939000796631,0.6287605554715677,0.42796453638714443,0.4728058475164061,0.5146527117031399,0.19715054876786084,0.3990661710422361,0.0
0.5096153846153846,0.8784473953013279,0.25,0.014786930420234228,0.5163487247118945,0.5316199440973365,0.00017113289979665385,0.0030481899460704856,0.0,0.0003434739941118744,0.0033466199138869742,0.004874751653933597,0.0032120668996002536,0.003569622813226818,4.264801526798947e-05,0.011579350830122452,0.07237553570713343,0.019034449099117418,8.012981029267414e-05,0.02630110227431282,0.023174947537028215,0.010465433734086978,0.0,0.004849012481904781,0.0,0.038844774197504366,0.0,0.0,0.012062859672421425,0.011144978998418334,0.012536337209302325,0.0,0.03450532632554019,0.07237553570713343,0.0016550944614887775,0.0,0.0,0.0,0.0,0.0,0.011925538103548574,0.0,0.011888929996300332,0.0001355803516954323,0.011955627770756856,0.0067638628255624516,0.012804084492942236,0.0,0.029586278123164778,0.0,0.6959494830519566,0.004844708725213806,0.0078125,0.0008921532013776505,0.007494658293473899,0.011202141793147874,0.45442389742394734,0.4911115915814564,0.432716049382716,0.15568184903304041,0.48437913688112255,0.31484337646714067,0.32132889803512527,0.29202181914940795,0.4962046978939524,0.48909553918314486,0.48909553918314486,0.3321678321678322,0.3321678321678322,0.0,0.00014632005072428425,0.4796827419389673,0.5162963744788642,0.5139038574401109,0.4914513650003659,0.208763719196521,0.3876167286197205,0.0
0.5384615384615384,0.9880830779707184,0.5,0.0802824525145163,0.4899774873398484,0.5326732571522526,0.0,0.0034967530150574466,0.0,0.0,0.0033366300036962665,0.0,0.0,0.002315704317929012,5.3310019084986835e-05,0.00231990478303847,0.06522609844995395,0.0,0.0,0.022254778847495462,0.0,0.005763572201381235,0.0,0.013129789538685807,0.0002457545894669583,0.019284422233804457,0.05300438546139187,0.0,0.0,0.0008798667630330264,4.037467700258398e-05,0.0,0.04658772830705411,0.06522609844995395,0.0,0.0,0.0,0.0,0.0,0.0,0.0002708070048745261,0.0,0.0002699757021868032,9.490624618680261e-05,0.0002708070048745261,0.005588435444290929,0.0,0.0,0.029586278123164778,0.0,0.6959494830519566,0.0014806567008599654,0.007233796296296296,0.00010373874434623843,3.253831386457554e-05,0.00013084262651475502,0.45343076060964177,0.4911115915814564,0.431683396792431,0.15547370612030662,0.48437913688112255,0.31462745037555717,0.32132889803512527,0.2915694709299747,0.49549808164729914,0.48839904667588063,0.48839904667588063,0.3304195804195804,0.3304195804195804,0.0,0.00014632005072428425,0.49027600803403676,0.5017573486727531,0.5365203009123406,0.5166727658640122,0.1721018844481259,0.38127031822714974,0.0
0.8846153846153846,0.836227442969016,1.0,0.02707656726700128,0.52229371551622,0.5595455853337717,0.06727536290241398,0.01048006442996809,0.0,0.00014720314033366043,0.07706216721111678,0.06656698687094197,0.034778931257740675,0.01987056325209829,0.002729472977151326,0.12276330919287487,0.31106059999198943,0.11468458941717168,0.0019130992207375948,0.0350814247842293,0.12932756156162245,0.0,0.0,0.024467772794914106,0.0,0.15507250820124477,0.0,0.01621115229522219,0.08654271801682159,0.005069708491761723,0.046663032945736434,0.0071781115879828335,0.16000120824019815,0.31106059999198943,0.12873405457774909,0.0,1.0121150167505037e-05,0.0,0.0,0.000699216395418927,0.3592104471324547,0.006045857668180834,0.352518273355398,0.002779397209756362,0.3555896571783916,0.008001154805848266,0.3569926919611573,0.3037998127360092,0.029586278123164778,0.0,0.6932011516817171,0.0093459050958281,0.021901709401709404,0.010301257313581476,0.025184654931181466,0.34711542332622086,0.45999988903499284,0.4911115915814564,0.4385139033114111,0.1578266260033846,0.48345247550966375,0.31496676280518837,0.3214839455360415,0.2956051266131536,0.4995224819895664,0.49236578915865875,0.49236578915865875,0.3304195804195804,0.3304195804195804,0.0,0.00014632005072428425,0.48499557264108156,0.4995830914560135,0.5440591154030838,0.5168337846739369,0.1721267343135225,0.38143221645145,0.0
0.9711538461538461,0.15866530473272047,0.0,0.004121149493160122,0.4989567932080798,0.5098189329168037,0.009663975517928688,0.0018758091975818372,0.0,0.0,0.011338548066452882,9.216967412899657e-05,0.0003826286588865506,0.004156133077156437,0.00030919811069292363,0.004881886586915737,0.03125125165218088,0.00029487127343718223,0.0,0.022254778847495462,0.00029399539745136405,0.021254436433865535,0.00016952846867356082,0.0019031614751526071,0.0,0.023760615629886257,0.0,0.003849130381654515,0.0036721799670006838,0.00114173187107857,0.00017159237726098193,4.291845493562232e-05,0.008004591312752976,0.03125125165218088,0.0,0.0,0.0,0.0,0.0,0.0,0.000752241680207017,0.0,0.0007499325060744533,9.490624618680261e-05,0.000752241680207017,0.008392963932938775,0.0032035238762638907,0.0009774768749549847,0.029586278123164778,0.0,0.695499607381233,0.0016701807585700408,0.00895877849002849,5.1869372173119215e-05,0.0008568422651004892,0.00297918595756673,0.453636045872934,0.4911115915814564,0.43189685012114915,0.15551895457959658,0.48437913688112255,0.31462745037555717,0.32132889803512527,0.29161381879462506,0.4956747357089625,0.4885731698026967,0.4885731698026967,0.3321678321678322,0.3321678321678322,0.0,0.00014632005072428425,0.47760944215277634,0.5276162330465988,0.5229792455850184,0.5167898704530484,0.1721764340443156,0.38143221645145,0.0
0.15384615384615385,0.9502894109635682,0.75,0.0022512547977561266,0.5042887390334495,0.5143558862216376,0.0004932654170609434,0.0018860038127860863,0.0001805897849919266,4.906771344455348e-05,0.002467507817104724,0.0,0.07424002899922467,0.0025887349580341794,0.003422503225256155,0.08015775352524662,0.10592982737213122,0.00024403139870663357,0.0,0.022254778847495462,0.00024330653582181852,0.0,0.0,0.0010831823289432392,0.0,0.0013387701709742365,0.005854935366105664,0.03665838458718586,0.052869330757776965,0.008013072306193634,0.003997093023255814,0.0,0.10519744658571459,0.10592982737213122,0.0011202163733247217,0.0,0.0,0.0,0.008229025443768327,0.0,0.2860825259272632,0.0,0.285204331610155,0.01071084778393915,0.29392589917955503,0.0066607551605386344,0.29414355791370506,0.0,0.32154067353840543,0.0,0.683426580290538,0.0033285162635332023,0.007278311965811966,0.0,0.008525038232518791,0.2843210274165627,0.4597890555213414,0.4911115915814564,0.4382946809738087,0.1589578374856336,0.48437913688112255,0.31462745037555717,0.32132889803512527,0.29498425650804916,0.49970465649065665,0.49254535363318785,0.49254535363318785,0.3374125874125874,0.3374125874125874,0.0018732917728710502,0.0006503113365523745,0.4795045677385915,0.5278378806269459,0.5237688737128527,0.5207567884066456,0.17312072892938496,0.3856804258570892,0.0
0.6153846153846154,0.4926796050391556,1.0,0.027888495226847755,0.5117122500811383,0.5326270141400855,0.0289214600656345,0.0018758091975818372,0.000520523497917906,0.0037414131501472027,0.03398567446878653,0.036939557175921185,0.03968261959662884,0.06450601678632824,0.0004797901717648815,0.1408888261281798,0.23342812512516523,0.058333672265831533,0.004306977303231234,0.038260678905300084,0.08992204053081376,0.06326784432288138,0.0,0.018242005203324457,0.0,0.17299772102482347,0.0,0.012789703067084844,0.029005191355788964,0.002566278058846327,0.01956153100775194,0.001502145922746781,0.0642783785416541,0.23342812512516523,0.04587841110931697,0.0025199851765577846,9.109035150754532e-05,0.0,0.00025223066494309043,0.0014466546112115732,0.08964714850253756,0.006521739130434783,0.08333250007499324,0.010141410306818336,0.09102124330504904,0.007351576516198214,0.09229152067274002,0.0479272345635823,0.034436321662177756,0.0,0.6954832482659338,0.01289948117789202,0.02765535968660969,0.003973193908460932,0.012700788511805986,0.09494142276259109,0.4523155622874327,0.49302585574991165,0.43261797623168335,0.15547370612030662,0.48437913688112255,0.31462745037555717,0.32132889803512527,0.2915694709299747,0.4963923928344696,0.4892152488328309,0.4892152488328309,0.3321678321678322,0.3321678321678322,0.0,0.00014632005072428425,0.48894240114031495,0.5412633912079792,0.49535293176119083,0.5131742662665593,0.1773949057775937,0.3823129427916435,0.0
0.9711538461538461,0.8209056860742254,0.25,0.06842338352524358,0.670836059408695,0.7081038309766524,0.11666230445549539,0.016607028167721808,0.11356972890286393,0.10202404317958783,0.32184493661401986,0.0917600311328677,0.025555566743528036,0.034543432096268575,0.0034331652290731525,0.1536382158923564,0.8765770817479073,0.09772440720706065,0.0,0.022254778847495462,0.0974341298243124,0.3161673256013833,0.019955922598144875,0.013139912738021724,0.20429579022388242,0.6093652594250442,0.0,0.0048266873039794714,0.08042577166083141,0.0319894415988436,0.16625282622739018,0.0,0.28106687609496767,0.8765770817479073,0.6064508315840464,0.0,0.0007793285628978877,0.0,0.0009248457714579984,0.005738396624472573,0.5026378608252593,0.0,0.5010949014588687,0.0003931830199167537,0.5028585183847867,0.006567958262017198,0.5025928521373512,0.0,0.029586278123164778,0.4614812952863903,0.6959494830519566,0.0256449740588946,0.03577946937321937,0.013869870119092078,0.01237540537316023,0.4962860823704658,0.45846857193584006,0.49183405491776044,0.4377177800853813,0.1567859114397155,0.48437913688112255,0.3112266144331169,0.32132889803512527,0.28894407734267596,0.5029065113583041,0.4957013353067287,0.4957013353067287,0.3339160839160839,0.3339160839160839,0.0,0.00014632005072428425,0.5076128976524199,0.5086231463401762,0.44462465987301925,0.42364048891165923,0.3019921308759578,0.40050382727402245,0.0
0.36538461538461536,0.09805924412665985,0.0,0.006950595413837221,0.634073967225276,0.6457631124630056,0.01355976564859369,0.006463386039493938,0.0,0.005029440628066731,0.023805955984455698,0.0041988407103209545,0.15856937158277365,0.03691980988977652,0.025311597061551748,0.22371951342518814,0.5259142067529139,0.07153170374588197,0.000901460365792584,0.034453547011102474,0.08463012337668921,0.004297400325591272,0.0,0.016571677312897968,0.0009215797105010936,0.10714249215644195,0.02081372121323445,0.08595372897234328,0.19283472171918384,0.03639925001833055,0.07298732235142119,0.021341201716738197,0.42326667874906865,0.5259142067529139,0.019679476828677538,0.005982317751072053,0.0005262998087102619,0.0,0.0,0.005678119349005425,0.7655413131130769,0.07132814189919966,0.6972472477477026,0.008256843418251825,0.7054422178090711,0.014466005402841646,0.7124637100810892,0.5244523557192686,0.0398736356088374,0.0,0.6950415521528596,0.0751225983748312,0.017216435185185185,0.00926386987011909,0.05893773251336783,0.6573936148798261,0.4859712489666384,0.5089411429686387,0.4850236529364255,0.17236043112732014,0.48437913688112255,0.3147354134213489,0.32132889803512527,0.308244268038494,0.536161638466422,0.5284800139298501,0.5284800139298501,0.5576923076923077,0.5576923076923077,0.014464269262660076,0.0038693524524866275,0.5192158175496189,0.5138371418016782,0.5083391132689538,0.5339969260045377,0.18001242493269828,0.4027833542721704,0.0
0.9615384615384616,0.5652025876744978,1.0,0.0011194764294852869,0.49098205684317897,0.5006114353830977,0.0002717993114417444,0.0018758091975818372,0.0,0.0004784102060843965,0.00240756835596048,0.0005120537451610921,0.0,4.0448983719284053e-05,3.19860114509921e-05,0.000544673296887293,4.005286978812032e-05,0.0,0.0,0.022254778847495462,0.0,0.0,0.0,0.0,0.0,0.0,0.0,0.0,0.0,0.0007960699284584524,6.056201550387597e-05,0.0,4.027467327171309e-05,4.005286978812032e-05,0.0,0.0,0.0,0.0,0.0,0.0003134418324291742,0.0002708070048745261,0.0,0.0002699757021868032,9.490624618680261e-05,0.0002708070048745261,0.005588435444290929,0.0,0.0,0.029586278123164778,0.0,0.6959494830519566,0.001753097533818199,0.007289440883190884,0.0,0.00011930715083677698,0.0003925278795442651,0.4532865061003013,0.4911115915814564,0.4315334025614399,0.15547370612030662,0.48437913688112255,0.31462745037555717,0.32132889803512527,0.2915694709299747,0.4953545502221977,0.4882575716353426,0.4882575716353426,0.32342657342657344,0.32342657342657344,0.0,0.00014632005072428425,0.478284344426927,0.5261016412475592,0.5237688737128527,0.5166874039376418,0.17201905156347072,0.3812185107953736,1.0
0.9038461538461539,0.5114061967994552,1.0,0.026732112981005807,0.6938020637463745,0.7136016113120685,0.06260444140208178,0.002140869192892314,0.011419648168607122,0.0,0.07488436678954255,0.04012453147082318,0.08231550753677766,0.043897259581353015,0.033286775916665776,0.1972019931008049,0.6829915488444748,0.18365396347663399,0.0004807788617560448,0.023231477605692757,0.184588558510153,0.025238379323943093,0.0,0.005749977222801493,0.0,0.21739174867911418,0.026404610474594175,0.1873956254327726,0.12080969053080606,0.12423928186112769,0.018390665374677005,0.006663090128755365,0.4725930848385993,0.6829915488444748,0.005015743581462942,0.012197575308380539,0.0010525996174205238,0.0,0.0,0.010512356841470767,0.5830876010511324,0.0,0.5812976832085113,0.002128611521618287,0.5845920844115464,0.02512733796630441,0.6021924116528181,0.15330953091399233,0.22119843664567346,0.0,0.658323517864154,0.051088578806472246,0.02624198717948718,0.034648740611643636,0.1354244623043634,0.512772253311325,0.5045800806715602,0.4911115915814564,0.48486788969655015,0.1869666337861196,0.48437913688112255,0.31222141678362664,0.32132889803512527,0.31966827797241565,0.5289022606199454,0.52099271947676,0.52099271947676,0.3793706293706294,0.3793706293706294,0.02224406023196061,0.007381033669869449,0.4906377556529815,0.5168399387830492,0.5207704209571573,0.5164751518700139,0.17295506316007456,0.3817624888290226,0.0
0.028846153846153848,0.8001361933946204,1.0,0.008709772660171243,0.4945779005012544,0.50736805327195,0.007046648815156335,0.00265059995310477,0.0,0.0,0.009500404591362723,0.012811584703930524,0.03894756980455731,0.0016381838406310043,0.0005544241984838631,0.053751185168747856,0.07313654023310771,0.006578679790132997,4.006490514633707e-05,0.027875779864059477,0.012327531148305471,0.0009403723065411489,0.0,0.005395665246044359,0.0,0.018834758970271127,0.0,0.009551545761883428,0.04058513421063222,0.004472656045417884,0.0014131136950904393,0.0,0.05499506635252421,0.07313654023310771,0.000706442757952527,0.0,0.0,0.0,0.0,0.0,0.10976710597580791,0.0,0.10943015128638423,9.490624618680261e-05,0.10976710597580791,0.006980388922112469,0.1106417058764641,0.05248536356995133,0.08214697960754136,0.000961738123080622,0.6959494830519566,0.003920778943877188,0.009504095441595441,0.000923274824681522,0.0018004533671731797,0.1111558436329965,0.45354172561682676,0.4911115915814564,0.43179877697011654,0.1554918055040226,0.48437913688112255,0.3145349106220214,0.3212725171257012,0.2914452969089539,0.49568577658781643,0.4885840524981227,0.4885840524981227,0.3304195804195804,0.3304195804195804,0.0,0.00014632005072428425,0.4801794700127422,0.5251095044593382,0.5233313770474309,0.517280245919637,0.16411679436736384,0.37556502480280796,0.0
0.21153846153846154,0.4044943820224719,0.25,0.03816061411278417,0.5334470128224281,0.5584357530417626,0.004469588677042019,0.0018758091975818372,0.0,0.0,0.006183754408047872,0.0,0.0,0.0009808878551926384,0.003880969389387042,0.004609549938472091,0.12055913806224217,0.0071989262618456906,0.010066307418017189,0.039506468137694595,0.03491448789043095,0.058565982790175636,0.0017195030394032596,0.0,0.0,0.09511399985692531,0.0008725001722039814,0.0,0.007002293854883496,0.004116519498475945,0.01653343023255814,8.583690987124464e-05,0.027517670512897965,0.12055913806224217,2.018407879864363e-05,0.0,0.0,0.0,0.0,0.0,0.014453070149044152,0.0,0.014408703216710495,9.490624618680261e-05,0.014453070149044152,0.006506093663002907,0.015046551206326959,0.0,0.029586278123164778,0.0,0.6959494830519566,0.007296676221837909,0.007478632478632479,0.0029461803394331713,0.0006399201726699855,0.008625548532549621,0.457087057596387,0.4911115915814564,0.4354851736471674,0.1558356937946263,0.48437913688112255,0.31462745037555717,0.32132889803512527,0.29192425384717724,0.4989152336525987,0.4917672409102286,0.4917672409102286,0.3304195804195804,0.3304195804195804,0.0019040014740656574,0.0006340535531385651,0.48977927996026177,0.5187925484194416,0.5213839833537853,0.5188538388348093,0.1722592669289708,0.3833231877112772,0.0
0.47115384615384615,0.5709908069458631,0.25,0.14762326542663123,0.84003132196195,0.909934026635975,0.0,0.0018758091975818372,0.21750446162998216,0.0006992149165848871,0.20686107031897782,0.0,0.0,4.0448983719284053e-05,0.14924672943032913,0.0,0.0,0.023711717574327898,0.0,0.022254778847495462,0.023641285064020034,0.057959290979503926,0.02036763459349495,0.14076308676594151,0.21127522056474404,0.4088256635088042,0.1908823732004684,0.4582909046474686,0.8574188096100447,0.0007855953241366307,0.4192708333333333,0.030107296137339055,0.0,0.0,0.0,0.0,0.0,0.0,0.0,0.03616636528028933,0.0002708070048745261,0.0,0.0002699757021868032,0.025001016852637715,0.0002708070048745261,0.14439197409935453,0.0,0.0,0.029586278123164778,0.0,0.7345488156000524,0.1876998886546161,0.007233796296296296,0.0020332793891862733,0.044740181563791365,0.0,0.6091701481937671,0.4872145083294222,0.589356178608515,0.24854978687975673,0.48437913688112255,0.31216743526073076,0.32132889803512527,0.3799636347509867,0.5913605122967788,0.5919478936543003,0.5919478936543003,0.3583916083916084,0.3583916083916084,0.04299358167245033,0.011217870555528458,0.5399272185387556,0.5626734920048552,0.5087926159099396,0.6304325550757519,0.17200248498653967,0.3812120348664016,0.0
0.7115384615384616,0.8556350017024175,0.75,0.027015057573073518,0.549448001937016,0.5697396004603749,0.06553383398095391,0.0018758091975818372,0.0,0.014658979391560351,0.0787204923027742,0.009769985457673637,0.01719815129942706,0.03201537061381333,0.0017805546374385602,0.06041838978434972,0.27069732046301115,0.18835156790173668,0.0,0.022254778847495462,0.18779209456514026,0.009626176729324448,0.0,0.0,0.00889631613870389,0.20642609682067634,0.0029619084793240423,0.00862490326259623,0.028793915248098514,0.017963946411924288,0.0023821059431524544,0.010686695278969958,0.06882941662135766,0.27069732046301115,0.023241966736638142,0.0005505849965588438,0.08795279495561877,0.0011618778458156696,0.09132851993147734,0.0,0.2491725341517723,0.0,0.2484076433121019,9.490624618680261e-05,0.2491725341517723,0.007403130348710122,0.2501952147362098,0.12103221557995246,0.029586278123164778,0.07170413438104502,0.6959494830519566,0.033249626874511384,0.016671118233618235,0.016048383750363087,0.004295057430123971,0.23950239542654697,0.4601385952939741,0.4810392925132759,0.4276393215645552,0.15633342684681586,0.48437913688112255,0.31462745037555717,0.32135708848983735,0.2924298195041909,0.4910927709845704,0.4840568512009054,0.4840568512009054,0.32342657342657344,0.32342657342657344,0.0013512268525627247,0.0005039912858280902,0.49683065892058836,0.5264816085281545,0.5113642426505896,0.5251408914586839,0.17761855456616277,0.39307593674312585,0.0
0.5288461538461539,0.7030983997276132,0.5,0.13997145950201753,0.849391849077599,0.9160689329168036,0.6108941190682318,0.05836417204432618,0.04165250276196142,0.0,0.7025204543411155,0.690238207402249,0.3925568656671332,0.21162908281929418,0.009137337271166744,0.0,0.0,0.5693557571074145,0.0,0.40977496063306024,0.9618515627376041,0.071417737646238,0.0,0.14368869137402185,0.0,0.0,0.0,0.9092399494928923,0.3896434464163548,0.055211639380322405,0.21108890503875968,0.09436695278969957,0.0,0.0,0.18605683836589698,0.0,0.0056273594931327995,0.0,0.0,0.0,0.0002708070048745261,0.11325978801643954,0.0002699757021868032,0.09047276868636195,0.0002708070048745261,0.017631410719072857,0.0,0.0,0.24614730361880074,0.0,0.6784370501243293,0.028855037786359006,0.16731214387464388,0.03063405120544421,0.7888914196466339,0.0,0.4920299383589385,0.47707892780112743,0.45646705895927076,0.16322929204260594,0.4869539316918189,0.321737588105557,0.3213429932624813,0.303907046875693,0.5115349581826714,0.5042061617821502,0.5042061617821502,0.3356643356643357,0.3356643356643357,0.0,0.00014632005072428425,0.4689382977344881,0.36883740566784523,0.6821053193192125,0.5031252287199004,0.19035825222613378,0.3835498452252976,0.0
0.5384615384615384,0.7558733401430031,0.25,0.007307351638618247,0.4934909047822659,0.5057033048339362,0.0,0.0018758091975818372,0.0,0.0,0.0017482342833737925,0.0,0.00010069175233856596,0.00028314288603498833,0.0,0.0003429424461882956,0.009112027876797373,0.0014133485175092527,0.0,0.022254778847495462,0.0014091503533013654,0.0005055765088930907,0.0,0.0,0.0030719323683369784,0.004496632635333313,0.0,0.0017718219217139832,0.0006137067890055937,0.0008693921587112046,0.0023215439276485787,0.0,0.004732274109426287,0.009112027876797373,8.073631519457452e-05,0.0,0.0,0.0,0.0,0.0036889692585895116,0.0009026900162484203,0.0,0.0008999190072893439,9.490624618680261e-05,0.0009026900162484203,0.005691543109314746,0.0007308038842727,0.0003498338289312577,0.029586278123164778,7.65018961541404e-05,0.6959822012825546,0.0017057165193906801,0.007233796296296296,4.149549773849537e-05,0.0002169220924305036,0.0008756391159064375,0.4534252123592825,0.4911115915814564,0.43167762778354674,0.15547370612030662,0.48437913688112255,0.31462745037555717,0.32132889803512527,0.2915694709299747,0.49549256120787216,0.48839360532816767,0.48839360532816767,0.3304195804195804,0.3304195804195804,0.0,0.00014632005072428425,0.4782951428633134,0.5260963639242175,0.5237688737128527,0.5166947229744565,0.17200248498653967,0.3812120348664016,0.0
0.6153846153846154,0.07082056520258767,0.5,0.04637830922153332,0.7094733479983308,0.7374321769154883,0.07100002013328233,0.01604632433148811,0.01355485680292343,0.007433758586849852,0.10489405700242754,0.07180017614648833,0.23587042985309073,0.0700677520477298,0.06616839568828566,0.439440398620161,1.0,0.35000203359498927,0.0,0.05440610735713289,0.381666852525826,0.0033873626095837083,0.0,0.03632203921727423,0.0,0.42485002708199204,0.0,0.2717099099833001,0.23379210431003258,0.0052373021609108715,0.0802749515503876,0.0,0.5869731569302644,1.0,0.05217584369449379,0.0,0.056061050777810394,0.0,0.015995628001807653,0.0,0.0002708070048745261,0.009463551806186458,0.0002699757021868032,0.035616958390390065,0.0002708070048745261,0.00964056667972697,0.0,0.48390249925403084,0.19725197950628784,0.0,0.7134046590760372,0.2310298263485821,0.02344862891737892,0.036267065023444955,0.4315231184720008,0.0,0.5634470169831943,0.4911115915814564,0.5460770739586939,0.19144623125582574,0.48437913688112255,0.31536776840384345,0.32132889803512527,0.32767750232826287,0.5824836456981977,0.5741383625896462,0.5741383625896462,0.34440559440559443,0.34440559440559443,0.04824494057672819,0.013168804565185582,0.6264064963393301,0.4907277428888068,0.40170730406018246,0.5009734318963623,0.1933153862083247,0.3839643046795063,0.0
0.21153846153846154,0.7684712291453865,1.0,0.012670996949119183,0.48441371778294084,0.49888502959552783,0.013620165495580743,0.0018758091975818372,0.0,0.0,0.015264582771400885,0.0,7.048422663699617e-05,0.00045505106684194554,0.0001599300572549605,0.000625365637166892,0.009652741618936998,0.00012201569935331678,0.0,0.022254778847495462,0.0005778530225768189,0.008008331900866557,0.0,0.0004859135681240699,0.0,0.009166998804304504,0.0,0.0,0.0002112761076904503,0.0009322397846421351,0.0003633720930232558,0.0,0.0006746007773011942,0.009652741618936998,0.0,0.0,1.0121150167505037e-05,0.0,0.0,0.0009644364074743822,0.0013339752462337767,0.0,0.0013298803107720306,9.490624618680261e-05,0.0013339752462337767,0.0057327861753242735,0.001201321453598959,0.0,0.029586278123164778,0.0,0.6959494830519566,0.002771789344009855,0.007256054131054131,3.1121623303871525e-05,0.0005748435449408345,0.0016808245098433915,0.45324212009742726,0.49108522430640883,0.4314584054459444,0.15547370612030662,0.48437913688112255,0.31462745037555717,0.32132889803512527,0.2915694709299747,0.49528278450964697,0.4881868341150736,0.4881868341150736,0.32867132867132864,0.32867132867132864,0.0,0.00014632005072428425,0.4780197827354599,0.526091086600876,0.524019633996692,0.5166654468271975,0.1721267343135225,0.3812832700850937,0.0
0.23076923076923078,0.16309159005788218,1.0,0.027950004920775512,0.5359713156769511,0.5566887948043407,0.08270752380760635,0.002742351489943012,0.0,0.0012389597644749755,0.08568345970569724,0.06477479876287814,0.031093613122149165,0.24870057639801801,0.004744591698563829,0.3474612172439531,0.5371890895982697,0.017529588807093176,0.0024639916664997295,0.022254778847495462,0.019971411482040936,0.05423824787405078,0.0,0.0008098559468734499,0.0,0.07576825990536633,0.0,0.2734410003665838,0.003138959314258119,0.030439200159213982,0.16375968992248063,0.00019313304721030043,0.46551481101109565,0.5371890895982697,0.059886161795575654,0.0,0.00038460370636519135,0.0,0.0,0.0,0.2341778499929791,0.0,0.23345898869101783,9.490624618680261e-05,0.2341778499929791,0.005609056977295692,0.23347682450695767,0.0,0.029586278123164778,0.17024950546988557,0.6959494830519566,0.019817109284309777,0.0244613603988604,0.00278019834847919,0.034436382173342446,0.22258343733644673,0.46019962604792586,0.4911115915814564,0.4387215876312449,0.1594555705378232,0.48437913688112255,0.31445779416074154,0.32132889803512527,0.2952858219876713,0.4999254740677358,0.4927630075417079,0.4927630075417079,0.3321678321678322,0.3321678321678322,0.0,0.00014632005072428425,0.5036984644623459,0.5293630270726687,0.4872112255241957,0.5055112347215106,0.2081176226962104,0.39954538978616483,0.0
0.7019230769230769,0.0888661899897855,0.5,0.048260505855722856,0.49283664669548144,0.5221452647155541,0.0005536652640479978,0.0018758091975818372,0.0,0.0,0.0022976793438626987,0.0,0.00476271988561417,0.00011123470522803116,0.0005864102099348552,0.0053963002561981804,0.04673168582528939,1.0167974946109733e-05,0.02138464312185741,0.022254778847495462,0.021654281688141847,0.0,0.0,0.01925432513691627,0.00022117913052026244,0.0414609968216983,0.0009873028264413474,0.0,0.004507223630729607,0.0014873938136986875,0.00012112403100775194,0.0,0.006141887673936245,0.04673168582528939,0.0,0.0,0.0,0.0,0.0,0.0,0.03434234017371768,0.0,0.03423691867731904,9.490624618680261e-05,0.03434234017371768,0.006567958262017198,0.034958454299729706,0.0,0.06207853222899496,0.0,0.6959985603978537,0.0015517282225012438,0.007233796296296296,3.1121623303871525e-05,0.00018438377856592805,0.03263013808929506,0.45488995045412434,0.4911115915814564,0.433200646128995,0.1559714391724962,0.48437913688112255,0.31462745037555717,0.32132889803512527,0.29205729744112824,0.4966463330481107,0.489476433523055,0.489476433523055,0.3304195804195804,0.3304195804195804,0.0,0.00014632005072428425,0.4796989395935469,0.5043326824634545,0.5447206957264045,0.5171485032569714,0.17204390142886727,0.3816459221075263,0.0
0.5384615384615384,0.16547497446373852,0.5,0.004182659187087885,0.49238845414784166,0.5032935300887866,0.0,0.0018961984279903354,0.0,0.0,0.0017682141037552073,0.0,0.0015204454603123458,7.07857215087471e-05,1.0662003816997368e-05,0.0015735006354521798,0.005647454640124965,8.134379956887786e-05,0.0,0.023480635452171657,0.0013280481746940928,0.0,0.0,0.00215624145855056,0.0013885134304883141,0.004680585788596948,0.0,0.00020365769215103255,0.000583524487906958,0.0008693921587112046,0.0002220607235142119,1.072961373390558e-05,0.0010672788417003967,0.005647454640124965,0.0,0.0,0.0,0.0,0.0,0.0,0.001293855689956069,0.0,0.0012898839104480597,9.490624618680261e-05,0.001293855689956069,0.005650300043305218,0.0010811893082390632,0.0,0.029586278123164778,0.0008415208576955444,0.6959494830519566,0.0015635734761081236,0.007233796296296296,1.0373874434623843e-05,0.00023861430167355395,0.001076935464390676,0.45350288786431203,0.4911115915814564,0.4317583939079266,0.15547370612030662,0.48437913688112255,0.31462745037555717,0.32132889803512527,0.2915694709299747,0.4955698473598499,0.48846978419614967,0.48846978419614967,0.3304195804195804,0.3304195804195804,0.0,0.00014632005072428425,0.47757704684361707,0.525468362446567,0.525150722936563,0.5167459562321598,0.17201076827500517,0.3812638422981777,0.0
0.33653846153846156,0.8304392236976507,0.5,0.0134706229701801,0.48694317227594236,0.5017418201249589,0.00360385753689424,0.0018758091975818372,0.0,0.0020608439646712462,0.00699293713349517,0.04531675644675665,0.015113832026018749,0.005976337344524219,0.0004264801526798947,0.0660971132315265,0.07192494092201707,0.02815512262577785,0.0,0.03092547190496123,0.03689135349398323,0.00016178448284578906,0.0010413891647090164,0.002834495814057074,0.0,0.0406434272516377,0.0,0.012871166143945258,0.011861644331763852,0.0015083430223423308,0.006591166020671835,0.0004721030042918455,0.03228015062727804,0.07192494092201707,0.0,0.0,0.001103205368258049,0.0,0.0,0.0014828209764918626,0.06819321578303343,0.0009950248756218905,0.0670639642432181,0.0022777499084832625,0.06888527812882389,0.00646485059699338,0.06933626989688658,0.04038522878103489,0.032998521698629026,0.0,0.6939291323125246,0.009014237994835469,0.018563034188034188,0.00380721191750695,0.017950303148624173,0.07740851080961392,0.4492584763394864,0.495388363594176,0.4320179993077189,0.15547370612030662,0.48437913688112255,0.31635485910822525,0.32132889803512527,0.29355625526630896,0.49458168870242075,0.4874957829555224,0.4874957829555224,0.3269230769230769,0.3269230769230769,0.0,0.00014632005072428425,0.48141049176079304,0.5260224813974352,0.5208024329082858,0.5167459562321598,0.17250776558293643,0.3816588739654704,0.0
0.6153846153846154,0.9135171944160708,1.0,0.004502509595512253,0.490332950394873,0.5013770141400855,0.0,0.0018758091975818372,0.0,0.0,0.0017482342833737925,0.00013313397374188396,0.0,5.056122964910507e-05,0.0,0.00015129813802424805,0.000490647654904474,0.0,0.0,0.02226474516135462,1.0137772325909106e-05,0.0,0.0,0.0,0.0,1.021961962575753e-05,0.0,0.0,7.042536923015011e-05,0.0009112905759984916,0.00033309108527131777,0.0,0.000483296079260557,0.000490647654904474,0.0,0.0,0.0,0.0,0.0,0.0,0.0002708070048745261,0.0,0.0002699757021868032,9.490624618680261e-05,0.0002708070048745261,0.005609056977295692,2.0022024226649315e-05,1.028923026268405e-05,0.029586278123164778,0.0,0.6959494830519566,0.0014806567008599654,0.007233796296296296,0.0,2.1692209243050358e-05,4.02592696968477e-05,0.4534917913635935,0.4911115915814564,0.43174685589015804,0.15547370612030662,0.48437913688112255,0.31462745037555717,0.32132889803512527,0.2915694709299747,0.49555880648099593,0.4884589015007237,0.4884589015007237,0.3304195804195804,0.3304195804195804,0.0,0.00014632005072428425,0.478284344426927,0.5260963639242175,0.5237742090380408,0.5166947229744565,0.1721018844481259,0.38128974601406573,0.0
0.15384615384615385,0.8120531154239019,1.0,0.022266509201850214,0.7524637711023991,0.7702338868793159,0.07895266665324449,0.026893394908809164,4.249171411574743e-05,0.0008341511285574093,0.10533361305081868,0.06167175306720193,0.03900798485596045,0.06170492466376782,0.005736158053544584,0.16676080773032623,0.7936676412864982,0.29247163134990034,0.0,0.04252626123701888,0.3122332498656745,0.05903111317835728,0.0,0.07205693287306521,0.04524341992086702,0.48477787656743415,0.0002640461047459418,0.047146755732964035,0.11626222383194494,0.02067686893127612,0.059734334625322995,0.08372317596566524,0.32043536921806726,0.7936676412864982,0.13325528822864524,0.0,0.02189204781231339,0.0,0.0,0.0,0.0002708070048745261,0.11041531473069435,0.0002699757021868032,0.0076467318356223815,0.0002708070048745261,0.026034685418514013,0.0,0.6172097665373654,0.085822482331261,0.0,0.6978880382148934,0.04935917177986781,0.01529113247863248,0.018320262251545708,0.17476328376663522,0.8899613511010911,0.5369208320156239,0.4858381365719378,0.5127264335987077,0.17571786680663526,0.48262509928514696,0.3202800869873683,0.32144165985397344,0.3203334959421704,0.5551464296558006,0.5471928087148624,0.5471928087148624,0.4353146853146853,0.4353146853146853,0.0314979168586023,0.005543904144108992,0.5599421203809688,0.5056045173887803,0.4525156058261751,0.5012003220376199,0.20525988817560573,0.39350982398425055,0.0
0.25,0.8406537282941777,0.5,0.04880179116228718,0.5247819569013924,0.55424305327195,0.0,0.0018758091975818372,0.0,0.00014720314033366043,0.0018681132056622813,0.18789300124941113,0.029965865495957228,0.09627869349782588,0.013913914981181564,0.32423190978596356,0.4253514639323908,0.0010778053442876316,0.0,0.022254778847495462,0.0010746038665463652,0.06044672740325793,0.0016710663340679564,5.061599667959062e-05,0.0,0.0629221980357891,0.0,0.14898578469308787,0.1176003058473178,0.003351873382982958,0.06740552325581395,0.033068669527897,0.3657141706437907,0.4253514639323908,0.011131519457451961,0.0,0.0,0.0,0.0,0.02496684749849307,0.07811277607269664,0.0,0.07787299143077123,0.0016269642203451875,0.07923612364847245,0.024663353473697237,0.09734708178996897,0.0,0.029586278123164778,0.06097201123484989,0.6934956157571,0.003091611191395608,0.040475872507122514,0.0002385991119963484,0.005943665332595799,0.09031160674745362,0.45766962388410815,0.4911115915814564,0.4360909195800161,0.15838770689858012,0.48437913688112255,0.31465829696006914,0.32020127984664387,0.2937513858707703,0.4983576692704739,0.4912176647912154,0.4912176647912154,0.3304195804195804,0.3304195804195804,0.0016480872974439294,0.0007316002536214212,0.5252143489622703,0.5231252308828962,0.48078749399775916,0.5172143745883042,0.17320356181404017,0.382610835524356,0.0
0.15384615384615385,0.49710589036431735,0.75,0.009841551028442082,0.5155502207477087,0.5287580154554423,0.0,0.0018758091975818372,0.00019121271352086342,2.453385672227674e-05,0.00194803248718794,0.0,0.0002920060817818412,0.0013044797249469108,0.0,0.00155332755038228,0.05544318500420555,0.001332004717940375,0.0,0.022254778847495462,0.0013280481746940928,0.04055734754340374,0.0015741929233973504,0.006458601176315763,0.0,0.04952427670642099,0.0,0.0002545721151887907,0.004577648999959757,0.002953838418753731,8.074935400516796e-05,0.0,0.0069675184760063635,0.05544318500420555,0.001907395446471823,0.0,0.00015181725251257552,0.0,0.0,0.0,0.04437222924314457,0.0,0.044236018758311756,9.490624618680261e-05,0.04437222924314457,0.00964056667972697,0.047952748022825106,0.0,0.06929790810230656,9.835958076960908e-05,0.6988041486716399,0.0016346449977494015,0.007244925213675214,9.336486991161458e-05,0.006149741320404777,0.048995531221063655,0.45306457608593137,0.4911115915814564,0.43130264220606895,0.15547370612030662,0.48437913688112255,0.31428813794592597,0.32132889803512527,0.29117920972105193,0.4953766319799056,0.4882793370261946,0.4882793370261946,0.3304195804195804,0.3304195804195804,0.0,0.00014632005072428425,0.4749368291471395,0.5304659876510633,0.5237688737128527,0.518202444558296,0.17201076827500517,0.3825525521636079,0.0
0.9134615384615384,0.3272046305754171,0.5,0.02158990256864482,0.49660249442335136,0.5147669352186781,0.12152449213795324,0.008023162165744054,0.0,0.0,0.1283703459505899,0.07833398193474386,0.0519871517324016,0.012256042066943067,0.002612190935164355,0.1438845292610599,0.2962009853005968,0.1459714483263513,3.00486788597528e-05,0.02237437461380534,0.14568992609563974,0.0,0.0,0.007966957877367562,0.003968936619891376,0.15819971180672657,0.0,0.07771577532483402,0.04452895488752062,0.0031423812965465227,0.009437580749354005,0.009495708154506437,0.14196822328278863,0.2962009853005968,0.0046221540448893915,0.006638784477738365,0.0032893738044391363,0.0,0.0,0.005063291139240506,0.39937012296644,0.0,0.39814416702496774,0.03310872188402457,0.4237929028504945,0.008217680902398284,0.42527780558614475,0.1762236467089897,0.13702638666693667,0.07197735543873837,0.7001292370108625,0.037537608680201846,0.03101629273504274,0.01573716751732437,0.025466653651341122,0.44167438302669193,0.44572978911100386,0.4871670472343365,0.41935502480673814,0.15547370612030662,0.48437913688112255,0.31106466986442927,0.32132889803512527,0.2874717282362854,0.48625686604653734,0.47959494607624414,0.47959494607624414,0.3146853146853147,0.3146853146853147,0.0,0.00014632005072428425,0.48843487463015356,0.5221647580347247,0.514592114389372,0.5123984483641952,0.17872851522054256,0.3826691188851041,0.0
0.8269230769230769,0.8753830439223698,0.5,0.0408793425843913,0.5088324841715908,0.535021374547846,0.08186192594978758,0.0018758091975818372,0.0021352086343163082,0.005274779195289499,0.0892898172845426,0.1031481064252504,0.032704681159566214,0.029497421377287895,0.001183482423686708,0.1648544511912207,0.3270717346897905,0.10265587505592386,0.0008814279132194155,0.024377603699495702,0.10540241887247696,0.00034379202604730173,0.0032210409047976557,0.08779850784041789,0.001695706667322012,0.1980153498686779,0.0,0.07198281129078245,0.04840235019517888,0.003781332160177649,0.0019077034883720932,0.010053648068669527,0.13379246460863087,0.3270717346897905,0.005288228645244631,0.00214939912118164,0.0001113326518425554,0.0,0.0,0.003845690174804099,0.31640288058414073,0.0017521090201168073,0.3138117569418752,0.012486950391149314,0.32394535716434975,0.012671932031427215,0.32995294824306737,0.19949788556318102,0.029586278123164778,0.0,0.6888332678968722,0.0281561678235531,0.03423254985754986,0.016608572969832775,0.09303788544344299,0.3359334111679214,0.45117817096378654,0.49387488200644414,0.43236990884965953,0.15547370612030662,0.4842599947047922,0.3165013803846569,0.32132889803512527,0.29388442946472126,0.49470865880924125,0.4875665204757914,0.4875665204757914,0.32867132867132864,0.32867132867132864,0.0,0.00014632005072428425,0.4789646459192709,0.5223494643516807,0.5269487275249426,0.5167679133426041,0.17243321598674674,0.3816200183916383,0.0
0.46153846153846156,0.9557371467483827,0.0,0.05217252238952859,0.592510547979785,0.6231965225254851,0.0,0.018727508130205624,0.01571131129429761,0.0,0.0017482342833737925,0.0017717059582573785,0.044455408657476866,0.08243502881990092,0.008636223091767866,0.136622218635896,0.0,0.3694940415666816,0.0,0.8839323087962687,0.0,0.015905436969776636,0.0,0.15687922010872316,0.0001597404831535229,0.0,0.0,0.0008553623070343367,0.005754758742806551,0.0009846128062512437,0.0008276808785529716,0.0,0.007601844580035845,0.0,0.010576457290489262,0.0,0.0041901561693470845,0.0,0.018707107649945875,0.0,0.06925638402439269,0.0,0.06904378605925467,0.0065620890220589225,0.07403061122143989,0.005660610809807601,0.0736910601661828,0.0,0.029586278123164778,0.01781401296160698,0.6959494830519566,0.0179929402288503,0.03178418803418803,0.013558653886053363,0.010054338984153841,0.07512379725431781,0.45293141807730936,0.4911115915814564,0.4311641859928464,0.15547370612030662,0.48437913688112255,0.31559911778768296,0.32132889803512527,0.2926870371191627,0.49430566673107185,0.4872237155698723,0.4872237155698723,0.32867132867132864,0.32867132867132864,0.0,0.00014632005072428425,0.4812053214694513,0.4414797614649849,0.6051645947820519,0.51494547317573,0.17414785669910957,0.38133507751686985,0.0
0.8557692307692307,0.8263534218590398,0.75,0.4076247416592855,0.9294689175892392,0.5012023183163433,0.0,0.0018758091975818372,0.0,0.004882237487733071,0.0017482342833737925,0.0,0.20467612497860302,0.6929719890787743,0.0008209742939087973,0.0,0.0,0.0,0.00314509505398746,0.18570232613765472,0.0,0.5642233839246893,0.0023491802087622,0.13932559246024112,0.06800029490550737,0.0,0.0,0.7229644413669505,0.8217735120125558,0.014748242885125013,0.05959302325581395,0.29122317596566527,0.0,0.0,0.0,0.00743289745354439,0.1394390858577169,0.0,0.40279135269203686,0.011428571428571429,0.0002708070048745261,0.0,0.0002699757021868032,0.0361321637268327,0.0002708070048745261,0.0985090631637556,0.0,0.0,0.24574228954456165,0.0,0.5429181389870436,0.14692852573973608,0.3547008547008548,0.2203722146147143,0.4110782112604258,0.0,0.3320405909996283,0.3956936966392271,0.20107880466135913,0.15547370612030662,0.48437913688112255,0.19796566775143826,0.3309700335466411,0.16346622910106878,0.3545612630765409,0.3494814395629509,0.3494814395629509,0.31643356643356646,0.31643356643356646,0.0,0.00014632005072428425,0.6710580307971407,0.38951395852023846,0.46532038627754363,0.5083949352265241,0.1924373576309795,0.3898444481860923,0.0
0.5384615384615384,0.16547497446373852,0.0,0.00011071744906997342,0.4921102656699963,0.5013153567905294,0.0,0.0018758091975818372,0.0,0.0,0.0017482342833737925,0.0,0.0,4.0448983719284053e-05,0.0,0.0,0.00022029078383466178,9.151177451498758e-05,0.0,0.022254778847495462,9.123995093318194e-05,0.0,0.0,0.0,0.0,9.197657663181776e-05,0.0,0.0,0.0,0.0007855953241366307,0.00016149870801033592,0.0,0.00013089268813306753,0.00022029078383466178,0.0,0.0,0.0,0.0,0.0,0.0,0.0002708070048745261,0.0,0.0002699757021868032,9.490624618680261e-05,0.0002708070048745261,0.005588435444290929,0.0,0.0,0.029586278123164778,0.0,0.6959494830519566,0.0014806567008599654,0.007233796296296296,1.0373874434623843e-05,0.0,1.0064817424211925e-05,0.4534973396139528,0.4911115915814564,0.4317526248990423,0.15547370612030662,0.48437913688112255,0.31462745037555717,0.32132889803512527,0.2915694709299747,0.4955643269204229,0.48846434284843665,0.48846434284843665,0.3304195804195804,0.3304195804195804,0.0,0.00014632005072428425,0.4782951428633134,0.5260963639242175,0.5237688737128527,0.5166947229744565,0.17200248498653967,0.3812120348664016,0.0
0.6634615384615384,0.5903983656792645,0.25,0.0586064363743726,0.6636752819234157,0.6968616409075962,0.007992913084620187,0.006483775269902436,0.0,0.004403827281648675,0.017782040139459148,0.13513098334801218,0.01508362450031718,0.03064010516735767,0.023722958492819142,0.2011660043170402,0.5970781431489566,0.1504555252775857,0.012039503996474289,0.025613426618031055,0.16561064871605116,0.004358069506658442,0.0,0.06392800380632295,0.0003317686957803937,0.23616518993163074,0.0,0.2211213392529836,0.1124290715924182,0.004933538635578041,0.029756136950904392,0.0031008583690987127,0.3677077669707405,0.5970781431489566,0.009718633941546909,0.004171740166234316,0.0032691315041041263,0.0,0.0005044613298861809,0.04977697408077155,0.6179314356783214,0.014341336794289422,0.6027757501824835,0.009707553181392952,0.611742994122485,0.014445383869836884,0.6189208128941837,0.3135025568737203,0.03106457949413742,0.0,0.6902974087161368,0.0655397882068655,0.013176638176638177,0.015664550396282003,0.12902526057766353,0.49591368412577,0.5231445263736081,0.4911115915814564,0.5041709934233298,0.19236025013348296,0.48437913688112255,0.315583694495427,0.32132889803512527,0.32882167723624106,0.5416765574539734,0.5321420409407002,0.5321420409407002,0.3356643356643357,0.3356643356643357,0.034138951161338534,0.008941780877595147,0.4763622227501458,0.5004749591007441,0.5481139625460172,0.5119373490448657,0.18066680472147445,0.383776502739318,0.0
0.23076923076923078,0.5182158665304732,0.25,0.015475838992225176,0.5142159463817467,0.5297804998355804,0.011798103444804607,0.003935121468840158,0.0,0.0031894013738959764,0.01807174753498966,0.03051840321160109,0.012435431413812894,0.01666498129234503,0.0018765126717915366,0.06087228419842247,0.13247486682420798,0.008469923130109407,0.00023037320459143814,0.022254778847495462,0.008677933110978194,0.0017796293113036795,0.0,0.02044886265855461,0.013024993241748788,0.0420128562814892,0.0,0.02235143171357582,0.045867036902893475,0.001958751008180666,0.017734576873385012,0.00536480686695279,0.09181618639118791,0.13247486682420798,0.012948086549329888,0.0,0.0,0.0,0.0,0.0,0.06559547451405187,0.0,0.06539411452969232,9.490624618680261e-05,0.06559547451405187,0.009228136019631699,0.0687356091700871,0.0,0.029586278123164778,0.038928536300149724,0.690379204292632,0.020717348558432633,0.013555021367521368,0.0009025270758122743,0.012700788511805986,0.06373042393010991,0.4564656535561511,0.4911115915814564,0.43483904465212875,0.15693070650944338,0.48437913688112255,0.31496676280518837,0.32132889803512527,0.2933877333806377,0.4973860719313257,0.4902599875937272,0.4902599875937272,0.3356643356643357,0.3356643356643357,0.0012898074501735098,0.00047147571900047153,0.4771343109517742,0.5284817140746213,0.5221042522541749,0.5161457952133499,0.17355145992959206,0.38193733891126685,0.0
0.5384615384615384,0.8689138576779026,0.0,0.0022143489813994687,0.5336170168922225,0.5435917461361395,0.007640580643862369,0.004873026067631077,0.0010835387099515596,0.0,0.013296570463831531,0.0006247055690965323,0.002688469787439711,0.010648194964101526,0.001076862385516734,0.014907909866655907,0.10899387191092241,0.07968641965266197,6.00973577195056e-05,0.02287269030676314,0.08013909023631147,0.00024267672426868357,0.0,0.0030774525981191094,0.0,0.0841483479984875,0.0,6.109730764530977e-05,0.012374743450440661,0.00950046611989232,0.00451187015503876,0.0014914163090128754,0.02669203971082785,0.10899387191092241,0.00047432585176812527,0.0,0.0003744825561976863,0.0,9.458649935365892e-05,0.0003013863773357444,0.06318830113738942,0.0,0.06299433051025408,9.490624618680261e-05,0.06318830113738942,0.005990555337883818,0.06318950845930524,0.0,0.029586278123164778,0.03142042163473623,0.6959494830519566,0.010542275710122954,0.00921474358974359,0.0022200091290095025,0.01656200175706895,0.055960384878618305,0.4576751721344674,0.4911115915814564,0.4360966885889004,0.15648727160840176,0.48437913688112255,0.3142264447769021,0.31941194711470694,0.29089538338728993,0.5001407712053879,0.49297522010251493,0.49297522010251493,0.41083916083916083,0.41083916083916083,0.0005015917861785872,0.0002763823180347591,0.4804602293587889,0.5250408992558974,0.5217361148161981,0.5153772963478006,0.17516670118036862,0.3825201725187478,0.0
0.125,0.4664623765747361,0.0,0.011194764294852869,0.491440552667776,0.5052768414995067,0.0,0.0018758091975818372,0.0,0.0,0.0017482342833737925,0.0,0.0,0.00023258165638588332,0.0,0.00019164430816404754,0.008130732566988425,0.0,0.0,0.02542406665470709,0.0032238115996390954,0.004651303881816435,0.0,0.0,0.0,0.007950864068839358,0.0,0.0,0.0,0.0008170191371020959,0.0003431847545219638,0.0,0.00034233472280956125,0.008130732566988425,0.0,0.0,0.0,0.0,0.0,0.0,0.00031092656115223367,0.0,0.000309972102510774,9.490624618680261e-05,0.00031092656115223367,0.005588435444290929,4.004404845329863e-05,0.0,0.029586278123164778,0.0,0.6959494830519566,0.0014806567008599654,0.007233796296296296,0.0,4.3384418486100716e-05,4.02592696968477e-05,0.45350288786431203,0.4911115915814564,0.4317583939079266,0.15547370612030662,0.48437913688112255,0.31462745037555717,0.32132889803512527,0.2915694709299747,0.4955698473598499,0.48846978419614967,0.48846978419614967,0.3304195804195804,0.3304195804195804,0.0,0.00014632005072428425,0.4782951428633134,0.5260963639242175,0.5237688737128527,0.5166947229744565,0.17200248498653967,0.3812120348664016,0.0
0.7980769230769231,0.7337419135171944,0.0,0.23943263458321032,0.5342197585942209,0.6432711279184479,0.24370331595159958,0.0018758091975818372,0.0,0.0011162904808635918,0.24450305191756327,0.3286565757941954,0.06568123005044657,0.1560117302052786,0.00039449414122890255,0.5454398741199492,0.0,0.4976613657623947,0.0,0.0481671948813012,0.5225413367666589,0.00010111530177861816,0.0,0.008837553020256522,0.0,0.53578399811959,0.001366151585424655,0.3931102602745306,0.03582639140408064,0.020268359362725072,0.10254158591731266,0.0027360515021459227,0.5493062687528947,0.0,0.03153762312288067,0.0006670548996770606,0.267238849022803,0.0,0.27228300280606615,0.0,0.7977071673587289,0.01692623837335064,0.7795998360147586,0.0023455400843309785,0.7836653226615313,0.007825871775307776,0.7841025127640405,0.7531304983074216,0.029586278123164778,0.0,0.6384308336605157,0.029707896046054342,0.08135238603988604,0.03285406033445371,0.0422564236054621,0.8280325294899151,0.4316094919467146,0.4911590526765421,0.4090458059305411,0.1554918055040226,0.48437913688112255,0.31295402316578497,0.32132889803512527,0.2896625127500111,0.4750227718126363,0.46846739000315596,0.46846739000315596,0.3269230769230769,0.3269230769230769,0.0,0.00014632005072428425,0.47742586873420734,0.5232043907330202,0.5049031638478365,0.4856327307326355,0.22256367778007868,0.39325726275434214,0.0
0.9807692307692307,0.009874021109976166,0.0,0.006655348882983959,0.5102131232838604,0.5221092979283131,0.026676599085948983,0.006361439887451448,0.0,0.0,0.032617056772659615,0.05574217069823648,0.012787852546997875,0.019516634644554557,0.004392745572602916,0.09128320994129632,0.16229422838146354,0.052090535648920154,0.00019030829944510107,0.022254778847495462,0.05213856307215053,0.0003134574355137163,0.0,0.009070386604982638,0.0005160846378806124,0.06246231515263002,0.01035519941221041,0.00035640096126430697,0.06794035977302909,0.009290974033455884,0.016119589793281652,0.0,0.10165327533780381,0.16229422838146354,0.0230401259486517,0.0,0.00725686467010111,0.0,0.0005675189961219536,0.003978300180831826,0.2066558343864717,0.0,0.2060214580687738,9.490624618680261e-05,0.2066558343864717,0.0071762934856577235,0.20753829212133348,0.0,0.07483647556752597,0.1309603173735806,0.695908585263709,0.014782876501385895,0.014033564814814815,0.0043570272625420145,0.013915552229416804,0.20011876484560573,0.45820780416895535,0.4911115915814564,0.4366505134417907,0.157383191102343,0.48437913688112255,0.31527522865030766,0.32132889803512527,0.29418599494434344,0.4986226503629689,0.4914788494814395,0.4914788494814395,0.3479020979020979,0.3479020979020979,0.0008291619322543992,0.0003739290185176153,0.4746992635466385,0.5061269723995989,0.5497252307528144,0.5197321232525799,0.1752909505073514,0.3864704891916746,0.0
0.6057692307692307,0.6230847803881512,0.25,0.0004920775514221041,0.49925043660136104,0.5086012002630713,0.0,0.0018758091975818372,0.0,1.226692836113837e-05,0.0017582241935644998,0.0,0.0006142196892652522,0.00035392860754373547,4.264801526798947e-05,0.0009783946258901373,0.015390315216085233,0.0003762150730060601,0.0,0.022254778847495462,0.0003750975760586369,0.00468163847235002,0.0002906202320118185,0.00040492797343672497,0.000847853333661006,0.006346383787595426,0.0034440796271209793,0.0022300517290538063,0.0015392973560304237,0.0030271606490064836,0.00025234173126614985,8.583690987124464e-05,0.009232968847540225,0.015390315216085233,0.0003128532213789763,0.0,0.0,0.0,0.0,0.00028933092224231466,0.008665824155984833,0.000854423534501406,0.007849293563579277,0.0003118348088994943,0.00803394114461094,0.0063411213989647995,0.008479327259985986,0.005391556657646442,0.029586278123164778,0.0001639326346160151,0.6957777123413166,0.002487503257444742,0.007244925213675214,0.0001244864932154861,0.0028850638293256977,0.008877168968154919,0.45330869910173827,0.4911115915814564,0.431556478596977,0.15547370612030662,0.48437913688112255,0.3146120270833012,0.3212584218983452,0.2915073839194643,0.4954152750558945,0.48832830915561165,0.48832830915561165,0.3181818181818182,0.3181818181818182,0.0,0.00014632005072428425,0.4808543722868929,0.5233363238165601,0.5237688737128527,0.5163360901705335,0.17429695589148894,0.3826885466720201,0.0
0.5384615384615384,0.05515832482124617,0.75,0.0003075484696388151,0.4774383992828919,0.4867590841828346,0.01984134973524734,0.0018758091975818372,0.0,0.0,0.02143834726925805,0.00037891977141920816,0.03376194455912116,0.0031145717463848723,0.00013860604962096578,0.03739081317705917,0.028707894420635243,0.013248871354780981,0.0,0.022254778847495462,0.013209517340659564,1.0111530177861816e-05,0.001283572691385532,0.001639958292418736,0.0,0.015523602211525687,0.0,0.0,0.010573866151555394,0.0022729891378353182,0.0015746124031007752,1.072961373390558e-05,0.01357256489256731,0.028707894420635243,0.0,0.0,0.0,0.0,0.00038885560845393114,0.0,0.04775230185954144,0.0,0.0476057154856063,9.490624618680261e-05,0.04775230185954144,0.006310189099457654,0.048092902192411656,0.0,0.029586278123164778,0.034611643588594664,0.6959494830519566,0.006716258795100803,0.008691684472934474,0.005819743557823976,0.0050868230674953096,0.04800917911349089,0.45369707662688574,0.4911115915814564,0.4319603092188762,0.15550990488773858,0.48437913688112255,0.3144346592223576,0.32132889803512527,0.2913743403255133,0.49587899196776064,0.48877449966807773,0.48877449966807773,0.3706293706293706,0.3304195804195804,0.0,0.00014632005072428425,0.4802334621946743,0.5209931922528893,0.5270874459798325,0.5167971894898631,0.17306274591012633,0.3821316167804271,0.0
0.07692307692307693,0.9322437861763705,0.25,0.12364678673358923,0.4920432943697743,0.5012023183163433,0.40548430610642455,0.05427613134742229,0.0,0.013591756624141315,0.466558775636607,0.4459988120353112,0.5782324569794488,0.4169582364243099,0.04276529730997644,0.0,0.0,0.0,0.02035297181433923,0.22890629671709622,0.0,0.025754067363014044,0.0,0.14553111365315893,0.014327492565923668,0.0,0.0,0.4071931896867745,0.7042235100004024,0.18642700771978338,0.2954215116279069,0.12437768240343348,0.0,0.0,0.39357944453415145,0.048631478638360946,0.034826877726384826,0.010472601664311508,0.00156593204485502,0.0,0.0002708070048745261,0.0,0.0002699757021868032,0.24115677156066542,0.0002708070048745261,0.08083640937867322,0.0,0.0,0.07241651647394746,0.005999934426946154,0.6810217903415784,0.22444386534315697,0.11754362535612536,0.15421801734511806,0.0,0.0,0.5851351276374996,0.4807808932178095,0.5573266412830276,0.20004343852091838,0.47685332274291764,0.33822508752718355,0.32132889803512527,0.37247771519801326,0.5653702834745646,0.5572701846793414,0.5572701846793414,0.33916083916083917,0.33916083916083917,0.018947885637072753,0.005657708628005657,0.6688821458652787,0.34396538075887906,0.5451795336925785,0.5519505233111321,0.2789066059225513,0.4959849240373532,0.0
0.25,0.853592100783112,0.0,0.024726896958960735,0.588219233127096,0.6074533459388359,0.03989409893494937,0.0022224261145263073,0.007329820684966432,8.58684985279686e-05,0.04864087271855426,0.07207668516887532,0.007239736993142892,0.11301446051167965,0.0038169973664850575,0.19453914587157814,0.44719029118436343,0.010595029893846341,0.0,0.09654368235364469,0.08613051368092375,0.13981212776929533,0.0,0.0011742911229665023,0.0,0.2293180447823732,0.0,0.0827766689747872,0.10207654231558613,0.010925012307660078,0.02943313953488372,0.0007081545064377683,0.22373587869268413,0.44719029118436343,0.2557524624576134,0.0,0.0,0.0,0.0,0.0,0.5461374897193637,0.0,0.5444609985101341,9.490624618680261e-05,0.5461374897193637,0.006949456622605325,0.5461607768545399,0.006677710440481948,0.5392053623863429,0.007562758876952165,0.6977571652925011,0.002108455142024591,0.015936609686609687,0.0005083198472965683,0.005282052950682762,0.5360924352832239,0.46066567907810274,0.4911115915814564,0.4392061843775239,0.1592293282413734,0.48437913688112255,0.3147971065903728,0.32132889803512527,0.29544547430041246,0.5002843026304894,0.493116695143053,0.493116695143053,0.3304195804195804,0.3304195804195804,0.002057549980038694,0.0006828269033799932,0.4828574822365722,0.5145337484827696,0.5330736808408473,0.5196076996267291,0.176715676123421,0.38748073411130823,0.0
0.5096153846153846,0.20122574055158324,0.75,0.09752977069186104,0.669486330127297,0.7189195577112792,0.058758984477239325,0.009511575985564425,0.0,0.014241903827281648,0.07914006853078391,0.05887593961862237,0.006182473593587949,0.04972191323692993,0.02214498192790353,0.13468560246918562,0.6355589377978933,0.014946923170781307,0.09817905006109898,0.02237437461380534,0.1567502357032066,0.12709182280554515,0.0,0.05438182683255215,0.011230984738639994,0.3507169063167469,0.0,0.0,0.2689444243229104,0.0010055620148948872,0.0007368378552971576,0.025010729613733903,0.29354195614088086,0.6355589377978933,0.12389996770547392,0.0,0.0024695606408712285,0.0,0.20832151002091412,0.06993369499698614,0.1806182423622395,0.0,0.18006379425851674,9.490624618680261e-05,0.1806182423622395,0.028241189450023716,0.20200220242266495,0.0,0.029586278123164778,0.004087387023092644,0.6959494830519566,0.08631636303333255,0.029068732193732197,0.05281339474666998,0.019674833783446675,0.16510326502677242,0.47444198472011856,0.4911115915814564,0.4535306334371755,0.16548266531524602,0.48909849086576646,0.30966115026913643,0.32681194147661596,0.2927934719943235,0.5156421651163433,0.5082545244806234,0.5082545244806234,0.33916083916083917,0.33916083916083917,0.0,0.00014632005072428425,0.5019599162041337,0.5121114570689745,0.513445019473937,0.5152089585010612,0.17385794160281634,0.3813480293748139,0.0
0.9230769230769231,0.5825672454885938,1.0,0.003936620411376833,0.4939133391375127,0.5047116491285761,0.001218063580905595,0.0025180699554495315,0.0002443273561655477,0.00023307163886162905,0.003995964076282954,0.007168752432255289,0.0019534199953681794,0.0005763980179997978,0.0004158181488628973,0.009945330939460572,0.01896503384467497,0.005846585594013096,0.0,0.022254778847495462,0.005839356859723644,0.0,0.0,0.00044542077078039744,0.0,0.006325944548343911,0.0,0.008411062685837644,0.0039941245120527985,0.001016036619216709,0.0002018733850129199,0.00013948497854077255,0.012837552105358545,0.01896503384467497,8.073631519457452e-05,0.0,0.0,0.0,0.0,0.0,0.0368498124410744,0.0,0.03673669369756722,9.490624618680261e-05,0.0368498124410744,0.005588435444290929,0.036510161177295025,0.008735556493018758,0.04891557481622487,0.004207604288477722,0.6961948697814423,0.003553576082063917,0.008469106125356127,0.0006328063405120544,0.0012147637176108202,0.03656548170216192,0.4535805633693415,0.4911115915814564,0.4318391600323064,0.15555515334702855,0.48437913688112255,0.31460431543717327,0.32132889803512527,0.2916226883675551,0.49561953131469266,0.4885187563255667,0.4885187563255667,0.3304195804195804,0.3304195804195804,0.0,0.00014632005072428425,0.4790024404466233,0.5260172040740936,0.523176652616977,0.5167313181585302,0.17214330089045352,0.38135450530378584,0.0
0.38461538461538464,0.6983316309159006,0.25,0.0009349473477019978,0.49780282618886934,0.507337224597172,9.059977048058144e-05,0.0018758091975818372,0.0,0.0,0.001838143475090159,0.00010241074903221843,0.005215832771137715,0.0018707654970168876,0.0004797901717648815,0.0075951665288172526,0.019585853326390835,0.005917761418635864,0.0,0.022254778847495462,0.005900183493679099,0.0,0.0005085854060206824,0.0,0.00035634415472708946,0.006458799603478759,0.0,0.002270783267484013,0.006811139281258803,0.004944013239899864,0.00014131136950904394,0.0001609442060085837,0.013330916852937032,0.019585853326390835,0.0,0.0,0.0,0.0,0.0010719803260081345,0.0007474382157926461,0.041433471745802496,0.0038827601124810725,0.03771660550550451,0.0012337812004284338,0.0386752522517101,0.00606273070340049,0.03878266092701972,0.019631851341201163,0.029586278123164778,0.007672047300029508,0.6960394581861014,0.007154533178555353,0.007278311965811966,0.0013486036765010996,0.004891593184307856,0.037098917025645155,0.45454595893185085,0.4911115915814564,0.43284296757817003,0.15612528393408207,0.48437913688112255,0.31454262226814933,0.3213148028077693,0.29210164530577853,0.49627646360650307,0.48916627670341384,0.48916627670341384,0.36013986013986016,0.36013986013986016,0.0002354410424919899,0.0002113511843795217,0.47872168110057667,0.5256214048234735,0.5236995144854079,0.5165190660909024,0.17548974943052392,0.38378297866829003,0.0
0.21153846153846154,0.08580183861082738,0.25,0.07878161598267888,0.5431939128239737,0.5994584429463993,0.0,0.0019573661192158302,0.00013809807087617916,0.0,0.00194803248718794,0.008827806566577227,0.0690141270528531,0.03818384063100414,0.0003305221183269184,0.11618688346008756,0.5063884327312053,0.00026436734859885307,0.0,0.022254778847495462,0.00026358208047363676,0.10656541654448567,0.0,0.1822175880465262,0.0,0.2919336542293896,0.07345073818106675,0.018074620178404138,0.13754074610648317,0.0023044129508007836,3.0281007751937984e-05,0.00017167381974248928,0.22157111500432955,0.5063884327312053,0.0022505247860487645,0.0,0.0,0.0,0.0,0.02318264014466546,0.15654650859561495,0.0,0.15606595406413423,9.490624618680261e-05,0.15654650859561495,0.016425051038294187,0.1665031534688157,0.0,0.18742026285413418,0.0,0.6962194084543909,0.0016109544905356424,0.007634437321937323,7.261712104236691e-05,0.011637870258896517,0.16856556222070132,0.45286483907299835,0.4911115915814564,0.43109495788623514,0.15547370612030662,0.48437913688112255,0.3146120270833012,0.32132889803512527,0.29155173178411464,0.49494051726517435,0.4878494705568675,0.4878494705568675,0.3304195804195804,0.3304195804195804,0.0,0.00014632005072428425,0.35754702719046283,0.5487466357063697,0.6154617723950274,0.5102100563565835,0.18054255539449163,0.3821510445673432,0.0
0.3076923076923077,0.7994552264215186,0.25,0.03335055604763311,0.4920432943697743,0.5012023183163433,0.0,0.2357504765982608,0.005428316478286735,0.014892051030421983,0.0017482342833737925,0.0,0.20517958374029585,0.17605420163818383,0.30374982674243795,0.0,0.0,0.0,0.0014523528115547187,0.0978094042137575,0.0,0.8510976066008069,0.0,0.15976433191945982,0.3066894399252906,0.0,0.03733382315799142,0.17898456274693497,0.0,0.6351590568666268,0.6027232719638242,0.018884120171673822,0.0,0.0,0.08980905861456483,0.016930488644184446,0.003775189012479378,0.0,0.0,0.0017962628089210368,0.0002708070048745261,0.07252866104261302,0.0002699757021868032,9.490624618680261e-05,0.0002708070048745261,0.06905120326645083,0.0,0.0,0.029586278123164778,0.0,0.6924159141473629,0.11337092227144582,0.13019720441595442,0.10171583883148677,0.3225089209210512,0.0,0.6588602784112031,0.46651619741706174,0.618380062305296,0.21396186459851044,0.49434074662430494,0.3428366519117171,0.33208355650776644,0.3747571954410395,0.6223743409975434,0.6134575411637955,0.6134575411637955,0.34440559440559443,0.34440559440559443,0.018159669973077826,0.0048285616739013795,0.33788847374900116,0.3821679244287297,0.4855145921143893,0.11838542047866499,0.17200248498653967,0.7944734422152858,0.0
0.6153846153846154,0.13006469186244468,1.0,0.003690581635665781,0.4930427122346262,0.5037405458730682,0.0,0.0018758091975818372,0.0,8.58684985279686e-05,0.0018181636547087443,0.00011265182393544026,0.0068470391590224845,0.0013651532005258368,0.0008209742939087973,0.009067801738919934,0.014018504425842113,0.00019319152397608493,0.0,0.022254778847495462,0.000192617674192273,3.0334590533585446e-05,0.0,0.00018221758804652622,0.003293111498857241,0.0031476428447333193,0.0,0.0010488371145778177,0.009276027204314058,0.0010474604321821742,0.00046430878552971574,0.0,0.010994985803177672,0.014018504425842113,0.0,0.0,0.0,0.0,0.0,0.0,0.038364325690557866,0.0,0.03824655780979712,0.001003294602546199,0.03903632825820947,0.005639989276802837,0.03874261687856643,0.0,0.06367833782223932,0.0018141878230839006,0.6959494830519566,0.0032811352491056833,0.00734508547008547,3.1121623303871525e-05,0.0013449169730691223,0.03846773219533798,0.453769203881556,0.4911115915814564,0.4320353063343717,0.15563660057375048,0.48437913688112255,0.3146351620216851,0.32132889803512527,0.29173799281564594,0.49572441966380526,0.48862214193211373,0.48862214193211373,0.3321678321678322,0.3321678321678322,0.0,0.00014632005072428425,0.47841932488175715,0.5260330360441183,0.5237688737128527,0.5167752323794188,0.17215986746738454,0.3813998368065899,0.0
0.20192307692307693,0.8944501191692203,1.0,0.24095807499261884,0.4920432943697743,0.5012023183163433,0.06514123497553806,0.27861883353212824,0.7671347837171751,0.15567958783120706,0.0017482342833737925,0.1900333859041845,0.0,4.0448983719284053e-05,0.0,0.0,0.0,0.0,0.03146096676616118,0.022254778847495462,0.0,0.0,0.7349543484052214,0.0,0.6447125900076183,0.0,0.8581153996280395,0.012565679605718708,0.0,0.0007855953241366307,3.0281007751937984e-05,0.0,0.0,0.0,0.0,0.5539838000952936,0.0,0.0,0.0,0.18794454490657023,0.0002708070048745261,0.004423534501406013,0.0002699757021868032,9.490624618680261e-05,0.0002708070048745261,0.005588435444290929,0.0,0.06648900595746433,0.029586278123164778,0.0,0.6960721764166994,0.0014806567008599654,0.09578659188034187,0.0,0.0,0.0,0.45350288786431203,0.7697504073743996,0.4317583939079266,0.15547370612030662,0.47853455123113575,0.32596357018369143,0.4077749274095791,0.2915694709299747,0.4955698473598499,0.48846978419614967,0.48846978419614967,0.5017482517482518,0.5017482517482518,0.0,0.00014632005072428425,0.4782951428633134,0.8485460974193888,0.5237688737128527,0.5104076703505818,0.5351170014495754,0.6595345102254919,0.0
0.38461538461538464,0.33878106911814776,0.25,0.01771479185119575,0.5817384719209945,0.5980608763564617,0.10537759971008075,0.0018758091975818372,0.0,0.0013002944062806673,0.10738154463991369,0.2266964340577187,0.5009918137605349,0.11750429770452019,0.06591250759667772,0.9046418268745839,0.0,0.024291292146256152,0.0019231154470241792,0.022254778847495462,0.02615545260084549,0.14062105018352425,0.03673924099682739,0.12541631657268962,0.23338084588729693,0.5046959152180356,0.0,0.00262718422874832,0.24653909614068978,0.0048078433837161795,0.23638364018087854,0.2271030042918455,0.7020781731408204,0.0,0.5693928629097369,0.0,0.001184174569598089,0.0,0.00012611533247154522,0.015057263411693791,0.7211690838699324,0.0,0.7189552940235379,9.490624618680261e-05,0.7211690838699324,0.016466294104303714,0.7301131244368805,0.0,0.029586278123164778,0.7116206380258139,0.6971273393534879,0.04956054109118477,0.06443643162393163,0.004325905639238142,0.029121790908795107,0.7806171746044528,0.42782558520170666,0.4911115915814564,0.405059420791508,0.15547370612030662,0.48437913688112255,0.3027746502768481,0.3204972796211203,0.2774225021065236,0.4788263545778244,0.4719661765826159,0.4719661765826159,0.32342657342657344,0.32342657342657344,0.0,0.00014632005072428425,0.42047491523227437,0.5259169349306031,0.5814223976951395,0.517009441557491,0.17482708635328226,0.3836987915916539,0.0
0.11538461538461539,0.36840313244807626,0.5,0.3778909556146049,0.4920432943697743,0.5012023183163433,0.0,0.3379820778664709,0.13126752783207274,0.07879048086359176,0.0017482342833737925,0.8359482211252892,0.7809954386636191,0.5974112650419658,0.08035952276870915,0.0,0.0,0.0,0.2275185800997616,0.3603520102055054,0.0,0.958653953102723,0.0,0.0,0.0,0.0,0.011193258788143182,0.505132173842206,0.46841925228379405,0.005750557772680137,0.5023821059431524,0.0,0.0,0.0,0.0,0.001979988353009688,0.03540378328593261,0.0036583451091223114,0.0,0.04047016274864376,0.0002708070048745261,0.6661042613021847,0.0002699757021868032,0.297002318424014,0.0002708070048745261,0.024797393438228194,0.0,0.5941001553673769,0.029586278123164778,0.0,0.6805964533438033,0.39704105564900144,0.34972622863247865,0.29237727706543837,0.0,0.0,0.5935185339303252,0.4911115915814564,0.5773451021114572,0.23116532882055366,0.48437913688112255,0.3186143714237241,0.32132889803512527,0.370349017694798,0.5858566341880813,0.57746302604229,0.57746302604229,0.33916083916083917,0.33916083916083917,0.0628934680465559,0.017119445934741257,0.8381314385676956,0.22442345242493006,0.47417169076455207,0.518056063822001,0.17438807206460966,0.38428162519913484,0.0
0.6153846153846154,0.1627511065713313,0.25,0.12597185316405865,0.4920432943697743,0.5012023183163433,0.6889609212989993,0.1291046069466108,0.020502252060848134,0.058390578999018644,0.8769642660912479,0.4213178215185465,0.28677011066023583,0.4149458994842755,0.19138296851510272,0.0,0.0,0.0,0.017027584687193252,0.3329047818373896,0.0,0.0,0.0,0.5727706184262473,0.0,0.0,0.1259385116983905,0.5103661765304875,0.5847317799509035,0.12470016445128784,0.19342498385012918,0.02092274678111588,0.0,0.0,0.0,0.07602308221716342,0.15363905954272644,0.0,0.11213754978928231,0.08796865581675709,0.0002708070048745261,0.04672290720311486,0.0002699757021868032,1.0,0.0002708070048745261,0.25211886251623944,0.0,0.8137752214756814,0.3380044956562241,0.0,0.648099070802251,0.5161569259197839,0.15001780626780628,0.11224532138262998,0.0,0.0,0.8254575919483791,0.4911115915814564,0.8185127495096342,0.16217047809522087,0.48437913688112255,0.31886885574594753,0.32132889803512527,0.3030112200097565,0.8585387396836788,0.846238396326002,0.846238396326002,0.38636363636363635,0.38636363636363635,0.15723367011638975,0.027784551854200198,0.6789840831047664,0.09588896511689267,0.8008856639812195,0.5722462123984483,0.2071236280803479,0.4578222746052921,0.0
0.7788461538461539,0.06401089547156963,0.0,0.04044877472689696,0.5600552255644908,0.5859297928313055,0.16320038655902072,0.01439479666839975,0.02045976034673239,0.00011040235525024532,0.19530274422832938,0.16265899268787254,0.1147382517897959,0.034401860653251085,0.0032199251527332048,0.31247100119021204,0.7802198902551368,0.1688087200553138,0.0,0.17447029041838585,0.32322259506696,3.0334590533585446e-05,0.0,0.07374750716216352,1.2287729473347913e-05,0.400322939980174,0.0,0.15494277218850555,0.11354581673306773,0.017702081303878743,0.08923812984496124,0.0192274678111588,0.39013069131476674,0.7802198902551368,0.0904448570967221,0.0,0.00566784409380282,0.0,0.0,0.0,0.7448396220737799,0.07312351287043045,0.6749592536671699,0.018615182287782854,0.6907384004332912,0.006557647495514816,0.6901091200320353,0.4106843367047711,0.22903545898219962,0.0,0.6714189896610392,0.007758641112506218,0.03167289886039886,0.012894725922237437,0.060185034544843224,0.6656065058979831,0.4690546336212875,0.4911115915814564,0.44792892581054566,0.16036053972362244,0.48789383108286993,0.3174730477967827,0.32132889803512527,0.2949221694975387,0.5089569129702725,0.5016650524001784,0.5016650524001784,0.34265734265734266,0.34265734265734266,0.0,0.00014632005072428425,0.4708982139386217,0.41099266452055516,0.649549165021608,0.5195857425162849,0.1746862704493684,0.3858682277972776,0.0
0.6442307692307693,0.38508682328907046,1.0,0.32635813404192504,0.6839572826137353,0.8363973610654389,0.0,0.0018758091975818372,0.0,0.0007605495583905789,0.0023676087151976504,0.0,0.0,0.00042471432905248255,2.1324007633994736e-05,0.00040346170139799484,0.6542536147714983,6.100784967665839e-05,0.0,0.022254778847495462,6.082663395545463e-05,0.5991081630383126,0.0,0.0,0.0,0.6055737805438881,0.0,0.0,0.0,0.06319328787355057,0.0012919896640826874,1.072961373390558e-05,0.06124770937795767,0.6542536147714983,0.0,0.0,0.0,0.0,0.0,0.0,0.0002708070048745261,0.0,0.0002699757021868032,9.490624618680261e-05,0.0002708070048745261,0.009712742045243644,0.004004404845329863,0.0,0.029586278123164778,0.0,0.6959494830519566,0.004406434341759257,0.007233796296296296,0.0,0.0011388409852601438,0.003542815733322598,0.453769203881556,0.4911115915814564,0.4320353063343717,0.15547370612030662,0.48437913688112255,0.31462745037555717,0.3211738505342091,0.29146303605481394,0.4959010737254686,0.48879626505892976,0.48879626505892976,0.3304195804195804,0.3304195804195804,0.0,0.00014632005072428425,0.47648100555039635,0.552488257955565,0.530619431254335,0.5602283539486204,0.17207703458272935,0.41979561968164336,0.0
0.7211538461538461,0.1355124276472591,0.25,0.15796919594528097,0.4920432943697743,0.5012023183163433,0.0,0.0018758091975818372,0.0,0.0,0.0017482342833737925,0.0,1.0,4.0448983719284053e-05,0.05847042893241356,0.0,0.0,0.0,0.0011819147018169434,0.022254778847495462,0.0,0.3080983245194495,0.0,0.0,0.023813619719348256,0.0,0.02841365692374808,0.0,0.0,0.3516638908965214,0.6123627260981912,0.0,0.0,0.0,0.0,0.0,0.4964930214669595,0.12560841576385617,0.0015554224338157245,0.0,0.0002708070048745261,0.9206467661691542,0.0002699757021868032,0.45831582087123934,0.0002708070048745261,0.03377807106180273,0.0,0.0,0.029586278123164778,0.0,0.6425124329276273,0.1720286181327142,0.007233796296296296,0.6431075978256359,0.0,0.0,0.45350288786431203,0.4911115915814564,0.4317583939079266,0.4026660392213645,0.6643500132380196,0.5772090010333606,0.32132889803512527,0.594687125814892,0.4955698473598499,0.48846978419614967,0.48846978419614967,0.4143356643356643,0.4143356643356643,0.01087123422289101,0.004942366157798046,0.4782951428633134,0.5260963639242175,0.5237688737128527,0.7503769303959598,0.20106026092358667,0.6106930539185846,0.0
0.6346153846153846,0.26455566905005107,0.25,0.0037151855132368863,0.49066780689598327,0.5013821522525486,0.0,0.0018758091975818372,0.0,0.0,0.0017482342833737925,0.0005018126702578703,5.034587616928298e-05,0.00026291839417534634,0.0005331001908498684,0.0012608178168687337,0.001612128008971843,0.0015150282669703502,0.0,0.022254778847495462,0.0015105280765604567,0.0,0.0,0.0,1.2287729473347913e-05,0.0015329429438636294,0.0,5.091442303775814e-05,9.054690329590727e-05,0.0007960699284584524,0.0,0.0,0.00011075535149721098,0.001612128008971843,0.0,0.0,0.0,0.0,0.0,0.0,0.00041122545184650263,0.0,0.0004099631033207012,9.490624618680261e-05,0.00041122545184650263,0.005588435444290929,0.00014015416958654522,5.1446151313420244e-05,0.029636904882444665,0.0,0.6959822012825546,0.001539882968894364,0.007678952991452992,0.0002489729864309722,0.0003687675571318561,0.0011876484560570072,0.4529258698269501,0.49131725632682766,0.43137763932156453,0.15547370612030662,0.48437913688112255,0.31462745037555717,0.32132889803512527,0.2915694709299747,0.4952054983576693,0.4881106552470916,0.4881106552470916,0.3269230769230769,0.3269230769230769,0.0,0.00014632005072428425,0.478284344426927,0.5260963639242175,0.5237688737128527,0.5166800849008271,0.17202733485193622,0.3812185107953736,0.0
0.5769230769230769,0.7231869254341164,0.5,0.024284027162680837,0.6811444880044097,0.707754439329168,0.5914051017737422,0.036557890122437334,0.0,0.0019259077526987242,0.6241895685357789,0.12429592610040349,0.0965734596679186,0.15295783193447265,0.0060880041795054966,0.3774485082003591,0.0,0.6385488266156912,0.0,0.37695588909485933,0.9974554191461968,0.0005763572201381234,0.0,0.06443416377311885,0.0,0.0,0.0,0.07874424667019674,0.11765060968248219,0.01965035770773759,0.14022125322997414,0.0,0.3535814253206871,0.0,0.05145930889714194,0.02299751177934247,0.014756636944222343,0.001994033600251217,1.0509611039295436e-05,0.0,0.5356361958636737,0.016699113130002163,0.518563329300363,0.011483655788603116,0.5285851838478667,0.010970655558534222,0.5325458003804185,0.2414882342651946,0.07138373058463782,0.0,0.6953687344588405,0.02270735116438843,0.04369212962962963,0.02761525374496867,0.14319027321337544,0.48773098755988564,0.47978494981607556,0.49109049776141833,0.45906311295719393,0.16405281400168326,0.4893301562086312,0.3224470595493314,0.32132889803512527,0.30232826289414166,0.5150017941428138,0.5077103897093231,0.5077103897093231,0.3374125874125874,0.3374125874125874,0.004043443990623305,0.0013006226731047488,0.5207977884802281,0.32259222122539444,0.6748866243397534,0.49937056283393105,0.20651894802236487,0.39287518294499346,0.0
0.7788461538461539,0.8389513108614233,0.25,0.007258143883476036,0.4971073549942559,0.5092845692206511,0.00360385753689424,0.0035681153214871903,0.012917481091187219,0.0,0.01913067801520464,0.016826086065993485,0.004662028133275604,0.00509657194862979,0.0006823682442878315,0.026931068568316154,0.05989906676813394,0.02087485256436328,0.00010016226286584267,0.022254778847495462,0.020914224308350483,3.0334590533585446e-05,0.0,0.00024295678406203495,0.0,0.021359005017833235,0.0,0.02327807421286302,0.0024246448549237395,0.002712922519351831,0.011950904392764857,0.0,0.03919732576169476,0.05989906676813394,0.0017257387372840304,0.0,1.0121150167505037e-05,0.0,0.0,0.0,0.09371928346472488,0.00918234912394549,0.08495235428811405,9.490624618680261e-05,0.08521393753385087,0.0057327861753242735,0.08492341575733307,0.07174680262169587,0.029586278123164778,0.006754024546179823,0.6945262400209398,0.002487503257444742,0.010683760683760684,0.0033818830656873727,0.001681146216336403,0.0834675308989895,0.45455705543256936,0.4911115915814564,0.4328545055959386,0.1560890851666501,0.48437913688112255,0.31455033391427734,0.3213148028077693,0.29207503658698836,0.496304065803638,0.4891934834419789,0.4891934834419789,0.3339160839160839,0.3339160839160839,0.0005425380544380637,0.0002926401014485685,0.4775014577889122,0.5251622776927543,0.5255135250493517,0.5167166800849008,0.17350176019879893,0.38240360579725163,0.0
0.9711538461538461,0.763023493360572,1.0,0.013286093888396812,0.48429007845945404,0.49901862051956597,0.007982846443455677,0.0018758091975818372,0.034152715220531996,0.00011040235525024532,0.041877703519445364,0.0,0.00470230483421103,0.0017595307917888563,0.00019191606870595259,0.006616771902927115,0.04252613449753675,0.003985846178875015,5.008113143292133e-05,0.023709860670932247,0.0055048103729686436,0.000980818427252596,0.0025429270301034123,0.0009110879402326311,0.0,0.008543602007133295,0.0,0.015946397295425848,0.01196225200209264,0.000890341367354848,3.0281007751937984e-05,0.0069420600858369095,0.03434422763245333,0.04252613449753675,0.0,0.0,2.0242300335010073e-05,0.0,0.0,0.0,0.0299492487613087,0.0029093662124161797,0.027167554920057194,0.00033895087923858073,0.027431746604882547,0.005763718474831419,0.02728000800880969,0.020773955900359097,0.03222899495757477,0.0,0.6933892815076561,0.0036483381109189547,0.008457977207977209,0.0004045811029503299,0.0045662100456621,0.027376303393856435,0.45353062911610825,0.4915492883472465,0.43226606668974266,0.15547370612030662,0.48437913688112255,0.3145194873297654,0.32132889803512527,0.2914452969089539,0.49613293218140164,0.4890248016628758,0.4890248016628758,0.3339160839160839,0.3321678321678322,0.0,0.00014632005072428425,0.47746906247975296,0.5250303446092142,0.5257002614309342,0.5167459562321598,0.17201905156347072,0.38127679415612176,1.0
0.8269230769230769,0.7327204630575417,0.0,0.008795886231670111,0.503984792363211,0.5167862134166393,0.05478266121725825,0.006789613726029911,0.0,0.0,0.060918472342933634,0.029504536796182125,0.035946955584868046,0.011123470522803115,0.0024202748664584025,0.07842286820923525,0.16753114110626027,0.0611095294261195,0.0002403894308780224,0.022503936693974366,0.06142476252268327,0.004408627157547752,0.0,0.0027940030167134017,0.0005775232852473519,0.06967736660841484,0.0,0.05479410207323531,0.03549438609199566,0.0011312572667567483,0.0098312338501292,0.0,0.09981070903562295,0.16753114110626027,0.001311965121911836,0.0,0.0008096920134004028,0.0,0.0,0.002483423749246534,0.22986499769312552,0.0,0.22915937565619093,0.008378865734777717,0.23598323002547592,0.007145361186150578,0.2367804585043548,0.12216403090884771,0.0979324031510095,0.017628222642375492,0.6892667844522969,0.021274075477955984,0.015435808404558406,0.005581144445827627,0.010781027993796027,0.23510407021216637,0.4551340734699313,0.4911115915814564,0.4334544825199031,0.15547370612030662,0.48437913688112255,0.3160618165553619,0.32132889803512527,0.29321921149496655,0.49616605481796355,0.4890574497491539,0.4890574497491539,0.3356643356643357,0.3356643356643357,0.0,0.00014632005072428425,0.4843908602034426,0.5241912501978996,0.519676679293603,0.5167093610480861,0.1722592669289708,0.381425740522478,0.0
0.5384615384615384,0.33435478379298605,0.75,0.012609487255191417,0.49110054452818713,0.505528609010194,0.00031206587609978055,0.0018758091975818372,0.0,0.0,0.0020579214992857216,0.0001433750486451058,0.00040276700935426384,4.0448983719284053e-05,7.463402671898158e-05,0.0006152790946319421,0.009352345095526095,0.0021149387887908246,0.0,0.022254778847495462,0.002108656643789094,0.0,0.00012109176333825773,0.0053450492493647694,0.0,0.00757273814268633,0.0,0.00017310903832837767,0.0012575958791098234,0.0009636635976076004,0.0002018733850129199,0.00019313304721030043,0.0019432529853601562,0.009352345095526095,0.0,0.0,0.0015282936752932603,0.0,0.0,0.0,0.002527532045495577,0.0,0.002519773220410163,9.490624618680261e-05,0.002527532045495577,0.005588435444290929,0.002252477725498048,0.0017697476051816564,0.029586278123164778,0.0,0.6959494830519566,0.002001847859562673,0.007267183048433049,0.00022822523756172456,0.0009110727882081151,0.0032710656628688758,0.4529536110787463,0.4911115915814564,0.4311872620283835,0.15547370612030662,0.48437913688112255,0.31462745037555717,0.32132889803512527,0.2915694709299747,0.495023323856579,0.4879310907725625,0.4879310907725625,0.32867132867132864,0.32867132867132864,0.0,0.00014632005072428425,0.47822495302680174,0.5261227505409256,0.5238595742410499,0.5167605943057894,0.17206875129426383,0.38132212565892576,0.0
0.7980769230769231,0.7582567245488594,1.0,0.058667946068300364,0.4239386336824427,0.4577801298914831,0.008093579496265275,0.0018758091975818372,0.0001699668564629897,0.002024043179587831,0.01157830591102986,0.05132826741494787,0.3795776987906921,0.02124582869855395,9.595803435297629e-05,0.4520284037037784,0.3739736452116795,0.04323422947085859,2.0032452573168534e-05,0.022613566146425082,0.04349104327815006,0.017452501086989494,0.0,7.086239535142686e-05,0.0006758251210341353,0.062114848085354266,0.0,0.13032055720744573,0.011308302144955531,0.002838617771213692,0.16095364987080105,0.012972103004291845,0.31484725830161703,0.3739736452116795,0.1697481026965929,0.0,0.0001416961023450705,0.0,0.0,0.0,0.406160357866442,0.016677482154445165,0.38949494545490904,0.046748105264585046,0.42520711720928367,0.013115294991029631,0.4314445890479528,0.29753367150603466,0.07745894169822401,0.01980306226161463,0.7580241460541814,0.012923171685105778,0.017483529202279205,0.00796713556579111,0.002537988481436892,0.4623273883811748,0.4377569533447628,0.4911115915814564,0.41538594669435785,0.15547370612030662,0.48437913688112255,0.31462745037555717,0.32132889803512527,0.2915694709299747,0.4799028402660852,0.47290208838925224,0.47290208838925224,0.31993006993006995,0.31993006993006995,0.0,0.00014632005072428425,0.5140541649569143,0.5262810702411737,0.4885930747479058,0.5171631413306008,0.1729799130254711,0.38239065393930766,1.0
0.5769230769230769,0.7289751447054817,0.5,0.013532132664107863,0.5062875747631533,0.5210611229858599,0.00021139946445469004,0.0027933245659642575,0.0,0.00019627085377821392,0.0030169528775936304,0.0065645290129652005,0.003161721023430971,0.0019011022348063506,0.00014926805343796316,0.011629783542797199,0.0515280169824168,0.015312970268841257,0.0,0.022254778847495462,0.015267485122819113,0.0,0.0,0.012674245568569489,0.0,0.028185710927839263,0.0,0.0052340026882815366,0.015684735804257714,0.0010893588494694613,0.002917070413436692,0.0,0.02404397994321271,0.0515280169824168,0.0011202163733247217,0.0,0.0,0.0,0.0,0.0,0.07394034221981505,0.003742158771360588,0.07025367716905477,0.0017354285017015334,0.07167358729012456,0.0057327861753242735,0.07140854940434478,0.0328946691498009,0.04106842712784269,0.017562649588529086,0.6955977620730271,0.004370898580938617,0.008446848290598292,0.001058135192331632,0.004414364580960748,0.06800797133539997,0.4555890299993897,0.4911115915814564,0.4339275412484135,0.15547370612030662,0.48437913688112255,0.3153137868809476,0.32132889803512527,0.29235886292075036,0.4971542134753927,0.4900314509897811,0.4900314509897811,0.3356643356643357,0.3356643356643357,0.0,0.00014632005072428425,0.479018638101203,0.5248931342023325,0.5241743584271461,0.5165629803117909,0.17238351625595363,0.3813998368065899,0.0
0.6442307692307693,0.06877766428328226,0.25,0.0,0.4920432943697743,0.5012023183163433,0.0,0.6159076775647102,0.0,0.26676889106967616,0.0017482342833737925,0.0,0.5553351524976589,4.0448983719284053e-05,0.5460545254875201,0.0,0.0,0.0,0.0015825637532803141,0.022254778847495462,0.0,0.0,0.0,0.0,0.1925487208473618,0.0,0.0,0.8313510651297299,0.4519195943498732,0.0007855953241366307,0.4125383559431524,0.6163626609442061,0.0,0.0,0.0,1.0,0.10201107253828326,0.0,0.0,0.9491380349608197,0.0002708070048745261,0.0,0.0002699757021868032,9.490624618680261e-05,0.0002708070048745261,0.30555956529808426,0.0,0.0,0.029586278123164778,0.0,0.6959494830519566,0.06368008339058538,0.8838363603988604,0.5720673056973319,0.42567706808099876,0.0,0.5596020794842347,0.38835832072098675,0.4296700126918195,0.15547370612030662,0.48437913688112255,0.5384965374708885,0.32132889803512527,0.5490531730897157,0.33331309172210105,0.3285376922156079,0.3285376922156079,0.32867132867132864,0.32867132867132864,0.0,0.00014632005072428425,0.9607044899898496,0.5260963639242175,0.5237688737128527,0.42522871990046107,0.5456119279353904,0.5923726508567655,0.0
0.8557692307692307,0.5161729656111679,0.75,0.00024603877571105205,0.49204844600825287,0.5013102186780665,0.0,0.0018758091975818372,0.0,0.0,0.0017482342833737925,0.0,0.0,4.0448983719284053e-05,0.0,0.0,0.00021027756638763168,0.0,0.0,0.022254778847495462,0.0,0.0001921190733793745,0.0,0.0,0.0,0.00019417277288939305,0.0,0.0,0.0,0.0008065445327802742,3.0281007751937984e-05,0.0,2.0137336635856544e-05,0.00021027756638763168,0.0,0.0,0.0,0.0,0.0,0.0,0.0002708070048745261,0.0,0.0002699757021868032,9.490624618680261e-05,0.0002708070048745261,0.005588435444290929,0.0,0.0,0.029586278123164778,0.0,0.6959494830519566,0.0014806567008599654,0.007233796296296296,0.0,0.0,0.0,0.45350288786431203,0.4911115915814564,0.4317583939079266,0.15547370612030662,0.48437913688112255,0.31462745037555717,0.32132889803512527,0.2915694709299747,0.4955698473598499,0.48846978419614967,0.48846978419614967,0.3304195804195804,0.3304195804195804,0.0,0.00014632005072428425,0.4782951428633134,0.5260963639242175,0.5237688737128527,0.5166947229744565,0.17201076827500517,0.3812249867243456,0.0
0.15384615384615385,0.48552945182158663,0.25,0.030939376045664796,0.5005486494979728,0.5226076948372246,0.0016207292274859572,0.00276274072035151,0.0,0.002085377821393523,0.005914026832898772,0.004024742436966184,0.005356801224411708,0.021235716452624127,0.0009382563358957683,0.03135906074115915,0.07702166860255538,0.0334323016228088,0.0,0.030177998365524525,0.04138238663436097,3.0334590533585446e-05,0.0,0.007653138697954101,0.0,0.049473178608292194,0.0,0.0070160074946030715,0.0048191074087488425,0.0018435303606406266,0.01592781007751938,6.437768240343347e-05,0.028695704706095573,0.07702166860255538,0.027944857096722106,0.0,0.0,0.0,0.0,0.0,0.029477843975045638,0.002617348042396712,0.026977572018518334,9.490624618680261e-05,0.027060640709313757,0.00773307487678634,0.028821703874261688,0.022512835814752698,0.03270488649480569,0.0,0.6976017536971602,0.006633342019852644,0.0073562143874643885,0.00488609485870783,0.005694204926300719,0.04166834413623737,0.4465009959109395,0.4911115915814564,0.4244779046959732,0.15547370612030662,0.48437913688112255,0.3112420377253729,0.32132889803512527,0.2876757284136769,0.4910265257114466,0.4839915550283494,0.4839915550283494,0.32517482517482516,0.32517482517482516,0.0,0.00014632005072428425,0.4778740038442434,0.5271148873291466,0.5235287840793896,0.5172070555514894,0.1722592669289708,0.38186610369257473,0.0
0.5384615384615384,0.891726251276813,0.0,0.026805924613719122,0.6635104294920999,0.6834203387043735,0.0016207292274859572,0.007013895260523391,0.01372482365938642,0.0013125613346418057,0.022357419006803127,0.2282428363681052,0.1256633069185303,0.08833046819698656,0.014180465076606499,0.45215952875673276,0.8246385228501623,0.05846585594013096,0.012500250405657165,0.022713229285016644,0.0730325118358492,0.1945559521522392,0.0,0.030804895579198847,0.000995306087341181,0.30219415233365016,0.005740132711868299,0.0,0.19447462674554308,0.25796855523782586,0.06680999677002583,0.019141630901287555,0.531464588493526,0.8246385228501623,0.13806919102212176,0.0,0.010475390423367712,0.00962474485790548,0.06409811772866286,0.016732971669680533,0.3340354255681932,0.0,0.3330100290973812,0.013069945903439673,0.3436340294076347,0.020466871507227848,0.3571628791670838,0.0,0.029586278123164778,0.0,0.6959494830519566,0.14807751533960342,0.040609419515669515,0.011898833976513548,0.11786461892211413,0.27566528443174043,0.49948678684176945,0.4911115915814564,0.47957193954078686,0.17929249509054218,0.48437913688112255,0.31512099572774804,0.32132889803512527,0.31548183954942566,0.526434624196086,0.5188923592595414,0.5188923592595414,0.3356643356643357,0.3356643356643357,0.008138070816570956,0.0021460274106228357,0.5610543593287692,0.5221067074779672,0.5188763805153924,0.6166361706799385,0.26160281631807825,0.5396844927404837,0.0
0.2403846153846154,0.6438542730677562,1.0,0.0860397598661549,0.783857855991098,0.828186657349556,0.09168696772634842,0.004913804528448073,0.0,0.0006746810598626104,0.09626277459765636,0.024875570939925852,0.24898049600757202,0.14579836181615935,0.006749048416159333,0.42569244114502436,0.0,0.14703908569569285,1.0016226286584267e-05,0.20211684506368477,0.3295587027706532,0.13469569349929725,0.0,0.06897948027494609,0.0,0.5379914359587535,0.0,0.36139057472200725,0.23727312970340858,0.0021368192816516355,0.03492409560723514,0.0,0.6309027568013855,0.0,0.15355037946068142,0.0,0.0,0.0,0.0,0.0,0.05621752823413773,0.0,0.056044955953964144,9.490624618680261e-05,0.05621752823413773,0.008001154805848266,0.058184002402642904,0.0,0.029586278123164778,0.04778089856941454,0.6959494830519566,0.008457511075312122,0.013688568376068378,0.006307315656251296,0.020249677328387512,0.08067957647248279,0.44127454407252675,0.4911115915814564,0.4190434983269874,0.15547370612030662,0.48437913688112255,0.31456575720653335,0.32132889803512527,0.29149851434653423,0.4834469623782053,0.47562820359346597,0.47562820359346597,0.32517482517482516,0.32517482517482516,0.0,0.00014632005072428425,0.47293911841565345,0.5162172146287403,0.5382436109480873,0.5155968674522432,0.17431352246841997,0.382047429703791,0.0
0.10576923076923077,0.5216207013959823,1.0,0.397328018895778,0.4920432943697743,0.5012023183163433,0.02245867643801969,0.019706191189813538,0.0,0.03529195289499509,0.07024904846105433,0.012473629232124204,0.21683968866110176,0.1042774800283143,0.029341834504376753,0.3612293478041597,0.0,0.5280127709765323,0.0021034075201826962,0.11167254679184356,0.6195294046086314,0.0,0.0,0.10431956915663626,0.0,0.0,0.05660918880444517,0.1552686244959472,0.23208177391444323,0.019398967204013868,0.038507348191214465,0.005,0.4964054854104996,0.0,0.16223962538349748,0.0029541002699984115,0.004078823517504529,0.0,0.0,0.0,0.0002708070048745261,0.18074843175427213,0.0002699757021868032,0.1944900145070976,0.0002708070048745261,0.02614810385004021,0.0,0.9281194373848892,0.029586278123164778,0.0,0.6956795576495224,0.22470446092250834,0.022858796296296297,0.07144487323125441,0.45461447521122783,0.0,0.49249044313875623,0.4911115915814564,0.47229721933771773,0.16779938643089204,0.4920439502250463,0.3202415287567284,0.29776167789586444,0.2850059869617278,0.538447100389191,0.5307327318830327,0.5307327318830327,0.3339160839160839,0.3339160839160839,0.0,0.00014632005072428425,0.5411960348141589,0.49858567734445086,0.4761244197833858,0.4984483641952719,0.20737212673431354,0.3927197606496652,0.0
0.6346153846153846,0.7494041538985359,1.0,0.007454974904044877,0.49390303586055545,0.5061708730680697,0.0013891964807022487,0.0027933245659642575,0.0,0.0001717369970559372,0.00416579254952498,0.022694221985539602,0.007723057404368008,0.003660633026595207,4.264801526798947e-05,0.03373948477940732,0.045600192253774985,0.007392117785821775,0.0,0.022254778847495462,0.007370160480935919,0.0,0.0,0.0006073919601550874,0.0019045980683689268,0.009626881687463593,0.0,0.011801963260152336,0.019749285685540664,0.0033623479873047795,0.0024931363049095602,0.0,0.03636802996435692,0.045600192253774985,0.0039863555627321174,0.0,3.0363450502515105e-05,0.0,0.0,0.0,0.04644841628051594,0.003049967553536664,0.0434860862522373,0.00017625445720406197,0.04368016689735412,0.006609201328026726,0.04431875062568826,0.032205290722201074,0.03321115408760454,0.0025136337307788983,0.6966692841251145,0.002179526663665869,0.010372150997150997,0.0008091622059006598,0.0015943773793642012,0.04400338177865454,0.4538080416340707,0.4911115915814564,0.4320756893965616,0.15547370612030662,0.48437913688112255,0.314704566836837,0.3213148028077693,0.2916492970863453,0.4958237875734909,0.48872008619094776,0.48872008619094776,0.3321678321678322,0.3321678321678322,0.0,0.00014632005072428425,0.474974623674492,0.5260013721040688,0.5273968948407405,0.5170460367415648,0.1736508593911783,0.38280511339351636,0.0
0.15384615384615385,0.4484167517875383,1.0,0.026879736246432438,0.733052397314966,0.7528054094048011,0.028971793271457047,0.020307673486864235,0.0001699668564629897,0.006746810598626103,0.05421524260496899,0.055353009851914055,0.028475627561346452,0.02493679846293862,0.008753505133754839,0.11615662383248271,0.6582288620979694,0.22362427298979135,4.006490514633707e-05,0.02302218501465048,0.22377104854979166,0.24358676198469115,0.0,0.03233349867892249,0.0,0.5044097658685144,0.02600280118476339,0.03834874343203942,0.03981045514910057,0.0029643130230755533,0.03997093023255814,0.023873390557939914,0.16491471837934715,0.6582288620979694,0.19350476344259648,8.470538408597597e-05,0.003663856360636823,0.0,0.00021019222078590873,0.011778179626280891,0.33233034442639064,0.036123729180186026,0.29791318781309684,0.017720351966593,0.3118693707247598,0.037500257769162555,0.341996195815397,0.22051878298984454,0.03002166825297179,0.0,0.6995239497447978,0.022411219824216438,0.014389690170940172,0.01935764969500809,0.06821115196477186,0.3268750754861307,0.46285168971964696,0.4904682300702951,0.44077535479404634,0.15737414141048497,0.4845578501456182,0.31355553156376764,0.3211879457615651,0.29187990598252694,0.5040105992436998,0.49678960484932905,0.49678960484932905,0.3374125874125874,0.3374125874125874,0.006704951427489277,0.002276089677933311,0.48762499190117276,0.5274209720829595,0.5124366430133916,0.5156334626363169,0.1736508593911783,0.3815682109598622,0.0
0.5384615384615384,0.8767449778685734,0.25,0.008574451333530164,0.4922132984395687,0.5049480023018744,0.0058789184400732854,0.001947171504011581,0.0,0.0,0.007652271206081858,0.0,0.0,0.00010112245929821014,0.0,6.051925520969922e-05,0.013287539552208917,0.0013218367429942653,0.0,0.022254778847495462,0.0013179104023681837,0.0064713793138315625,0.0,0.0053450492493647694,0.0,0.013254846654607516,0.0,0.0,0.0,0.0010893588494694613,3.0281007751937984e-05,0.0,0.00029199138121991985,0.013287539552208917,0.0,0.0,0.0,0.0,0.0,0.0,0.00046137489719363706,0.0,0.0004599586037256647,9.490624618680261e-05,0.00046137489719363706,0.005588435444290929,0.0001902092301531685,0.0,0.029586278123164778,0.0,0.6959494830519566,0.0015280377152874843,0.007233796296296296,5.1869372173119215e-05,7.592273235067626e-05,0.0001610370787873908,0.45351953261538974,0.4911115915814564,0.4317757009345794,0.15548275581216459,0.48437913688112255,0.31462745037555717,0.32132889803512527,0.29157834050290476,0.4955808882387038,0.48848066689157565,0.48848066689157565,0.3304195804195804,0.3304195804195804,0.0,0.00014632005072428425,0.47554154158477857,0.52603831336746,0.5266926319159153,0.5168923369684549,0.17202733485193622,0.3813998368065899,0.0
0.6442307692307693,0.6019748042219952,1.0,0.0,0.4920432943697743,0.5012023183163433,0.0,1.0,0.0,0.0,0.0017482342833737925,0.0,0.0,4.0448983719284053e-05,0.0,0.0,0.0,0.0,0.2625853883290932,0.022254778847495462,0.0,0.0,0.0,0.0,0.0,0.0,0.0,0.0,0.0,0.0007855953241366307,3.0281007751937984e-05,0.0,0.0,0.0,0.0,0.0,0.8927967774257867,0.0,0.0035837773643997437,0.0,0.0002708070048745261,0.7242483235993943,0.0002699757021868032,0.7079463644128694,0.0002708070048745261,0.005588435444290929,0.0,0.0,0.029586278123164778,0.0,0.6959494830519566,0.0014806567008599654,0.007233796296296296,0.0,0.0,0.0,0.45350288786431203,0.4911115915814564,0.4317583939079266,0.15547370612030662,0.48437913688112255,1.0,0.32132889803512527,0.5184442769080668,0.4955698473598499,0.48846978419614967,0.48846978419614967,0.3513986013986014,0.3513986013986014,0.0,0.6787461997431269,0.4782951428633134,0.5260963639242175,0.5237688737128527,0.5166947229744565,0.17200248498653967,0.3812120348664016,0.0
0.36538461538461536,0.8729996595165135,0.0,0.004687038677295542,0.5002034897199054,0.5112987093061493,0.0009663975517928688,0.003517142245465945,0.0,0.00019627085377821392,0.004475479765436909,0.033938922229277184,0.02773050859404106,0.0020123369400343815,0.000959580343529763,0.06407980472453653,0.08601353786998839,0.014519868223044697,0.0,0.022254778847495462,0.014476738881398202,0.000707807112450327,0.0,0.0021866110565583147,0.0,0.017516428038548405,0.0,0.017881145370860656,0.04433780031389593,0.0045459782756706365,0.003482315891472868,0.00013948497854077255,0.0692321633540748,0.08601353786998839,0.025078717907314713,0.0,0.00015181725251257552,0.00015701051970482024,0.0,0.0008318264014466546,0.10273615373813966,0.009398658879515465,0.09373156415922566,9.490624618680261e-05,0.09402018013680769,0.006485472129998144,0.09444388827710481,0.07781744847667946,0.029586278123164778,0.006426159276947793,0.6950497317105091,0.004477505863400535,0.011306980056980057,0.0010270135690277605,0.005401360101519539,0.09317001489592978,0.4544849281778991,0.4911115915814564,0.432779508480443,0.15608003547479207,0.48437913688112255,0.3145966037910452,0.32132889803512527,0.2921282540245687,0.4961991774545254,0.4891009805308578,0.4891009805308578,0.3356643356643357,0.3356643356643357,0.00019449477423251339,0.00019509340096571232,0.4724045958145261,0.5247928650588422,0.5316171370645041,0.5176608358340042,0.1738827914682129,0.3835368933673536,0.0
0.20192307692307693,0.39768471229145386,0.25,0.009755437456943215,0.5016562517708757,0.5149878740545873,0.003956189977652057,0.003078773791683233,0.009061358035183138,0.00039254170755642783,0.015684158999410596,0.006595252237674866,0.016191233776041404,0.010324603094347254,0.0007889882824578051,0.033719311694337416,0.07431809989185725,0.019308984422662382,0.0,0.022254778847495462,0.01925162964690139,2.0223060355723633e-05,0.0,0.0018221758804652622,0.0,0.021267028441201416,0.0,0.0341024805506904,0.011871705098796733,0.0016130890655605484,0.007428940568475453,0.0,0.05377675748605489,0.07431809989185725,0.0006357984821572743,0.0,0.026841290244223354,0.0,0.015470147449842882,0.0,0.04680949228701531,0.0,0.04666580007799298,9.490624618680261e-05,0.04680949228701531,0.005969933804879055,0.04682150365401942,0.0,0.029586278123164778,0.0,0.6959494830519566,0.007225604700196631,0.011518429487179488,0.003340387567948878,0.03369884705907873,0.04325858528926285,0.4556001265001082,0.4910588570313612,0.4338871581862236,0.15614338331779806,0.48437913688112255,0.31506701420485217,0.32132889803512527,0.292731384983813,0.4968837119434707,0.48976482495184404,0.48976482495184404,0.3339160839160839,0.3304195804195804,0.0,0.00014632005072428425,0.4770155281515237,0.5294369095994511,0.5215707197353678,0.5165849374222352,0.17278111410229863,0.38172363325519043,0.0
0.4423076923076923,0.3432073544433095,0.5,0.006618443066627301,0.5394641265654542,0.5512629480434068,0.0,0.0076561560183910846,0.001412849494348602,0.0015824337585868499,0.010029869831470214,0.002068697130450812,0.008156031939423842,0.011244817473960967,0.007527374694800141,0.028504569203768336,0.134157087355309,0.06323463618985642,9.01460365792584e-05,0.02282285873746736,0.06371589906833873,6.066918106717089e-05,0.0,0.0017816830831215897,0.0005406600968273082,0.06653994338330728,0.0,0.0240825220968596,0.039689725944706024,0.004765944966428893,0.002018733850129199,0.0,0.06934291870557201,0.134157087355309,0.01462336508961731,0.00023293980623643388,0.000273271054522636,0.0,0.0,0.0,0.17087922007582598,0.020030283365779795,0.15183633472987432,0.0014100356576324958,0.1532767647589818,0.006640133627533871,0.15372910201221343,0.05194003436602908,0.03022417529009133,0.054086840580977256,0.6858804475853947,0.016583355049631612,0.009092325498575499,0.008983775260384248,0.0106834130522023,0.12200571681629696,0.4714514777764832,0.4911115915814564,0.45042113764855196,0.1663333363498973,0.48437913688112255,0.31302342798093685,0.32132889803512527,0.3003769568495277,0.5079466725551354,0.500467955903318,0.500467955903318,0.3374125874125874,0.3374125874125874,0.004125336527142258,0.00126810710627713,0.48395352352979293,0.5256530687635231,0.5148108627220829,0.5114616116519066,0.18107268585628494,0.38367288787576576,0.0
0.1346153846153846,0.3054136874361593,0.0,0.007836335006397008,0.4931611999196344,0.5055851282472871,0.0,0.0018758091975818372,0.0,0.0,0.0017482342833737925,0.003359072568256764,0.0,4.0448983719284053e-05,0.0,0.0033083859514635573,0.011825609804942525,0.0003558791231138406,0.0,0.022254778847495462,0.00035482203140681863,0.0,0.0,0.0,0.0,0.0003576866869015135,0.013144903910178403,0.0,0.0,0.0007960699284584524,3.0281007751937984e-05,0.0,0.0115386938923458,0.011825609804942525,0.0,0.0,0.0,0.0,0.0,0.0,0.0002708070048745261,0.0,0.0002699757021868032,9.490624618680261e-05,0.0002708070048745261,0.005650300043305218,6.006607267994794e-05,0.0,0.029586278123164778,0.0,0.6959494830519566,0.0014806567008599654,0.007233796296296296,5.1869372173119215e-05,0.0,5.032408712105963e-05,0.4535139843650305,0.4911115915814564,0.4317699319256951,0.15547370612030662,0.48437913688112255,0.31462745037555717,0.32132889803512527,0.2915694709299747,0.4955808882387038,0.48848066689157565,0.48848066689157565,0.3304195804195804,0.3304195804195804,0.0,0.00014632005072428425,0.47832753817247264,0.5259169349306031,0.5239182628181187,0.5166947229744565,0.17201076827500517,0.3812185107953736,0.0
0.9711538461538461,0.26557711950970375,0.75,0.050228816061411274,0.4639514097458697,0.49416310424202564,0.0004227989289093801,0.0018758091975818372,0.0,0.0,0.0021678105113835024,0.03518833336747025,0.001590929686949342,0.008332490646172513,9.595803435297629e-05,0.044612777632083274,0.0309909079985581,0.02242038475617196,0.0,0.022254778847495462,0.022353787978629577,0.0,0.0,0.0045453165018272375,0.0010321692757612247,0.027981318535324113,0.0,0.0034214492281373467,0.00017103303955893597,0.0007960699284584524,5.046834625322998e-05,0.0,0.0035945145895003926,0.0309909079985581,0.0053992410786371705,0.0,0.0,0.0,0.0,0.0,0.017732843874746745,0.0,0.017678408943195112,9.490624618680261e-05,0.017732843874746745,0.005980244571381436,0.017799579537491242,0.01628785150582885,0.029586278123164778,0.0010163823346192938,0.6960885355319985,0.002700717822368577,0.014066951566951568,0.0020955226357940162,0.0005531513356977841,0.026802608800676357,0.4485982345467357,0.4911115915814564,0.4266585900542286,0.15547370612030662,0.48437913688112255,0.31462745037555717,0.32132889803512527,0.2915694709299747,0.4906897789064009,0.4836596328178563,0.4836596328178563,0.3304195804195804,0.3304195804195804,0.0,0.00014632005072428425,0.47804137960823273,0.5263180115045648,0.5237528677372886,0.5166361706799385,0.17207703458272935,0.3812185107953736,0.0
0.6153846153846154,0.978890023833844,0.5,0.43467670504871564,0.8853090725505246,0.5012023183163433,0.009583442388612615,0.12477189548480491,0.0,0.03199214916584887,0.15774068191126964,0.16710361919587077,0.47254639372489,4.0448983719284053e-05,0.093111279333838,0.0,0.0,0.891589051124578,0.05985696828862758,0.5024218142677749,0.0,0.3113845718272546,0.0,0.3471447516273043,0.006045562900887174,0.0,0.0,0.5372388090098164,0.20788562920037024,0.19344499261540396,0.1766392118863049,0.0,0.0,0.0,0.0,0.02755042617396368,0.0789753347570418,0.0,0.2986831457367763,0.021952983725135624,0.0002708070048745261,0.006240536448193813,0.0002699757021868032,0.3631384139810458,0.0002708070048745261,0.05250242303012806,0.0,0.8841535564724403,0.29429335169397136,0.0,0.628100052349169,0.3581057070431878,0.17903089387464388,0.08378978380845678,0.586915259384592,0.0,0.6762984292903234,0.643082018045763,0.8296700126918195,0.3071193925846825,0.48437913688112255,0.24939463577895335,0.32132889803512527,0.365169187103641,0.8305280300311905,0.818628998030232,0.8273025062847565,0.43006993006993005,0.42832167832167833,0.056086150948417936,0.015298574192394608,0.4782951428633134,0.7806480553063486,0.5237688737128527,0.5678255141623362,0.23234624145785876,0.47363001722597114,0.0
0.23076923076923078,0.30949948927477017,0.0,0.014750024603877572,0.6599712538572894,0.6748499671160803,0.2047554812861141,0.023162165744053987,0.28387651907877964,0.0016683022571148186,0.4941209378527687,0.719650574524302,0.1822722100832721,0.0552431995146122,0.009094689255898753,0.9550442799217285,0.0,0.22297352259324033,0.0,0.022254778847495462,0.22231120933486076,0.4008615023711538,0.0,0.05879554174301246,0.0,0.6886081900031681,0.0,0.06542503360351921,0.330466014728963,0.18011082131372486,0.4652474967700258,0.0848068669527897,0.0,0.0,0.0,0.0,0.0001416961023450705,0.0,0.0,0.006027727546714889,0.0002708070048745261,0.0,0.0002699757021868032,9.490624618680261e-05,0.0002708070048745261,0.011403707751634256,0.0,0.0,0.029586278123164778,0.0,0.6887105745321294,0.04325886617232475,0.08978810541310543,0.023579816589899997,0.025119578303452315,0.0,0.4975282544649545,0.4911115915814564,0.47753547940463825,0.17922009755567825,0.48437913688112255,0.31701806067523175,0.3213429932624813,0.31760166747971086,0.5231720444947418,0.5156765227611575,0.5156765227611575,0.40559440559440557,0.38986013986013984,0.00621359620837556,0.0018208717423466485,0.4967820659568495,0.34753285133780143,0.6678706717174411,0.4917880406938447,0.3420004141644233,0.4920799388672305,0.0
0.2403846153846154,0.03643173306094655,1.0,0.07317193189646688,0.6817523813448867,0.7209748026964814,0.2995329078499668,0.053011999062095395,0.0008604572108438854,0.0018277723258096172,0.351405080868323,0.12312844356143621,0.26990424214352604,0.6967135200728082,0.006557132347453381,0.0,0.0,0.07048440232643266,0.0,0.022254778847495462,0.0702750377632019,0.02967734107202443,0.0,0.000819979146209368,0.0,0.1016647760370359,0.00013776318508483917,0.0,0.07871544126524205,0.04460086520231698,0.26423207364341084,0.0,0.0,0.0,0.0780922008719522,0.0,0.0010627207675880288,0.0,0.0019758068753875416,0.0,0.7727728631321338,0.0,0.7704006639402454,9.490624618680261e-05,0.7727728631321338,0.023642587589961437,0.7885774351786966,0.0,0.029586278123164778,0.6513590015409668,0.697928936003141,0.03623463078344507,0.05318509615384616,0.004149549773849537,0.07157344439744465,0.7438302669189581,0.4805062223627779,0.4911115915814564,0.4598361601476866,0.16473154089103267,0.4883306857294149,0.3243518361429431,0.3231471823640515,0.3076766153709699,0.5124127080515609,0.5050713360685174,0.5050713360685174,0.33916083916083917,0.33916083916083917,0.004862369355812835,0.0013006226731047488,0.506722026650541,0.529357749749327,0.48868377527610307,0.5116226304618312,0.21239179954441917,0.4083008457563238,0.0
0.38461538461538464,0.4885938032005448,0.25,0.009657021946658793,0.6067908898425144,0.6196820536007892,0.05744025448468864,0.01994066733951127,0.0,0.0,0.07645278268948362,0.05752411773139709,0.10896861438079607,0.06465770047527555,0.013817956946828589,0.24333783865566563,0.5473525053070053,0.19085288973847966,0.003115046375127707,0.02552372979329865,0.19676402307356983,0.01669413632364986,0.0,0.013018434345990705,0.00017202821262687082,0.22851069483193834,0.0,0.1948291311962853,0.1056179323111594,0.00625333878012758,0.018875161498708014,0.003025751072961373,0.32524819267403693,0.5473525053070053,0.1168557242047473,0.0058129069829001,0.000860297764237928,4.7103155911446066e-05,0.0,0.007245328511151295,0.9226394656075104,0.07768764871295696,0.8479836814686678,0.07783667990834768,0.9081061563459109,0.007434062648217268,0.9079187105816398,0.40317319861301176,0.15574816224863813,0.0,0.668016293678838,0.10410793395086589,0.026642628205128208,0.029378812398854724,0.25386392477141834,0.8542513788799871,0.4857715119537054,0.4911115915814564,0.46531094957886227,0.1695912254187745,0.48437913688112255,0.31389484399339884,0.32132889803512527,0.3045545256995876,0.5195947997460598,0.5121505294431324,0.5121505294431324,0.42657342657342656,0.42657342657342656,0.008834157376982055,0.0024224097286575947,0.4978781072500702,0.5109398912871391,0.5203862775436162,0.517580326429042,0.1748436529302133,0.38421686590941473,0.0
0.6346153846153846,0.21280217909431393,0.75,0.003690581635665781,0.497308268894922,0.5079949029924368,0.01038877368177334,0.002487486109836784,0.0002761961417523583,0.0,0.012916953876584649,0.013487495647543165,0.0032019977243663974,0.0071493578723834566,0.001748568625987568,0.025236529422444576,0.04949533384066969,0.021352747386830438,0.0,0.022254778847495462,0.021289321884409122,0.0019919714450387775,0.0,0.000577022362147333,0.0,0.024056984599033222,0.0,0.009592277300313633,0.012374743450440661,0.0022520399291916745,0.0027555717054263563,7.510729613733907e-05,0.026067782275116295,0.04949533384066969,0.004430405296302276,0.0002223516332256869,5.060575083752518e-05,0.0,0.0,0.0,0.07061041904876532,0.006770495349340255,0.06412422881940624,9.490624618680261e-05,0.06432167860223466,0.005722475408821892,0.06406046651316448,0.040117708794205106,0.02987991332698811,0.006371515065409121,0.6969228504122498,0.010992395347184382,0.00993812321937322,0.0012137433088509895,0.002494604062950791,0.06062039534602842,0.45559457824974897,0.4911115915814564,0.43393331025729776,0.1565325200676917,0.48437913688112255,0.31471999012909296,0.3213429932624813,0.29272251541088296,0.49693339589831353,0.48981379708126105,0.48981379708126105,0.33916083916083917,0.33916083916083917,0.0,0.00014632005072428425,0.47935878884737493,0.5210248561929389,0.5278557328069146,0.5167093610480861,0.17314557879478154,0.38211866492248314,0.0
0.3173076923076923,0.6499829758256724,0.25,0.01054276153921858,0.49113145435905886,0.5046962347911871,0.010922305663492319,0.0033948068630149553,0.0,0.0008341511285574093,0.014765087261865515,0.021895418143088298,0.03042904755671463,0.013651532005258368,0.0007356782633728183,0.06632910370983035,0.08569311491168342,0.03308659047464107,9.01460365792584e-05,0.022384340927664493,0.03322147991200414,0.0,0.0,0.00199427026917587,0.0,0.03550295857988166,0.0,0.01613987210296933,0.029830174252485006,0.0009636635976076004,0.002604166666666666,0.002800429184549356,0.05118910972834734,0.08569311491168342,0.0031487162925884064,0.0017682248927947482,0.004048460067002014,0.0006908462867012091,0.0,0.0,0.19951455336903975,0.02075492104693922,0.179703826655601,0.0002711607033908646,0.1803975848027121,0.006021487637390964,0.18020822905195716,0.1027585426334256,0.04245560033211154,0.0,0.6985342232692057,0.023240387576698017,0.011329237891737893,0.003298892070210382,0.05616112973025738,0.19399935585168487,0.4464344169066285,0.4911115915814564,0.4244086765893619,0.15547370612030662,0.48437913688112255,0.31462745037555717,0.32137118371719336,0.2915960796487649,0.48852024621159845,0.4815211831666467,0.4815211831666467,0.3041958041958042,0.3041958041958042,0.0,0.00014632005072428425,0.4748504416560482,0.5209931922528893,0.5319639332017286,0.5161970284710532,0.1726154483329882,0.38125089044023364,0.0
0.8557692307692307,0.008852570650323459,0.75,0.012314240724338156,0.5117122500811383,0.5259628822755673,0.0,0.0018758091975818372,0.0,0.0,0.0017482342833737925,0.002713884849353788,0.0020037658715374622,5.056122964910507e-05,1.0662003816997368e-05,0.0047003288212866395,0.052919854207553976,0.0,0.0,0.022254778847495462,0.0,0.049253263496364906,0.0,0.00014172479070285372,7.372637684008749e-05,0.04998415958958007,0.0,0.000549875768807788,0.0016801480944907239,0.0007855953241366307,0.001766392118863049,2.145922746781116e-05,0.0039771239855816674,0.052919854207553976,0.0,0.0,0.0,0.0,0.0,0.0,0.0029788770536197874,0.0,0.0029697327240548353,9.490624618680261e-05,0.0029788770536197874,0.0057740292413338,0.002883171488637501,0.0,0.029586278123164778,0.0020764800384695248,0.6965056929721241,0.0015635734761081236,0.007233796296296296,0.0,5.42305231076259e-05,0.002727565521961432,0.45360275637077846,0.4911115915814564,0.43186223606784346,0.15548275581216459,0.48437913688112255,0.31462745037555717,0.32132889803512527,0.29157834050290476,0.49566369483010847,0.4885622871072707,0.4885622871072707,0.3304195804195804,0.3304195804195804,0.0,0.00014632005072428425,0.48118912381487167,0.5209773602828645,0.5260470575681587,0.5166434897167532,0.1720604680057983,0.3812120348664016,0.0
0.5384615384615384,0.9458631256384066,1.0,0.011551520519633896,0.6785480622111862,0.692042091417297,0.24776017234089673,0.02691378413921766,0.0019121271352086342,0.008709519136408243,0.28104614339517087,0.4807160559572332,0.1799764381299528,0.11185155222975023,0.011397682080370185,0.7760484960965081,0.0,0.47087891975434176,0.013021094172559547,0.03142378759791903,0.49198609097636886,0.0,0.0,0.13956854924430317,0.03069474822442309,0.6623948656631,0.07063807315225129,0.214685756181011,0.2309247857056622,0.19768720736574175,0.0790031492248062,0.00444206008583691,0.7775428421836929,0.0,0.044687550460197,0.00010588173010746996,0.013704037326801817,0.0,0.0,0.0037010247136829415,0.0002708070048745261,0.0016872160934458145,0.0002699757021868032,0.07862304594818119,0.0002708070048745261,0.04007794939475801,0.0,0.0,0.09952208339239788,0.13982360848515316,0.68493161889805,0.14309066357110706,0.08979923433048434,0.033352006307315656,0.13144394190826364,0.0,0.46836665057674065,0.49192897710793176,0.44810776508595823,0.16063203047936217,0.48437913688112255,0.3171877168900473,0.32132889803512527,0.2995698257128919,0.5062353363327722,0.4986451044194626,0.4986451044194626,0.36538461538461536,0.36538461538461536,0.004811186520488489,0.0017070672584499828,0.5106688551497743,0.46654704733759034,0.5513525049351758,0.5158237575935006,0.19141022986125492,0.39562097682912617,0.0
0.6346153846153846,0.2533197139938713,0.75,0.005658891841354197,0.5078279146682602,0.519309026635975,0.004358855624232418,0.005902682203260238,0.0,0.0009813542688910696,0.010819072736536098,0.05942895766339635,0.047053255867811866,0.016553746587116995,2.1324007633994736e-05,0.12215811664077787,0.16564865622621863,0.033828852645707085,0.0005709248983353032,0.022862723992903983,0.03492462566275687,3.0334590533585446e-05,0.0,0.0021967342558942326,0.0,0.0374651255480271,0.0,0.03679076208708403,0.08004346251358203,0.005897202233185641,0.006136950904392765,0.0023175965665236053,0.12965424192996236,0.16564865622621863,0.010879218472468916,0.0,0.0,0.0,0.0,0.0,0.24235220958456202,0.024583603720527796,0.21888030077293044,9.490624618680261e-05,0.21955427172975467,0.0178891798816324,0.2308138952848133,0.18211937564950767,0.029586278123164778,0.0,0.6881543646119619,0.012579659330506265,0.02289218304843305,0.0021785136312710072,0.03833013373246999,0.2298301058818793,0.4547290511937061,0.4911115915814564,0.4330333448713511,0.1558266441027683,0.48437913688112255,0.3147354134213489,0.32132889803512527,0.292030688722338,0.49650280162300925,0.489389371959647,0.489389371959647,0.3374125874125874,0.3374125874125874,0.0,0.00014632005072428425,0.4789916420102369,0.5296743891498231,0.519612655391346,0.5169069750420844,0.17580451439221373,0.384372288204743,0.0
0.38461538461538464,0.05039155600953354,1.0,0.019867631138667453,0.497024928778598,0.5144689246958238,0.005284986611367251,0.0021918422689135597,0.002910682416928699,0.0,0.010049849651851631,0.007424779304835836,0.012777783371764018,0.012084133886136111,0.003081319103112239,0.035030562223880894,0.06895101534024912,0.02159677878553707,8.012981029267414e-05,0.0225637345771293,0.021928001540941395,0.0,0.0,0.003006590202767683,0.0,0.025140264279363524,0.0,0.018176449024479655,0.013119240210873675,0.007405545255527972,0.007146317829457364,0.0,0.04456392597515053,0.06895101534024912,0.00728645244631035,0.0,0.00026314990435513094,0.0,0.0,0.0,0.04386070490060381,0.0038178671858100795,0.040196382325590696,9.490624618680261e-05,0.04032015405909611,0.0058255830738457096,0.04020422464711182,0.027554558643467883,0.029586278123164778,0.0,0.6903301269467348,0.015991092369287627,0.009392806267806269,0.004035437155068675,0.010922027353875857,0.0483614477233383,0.4491253183308644,0.4911115915814564,0.42720664589823465,0.15548275581216459,0.48437913688112255,0.3143498311149498,0.32132889803512527,0.29125903587742247,0.4914074360319082,0.4843670080205465,0.4843670080205465,0.32167832167832167,0.3304195804195804,0.0,0.00014632005072428425,0.481907219834568,0.5257744472003799,0.5205356666488823,0.5167166800849008,0.17338579416028163,0.3823064668626715,0.0
0.9807692307692307,0.17500851208716378,0.0,0.012314240724338156,0.49890012518481497,0.5131792584676094,0.047393746602508606,0.0049953614500820665,0.0,0.0,0.05182765406938992,0.03411302050263196,0.00031214443224955444,0.00025280614824552534,0.0008849463168107814,0.034959956426136245,0.1082528938198422,0.04852157644283564,0.0,0.027257868404791802,0.053466611246844625,0.0010920452592090761,0.0,0.002925604608080338,0.00017202821262687082,0.05809853757243156,0.0,4.0731538430206515e-05,0.035051712342548995,0.006494254679529481,0.011072755167958654,0.0,0.05161199379770032,0.1082528938198422,0.0,0.0,0.0,0.0,0.0,0.0059915611814345985,0.18501133377464846,0.0,0.18444340009399154,9.490624618680261e-05,0.18501133377464846,0.006093663002907636,0.18488337170887978,0.0,0.029586278123164778,0.17285056993912634,0.6959494830519566,0.0027362535831892162,0.012686965811965814,0.007687040956056268,0.0016594540070933525,0.17419179516083577,0.4599388582810411,0.4911115915814564,0.43845044421368407,0.1575913340150768,0.4846637543023563,0.31605410490923397,0.32135708848983735,0.2950019956539093,0.49984266747633116,0.4926813873260129,0.4926813873260129,0.3321678321678322,0.3304195804195804,0.0005118283532434563,0.00014632005072428425,0.4770317258061033,0.5069449575175471,0.5470148855572746,0.5203103271609456,0.1724249326982812,0.38474141615614765,0.0
0.6153846153846154,0.6373850868232891,0.25,0.07613669914378506,0.6808611478880857,0.7213241943439659,0.14690249451368056,0.013793314371349051,0.0,0.0037904808635917564,0.16230607086842289,0.38553550580668944,0.28615589097097055,0.05010617858226312,0.016088963759849025,0.7315264973472393,0.0,0.1906596982145036,0.00038061659889020215,0.20891387111562917,0.3803489421234578,0.003609816273496668,0.0,0.0,0.2012115701260721,0.554414364697346,0.0,0.4599914463769297,0.22310756972111553,0.0370486754862835,0.046895187338501294,0.018605150214592275,0.7771803701242475,0.0,0.26159575326982076,0.005823495155910847,0.003299494954606641,0.00015701051970482024,0.0,0.02962025316455696,0.0002708070048745261,0.10379623621025308,0.9165275125238729,0.010941334381821386,0.92737357324828,0.009795228177262697,0.9294423866252878,0.8236014363765447,0.029586278123164778,0.0,0.6107757492474808,0.0281561678235531,0.07861467236467237,0.032003402630814554,0.05223483985726526,0.8675671323322196,0.49036546325116376,0.4911115915814564,0.4700876889350409,0.16750074659957828,0.48437913688112255,0.31612350972438574,0.32132889803512527,0.30507783050246134,0.5238400176654062,0.5163349258344306,0.5163349258344306,0.34440559440559443,0.34440559440559443,0.0015866678950547145,0.0005527646360695182,0.5901075524264087,0.41981107182437066,0.5255188603745398,0.5232525799604771,0.19325740318906606,0.40363170096750384,0.0
0.6442307692307693,0.15900578821927136,0.75,0.1545123511465407,0.4920432943697743,0.5012023183163433,0.0,0.0018758091975818372,0.0,0.17237487733071638,0.0017482342833737925,0.5894557892796428,0.2094086373385156,4.0448983719284053e-05,0.19249181691207046,0.0,0.0,0.0,0.11351389250585948,0.4313320975104148,0.0,0.0,0.0,0.0,0.15031579464746503,0.0,0.0,0.3518695776139465,0.0,0.8192607024269658,0.20245881782945738,0.23861587982832616,0.0,0.0,0.4494893428063943,0.0,0.004088944667672035,0.0008164547024650653,0.003152883311788631,0.0,0.0002708070048745261,0.0,0.0002699757021868032,0.08784250986347057,0.0002708070048745261,0.10834553440702782,0.0,0.0,0.029586278123164778,0.0,0.6959494830519566,0.8237544715832366,0.4175124643874644,0.3512490144819287,0.6840529723749715,0.0,0.9111725117484202,0.4911115915814564,0.9076381677627783,0.3120333752635723,0.48437913688112255,0.4478230022980706,0.07787613114199532,0.44501308262007183,0.855441773165144,0.8431858002590081,0.8431858002590081,0.42132867132867136,0.42132867132867136,0.10231448781336691,0.027768294070786386,0.4782951428633134,0.5260963639242175,0.45037080510057087,0.5240137597892117,0.8109670739283495,0.887234648810372,0.0
0.9615384615384616,0.28736806264896153,0.5,0.005646589902568644,0.49174965097649304,0.5036891647484381,0.0,0.0018758091975818372,0.00015934392793405286,0.0,0.001898082936234403,0.0,0.0002215218551448451,4.0448983719284053e-05,0.0,0.00022190393576889715,0.005216886289902672,0.0,0.0,0.025742988698200082,0.0035482203140681868,0.0009707068970747343,0.0,0.0,0.0,0.004557950353087858,2.2960530847473195e-05,0.0,0.0,0.0015502414396296178,3.0281007751937984e-05,0.0,0.0007551501238446203,0.005216886289902672,0.0,0.0,0.0,0.0,0.0,0.0,0.0002708070048745261,0.0,0.0002699757021868032,9.490624618680261e-05,0.0002708070048745261,0.0056193677437980745,3.003303633997397e-05,0.0,0.029586278123164778,0.0,0.6959494830519566,0.0015280377152874843,0.007233796296296296,0.0,0.0002928448247811799,0.00030194452272635776,0.45334753685425305,0.4911115915814564,0.43159686165916694,0.15547370612030662,0.48437913688112255,0.31462745037555717,0.32132889803512527,0.2915694709299747,0.4954152750558945,0.48831742646018567,0.48831742646018567,0.32867132867132864,0.32867132867132864,0.0,0.00014632005072428425,0.4781439647539037,0.5259274895772863,0.5244037774102331,0.5171338651833418,0.17211845102505693,0.38168477768135844,0.0
0.6346153846153846,0.543752128021791,0.0,0.015377423481940754,0.3679557783352995,0.38386324399868466,0.0025166602911272625,0.0018758091975818372,0.0,2.453385672227674e-05,0.0042656916514320535,0.2235217008377199,0.006111989366950953,0.08115077358681363,0.00010662003816997367,0.3072865183272478,0.07890415348259702,0.006975230813031277,0.0,0.022254778847495462,0.006954511815573646,0.004105281252211897,0.0,0.030511322798457224,0.0,0.04196175818336042,0.0,0.007046556148425726,0.010865628395508874,0.0018644795692842702,0.01894581718346253,0.0002789699570815451,0.0379991542318613,0.07890415348259702,0.007569029549491361,0.0,0.0,0.0,0.0,0.0,0.045966981605183456,0.008641574735020549,0.03782659560639543,9.490624618680261e-05,0.037943070349641936,0.005980244571381436,0.037981779957953744,0.030384096965705997,0.02987991332698811,0.005519065365405843,0.6961785106661432,0.0030560754305749686,0.035423344017094016,0.0005186937217311921,0.003611752838967885,0.06607552638995129,0.43812868611883243,0.4911115915814564,0.4157724702896042,0.15547370612030662,0.48437913688112255,0.31462745037555717,0.32132889803512527,0.2915694709299747,0.4802727097076927,0.4914842908291525,0.4914842908291525,0.3374125874125874,0.3374125874125874,0.0,0.00014632005072428425,0.48008228408526443,0.5260172040740936,0.5220135517259777,0.5165995754958647,0.17296334644854008,0.3818790555505187,0.0
0.5673076923076923,0.8372488934286687,0.75,0.004662434799724437,0.5278574850731276,0.5388646826701743,0.01353963236626467,0.0036802560887339306,0.0003611795699838532,0.009543670264965652,0.02506468466848483,0.09882637281609077,0.1629393936342674,0.02652442107392052,0.00010662003816997367,0.28707308708720825,0.3817539151680218,0.029965022166185382,0.0019030829944510106,0.03983535649504674,0.049675084396954616,0.0008594800651182544,0.0,0.0018424222791370984,0.0,0.05281499422591491,0.0,0.123569304712639,0.16064026721397237,0.005457268851669128,0.013464954780361757,0.03303648068669528,0.33184317042227995,0.3817539151680218,0.028055869530114647,0.0,0.03667904820703825,0.0,0.0,0.0015189873417721519,0.5376522035666286,0.061399524118537746,0.4792368686818186,0.005558794419512725,0.48476459850354053,0.012269812137834327,0.4900690759835819,0.32504707322845183,0.06628055324922542,0.0,0.6955732234000785,0.04675321598635426,0.03057113603988604,0.0038175857919415745,0.0852069979067018,0.49632634164016265,0.45150551773498226,0.4911115915814564,0.429681550709588,0.15547370612030662,0.48437913688112255,0.3140028070391906,0.32132889803512527,0.2908510355226396,0.4940241243202959,0.48694620683650924,0.48694620683650924,0.32867132867132864,0.32867132867132864,0.0,0.00014632005072428425,0.48389413212966764,0.52267665839886,0.5159899695886464,0.5088633535826684,0.1845599503002692,0.38410029918791855,0.0
0.6923076923076923,0.6741573033707865,1.0,0.10190926089951777,0.4920432943697743,0.5012023183163433,0.0,0.172615224638346,0.0,0.023454367026496566,0.0017482342833737925,0.0,0.0,0.9655172413793103,0.03651736307321598,0.0,0.0,0.0,0.23445982491636452,0.29624867946341366,0.0,0.0,0.0,0.48408126904426874,0.0,0.0,0.0,0.0,0.4003883456074691,0.11023473588285201,3.0281007751937984e-05,0.009699570815450642,0.0,0.0,0.5731067334086872,0.03369156652019694,0.004908757831239942,0.0,0.0,0.003845690174804099,0.0002708070048745261,0.7058511788881678,0.0002699757021868032,0.24938649890857814,0.0002708070048745261,0.03314911430515744,0.0,0.01715214684789431,0.029586278123164778,0.0,0.3589680670069363,0.45381535618677593,0.7518028846153846,0.5320552720029876,0.0,0.0,0.43178148770785135,0.5441150878821277,0.4671570324218299,0.16601659713486758,0.49209028329361926,0.3048336597930194,0.32132889803512527,0.2803051133087942,0.5364542217560517,0.5287684053586391,0.5287684053586391,0.3356643356643357,0.3356643356643357,0.025550471393913338,0.008258953974215156,1.0,0.10736186606153356,0.4030998239342688,0.47763302349410813,0.2521681507558501,0.4093240425339015,0.0
0.23076923076923078,0.12087163772557032,0.25,1.2301938785552603e-05,0.4925893680485078,0.5017520963498849,0.0,0.0018758091975818372,0.000520523497917906,0.0,0.0022377398827184546,0.00021506257296765867,0.00013089927804013575,0.00042471432905248255,0.0,0.0007262310625163906,0.002283013577922858,3.0503924838329196e-05,0.0,0.022254778847495462,3.0413316977727315e-05,0.0,0.0,0.0005162831661318243,0.0,0.0005518594597909067,0.0,0.0013950551912345732,0.0003521268461507505,0.0008065445327802742,3.0281007751937984e-05,0.0,0.0017519482873195192,0.002283013577922858,0.0,0.0,0.0,0.0,0.0,0.0,0.00031092656115223367,0.0,0.000309972102510774,9.490624618680261e-05,0.00031092656115223367,0.005650300043305218,0.00010011012113324658,0.0,0.029586278123164778,1.0928842307734342e-05,0.6959740217249052,0.001492501954466845,0.007233796296296296,1.0373874434623843e-05,3.253831386457554e-05,8.05185393936954e-05,0.4535139843650305,0.4911115915814564,0.4317699319256951,0.15547370612030662,0.48437913688112255,0.31462745037555717,0.32132889803512527,0.2915694709299747,0.49557536779927686,0.4884752255438627,0.4884752255438627,0.3304195804195804,0.3304195804195804,0.0,0.00014632005072428425,0.4783653326998251,0.5260858092775345,0.5236941791602198,0.5166800849008271,0.17204390142886727,0.3812249867243456,0.0
0.18269230769230768,0.47156962887299964,0.25,0.00978004133451432,0.4950570028797659,0.508292913515291,5.033320582254525e-05,0.0018758091975818372,0.0,0.0009322865554465162,0.0025574170088210908,0.024250865370829322,0.010250420388066013,0.025270502578622712,0.003507799255792134,0.0626374291420387,0.07681139103616774,0.0013523406678325944,0.0,0.022254778847495462,0.001348323719345911,0.0,0.006563173572933569,0.004444084508468056,0.0,0.008615139344513597,0.0,0.020976742291556355,0.031188377801923618,0.0032890257570520275,0.010093669250645995,0.004624463519313305,0.06874886727481423,0.07681139103616774,0.0023716292588406265,0.0,1.0121150167505037e-05,0.0,0.0,0.0,0.037100559667810076,3.244646333549643e-05,0.03694667479926807,0.0038911560936589064,0.0398688090509719,0.008186748602891139,0.04204625087596356,0.001265575322310138,0.05017111844636601,0.0,0.7020105352702526,0.008647035133022198,0.0169048254985755,0.00020747748869247686,0.009566264276185208,0.05306171746044527,0.4475607117295561,0.495968443645223,0.43089304257528555,0.15547370612030662,0.48437913688112255,0.3146505853139411,0.32132889803512527,0.2915960796487649,0.4947252201275222,0.48763725799606045,0.48763725799606045,0.3269230769230769,0.3269230769230769,0.0,0.00014632005072428425,0.47981772239379744,0.5315583935827748,0.5165288374326414,0.5164019615018663,0.1729384965831435,0.3816912536103304,0.0
0.6346153846153846,0.5631596867551923,0.5,0.013839681133746678,0.5115370943728653,0.5264304505097007,0.021965411020958746,0.0031195522525002293,0.0002443273561655477,0.0012512266928361138,0.026003736226411327,0.045736640517788744,0.011358029663790238,0.01049651127515421,0.005597552003923618,0.07214903875249642,0.14511154724235992,0.0714605279212592,0.0,0.02483605413701688,0.07388408471122555,0.003195243536204334,0.0,0.0020347630665195427,0.0005898110147206999,0.08024445330144812,0.0,0.024041790558429393,0.03524286691617369,0.0012360033099749655,0.007146317829457364,0.00030042918454935627,0.0668458889627258,0.14511154724235992,0.0004440497335701599,0.0014294033564508444,0.000293513354857646,0.0,0.0,0.0,0.2154620769894285,0.024507895306078303,0.19214270715635592,9.490624618680261e-05,0.19273434835810715,0.005897758439362382,0.1924016418059866,0.13471689182932226,0.029586278123164778,0.011245778734658637,0.6928003533568905,0.0196275852265997,0.013688568376068378,0.0056641354413046185,0.02083536697794987,0.18434719594186563,0.4585185061890733,0.4911115915814564,0.43697357793930997,0.1571117003466032,0.48437913688112255,0.31556827120317105,0.32132889803512527,0.2942569515277839,0.4988876314554639,0.49161488317426455,0.49161488317426455,0.33916083916083917,0.33916083916083917,0.0028764753452282243,0.0008941780877595149,0.48601062566140424,0.5150720354636128,0.5273755535399882,0.5168118275634925,0.17223441706357426,0.38149049981219807,0.0
0.6153846153846154,0.021790943139257744,0.0,0.014897647869304202,0.5664381056394986,0.5816240545873068,0.07483541041696028,0.024609801103057365,0.008041556896405202,0.0,0.10585308838073546,0.15077934580013516,0.07789513960911462,0.024471635150166853,0.006834344446695313,0.2573783058643158,0.5165718748748348,0.22797616626672632,0.0,0.032589846319440285,0.2378118632211758,0.024884475767717927,0.0,0.00873632102689734,0.0,0.2737018528170381,0.0,0.08468086839639934,0.12659463157471124,0.0045459782756706365,0.023003472222222224,0.013658798283261803,0.2497734549628466,0.5165718748748348,0.024039237849184564,0.001927047487955953,0.009311458154104632,0.0,0.0,0.007233273056057866,0.5248440352249704,0.028758382003028337,0.4966453019228269,0.00020337052754314846,0.49825479930191974,0.005588435444290929,0.49704675142656923,0.28089598617127454,0.11485186610234704,0.05933268488868974,0.6827149587750295,0.02264812489635403,0.022235576923076924,0.018403253247022695,0.02236466772958492,0.46804420467812713,0.4709632317448693,0.4911115915814564,0.4499134648667359,0.16135600582800158,0.48437913688112255,0.3165553619075528,0.32132889803512527,0.2995520865670318,0.5079742747522703,0.5006964925072642,0.5006964925072642,0.36363636363636365,0.36363636363636365,0.0061931230742458205,0.0017558406086914111,0.4936289225320174,0.48725526413003317,0.5478471962866137,0.5166508087535681,0.17502588527645477,0.3835368933673536,0.0
0.15384615384615385,0.8913857677902621,0.5,0.023324475937407736,0.4823530623914936,0.5012793900032884,0.0,0.0018758091975818372,0.0,0.0,0.0017482342833737925,0.0,0.0,0.015623419961573464,8.529603053597894e-05,0.015624054386637349,0.015660672087155048,0.004636596575426037,0.0,0.02236440829994618,0.004734339676199552,0.000384238146758749,0.0,0.0023688286446048408,0.0,0.007552298903434814,0.0,0.0,0.0,0.0036870607212812533,0.005561611757105944,0.0,0.008306651362290824,0.015660672087155048,0.0004541417729694817,0.0,0.000273271054522636,0.0,0.0,0.0009885473176612417,0.0002708070048745261,0.0,0.0002699757021868032,9.490624618680261e-05,0.0002708070048745261,0.007320644216691068,0.0016818500350385423,0.0,0.029586278123164778,0.0,0.6959494830519566,0.0019189310843145152,0.007233796296296296,6.224324660774305e-05,0.0068113537023178124,0.006753492491646202,0.45071211793360966,0.4913014359617991,0.4290642667589708,0.15547370612030662,0.48437913688112255,0.31462745037555717,0.32132889803512527,0.2915694709299747,0.492991802147451,0.48592867481417795,0.48592867481417795,0.3269230769230769,0.3269230769230769,0.0,0.00014632005072428425,0.4799257067576615,0.5261121958942424,0.5236034786320226,0.5186928200248847,0.17203561814040175,0.38300586719164864,0.0
0.23076923076923078,0.4654409261150834,0.5,0.024124101958468654,0.5282129481281521,0.5536932752384085,0.0,0.0026607945683090194,0.0010304240673068752,9.813542688910696e-05,0.003566397938082537,0.05067283862114167,0.03886701640268646,0.0062898169683486705,0.006823682442878315,0.1015311371568054,0.20491048183602356,0.00530768292186928,0.0,0.022254778847495462,0.005291917154124553,0.017300828134321565,0.0,0.06623609325491228,0.0,0.08968738183564809,0.0,0.0014052380758421245,0.09559740834641232,0.002890990792822801,0.01840075904392765,0.00030042918454935627,0.11769266396826357,0.20491048183602356,0.005903843048603262,0.0,0.0,0.0,0.0,0.0,0.026719624480953243,0.000227125243348475,0.026427621514063734,0.0001355803516954323,0.026539086477703557,0.005815272307343328,0.02643908299129042,0.0016977229933428678,0.029586278123164778,0.0198904930000765,0.695941303494307,0.0023453602141621853,0.014890491452991452,0.0004045811029503299,0.0006182279634269352,0.028604211119610295,0.45238768954210296,0.4911115915814564,0.43059882312218756,0.15547370612030662,0.48437913688112255,0.3146428736678131,0.32132889803512527,0.2915872100758348,0.4944491981561733,0.4873651906104104,0.4873651906104104,0.32867132867132864,0.32867132867132864,0.0,0.00014632005072428425,0.4838077446385764,0.5193255580769434,0.5250813637091181,0.5165776183854205,0.17259888175605717,0.3815682109598622,0.0
0.46153846153846156,0.5141300646918624,0.5,0.01611553980907391,0.6033341404233616,0.6189370272936534,0.0,0.0073401229470593625,0.004769694909492649,0.0015088321884200195,0.012817054774677575,0.0015976076849026073,0.0019433508201343228,0.006845990494488826,0.01214402234756,0.02179701841802667,0.2621760724155886,0.06852198316183349,0.0,0.022334509358368712,0.06839954988290874,0.10241968917156234,0.0,0.0598787240719557,0.0,0.2329255705102656,0.0,0.0013950551912345732,0.0016902088615236024,0.0053525228084509106,0.024860707364341088,0.0020278969957081543,0.034142854266094765,0.2621760724155886,0.0035221217503633136,0.0022552808512891096,0.0023784702893636833,0.00015701051970482024,0.01908545364736051,0.007896323086196503,0.04110248540651141,1.081548777849881e-05,0.04096631303182714,0.0033488346868771773,0.043499628894104435,0.017054007794939475,0.05427970767844629,0.0,0.029586278123164778,0.015868679030830266,0.6959494830519566,0.012496742555258109,0.007333956552706553,0.006545914768247644,0.008991420731244372,0.03876967671806434,0.4622136409283333,0.494676447167891,0.44471558786200527,0.1622609750138008,0.48437913688112255,0.3139102672856548,0.32132889803512527,0.29739678034502637,0.5043418256093185,0.49711608571210913,0.49711608571210913,0.3513986013986014,0.3513986013986014,0.008045941712987134,0.002324863028174739,0.48304645487333436,0.526819357222017,0.5184548898255348,0.5168484227475664,0.17544004969973082,0.38403553989819844,0.0
0.7307692307692307,0.07694926796050391,0.25,0.04364727881114063,0.6501161694476928,0.6770901841499507,0.0029092592965431156,0.0018758091975818372,0.07649570833687432,0.0006501472031403337,0.07710212685187962,0.0,0.012485777289982177,0.013014460511679643,0.00704758452303526,0.032115551431280386,0.45019425641847244,0.0099239435474031,0.0002403894308780224,0.022254778847495462,0.010137772325909105,0.0930260776363287,0.0,0.154054847494002,0.0,0.25976229164750486,0.0,0.17006435583071972,0.007746790615316511,0.005562014894887345,0.016341650516795866,0.0,0.19676191626895426,0.45019425641847244,0.04587841110931697,0.0,0.0002024230033501007,0.0,0.0,0.0,0.010832280194981043,0.0,0.010799028087472125,9.490624618680261e-05,0.010832280194981043,0.014187614707277339,0.01889077985784363,0.0,0.029586278123164778,0.00045901137692484236,0.6959494830519566,0.0017175617729975597,0.007233796296296296,0.0008091622059006598,0.0008676883697220144,0.002214259833326624,0.4627518212131804,0.4911115915814564,0.4413753317180108,0.15741034017791694,0.48437913688112255,0.31462745037555717,0.32132889803512527,0.29346755953700826,0.5035910458472495,0.4963760624231409,0.4963760624231409,0.3374125874125874,0.3374125874125874,0.006172649940116083,0.0001625778341380936,0.4926138695116947,0.5155681038577233,0.5208664568105426,0.5175217741345238,0.1748519362186788,0.3841650584776386,0.0
0.8653846153846154,0.2587674497786857,0.0,0.008488337762031296,0.497591609011246,0.5102813630384742,0.0018522619742696652,0.001947171504011581,0.0,0.0,0.003656307129798903,0.0,0.0,0.009545960157751035,0.0,0.009481349982852879,0.02901830416149317,0.006110952942611949,0.0,0.022254778847495462,0.006092801167871372,0.0,0.0,0.0,0.0,0.006141991395080275,0.0,0.0026170013441407683,0.017032878586663445,0.0012360033099749655,0.003088662790697674,0.0,0.02311766245796331,0.02901830416149317,0.0,0.0,0.0,0.0,0.0,0.0,0.061904475336502784,0.0,0.061714445699887016,9.490624618680261e-05,0.061904475336502784,0.005660610809807601,0.0615877465211733,0.061673646194528184,0.029586278123164778,0.0,0.6959167648213586,0.0014806567008599654,0.007233796296296296,0.0006120585916428066,0.0006073818588054101,0.06145577519223802,0.45376365563119675,0.4911115915814564,0.43202953732548743,0.15554610365517058,0.48437913688112255,0.31468143189845305,0.32132889803512527,0.29170251452392565,0.49574098098208613,0.4886384659752527,0.4886384659752527,0.3304195804195804,0.3304195804195804,0.0,0.00014632005072428425,0.477679631989288,0.5256319594701567,0.5246118550925679,0.5163800043914221,0.17272313108303997,0.38149049981219807,0.0
0.47115384615384615,0.05209397344228805,0.75,0.015377423481940754,0.495999752721353,0.5115710292666886,0.0,0.0018758091975818372,0.002092716920200561,0.0,0.003716246590943147,0.0,0.0,0.03941753463444231,0.0,0.03928708317362975,0.061180758601353795,0.0,0.0,0.022254778847495462,0.0,0.05287319130003943,0.0,0.0,0.0,0.05343839102308612,0.0,0.0,0.002837136303271761,0.0010265112235385307,0.005834140826873385,0.0,0.008870496788094807,0.061180758601353795,0.0,0.0,0.0,0.0,0.0,0.012055455093429777,0.001303885579025496,0.0,0.0012998830105290524,9.490624618680261e-05,0.001303885579025496,0.005588435444290929,0.0010311342476724398,0.0,0.029586278123164778,0.0,0.6959494830519566,0.0017886332946388383,0.007233796296296296,0.0,0.00040130587099643163,0.0006340834977253513,0.45372481787868196,0.4911115915814564,0.43198915426329754,0.15558230242260251,0.48437913688112255,0.31462745037555717,0.32132889803512527,0.29167590580513547,0.49572441966380526,0.48862214193211373,0.48862214193211373,0.3304195804195804,0.3304195804195804,0.0,0.00014632005072428425,0.48340280327408597,0.5203124175418228,0.5237688737128527,0.5155968674522432,0.17343549389107477,0.38136098123275786,0.0
0.33653846153846156,0.20599250936329588,0.25,0.0037274874520224384,0.5059939313698721,0.5166731749424531,0.000201332823290181,0.00241612380340704,0.0,0.00030667320902845924,0.002727245482063116,0.01095795014644737,0.006132127717418666,0.0016482960865608254,0.0008316362977257946,0.019325815496963952,0.05031641767132615,0.025186073941513808,0.0,0.022254778847495462,0.025111262051276853,0.0,0.0,0.00016197118937468999,0.0,0.02547751172701352,0.0,0.009154413262188913,0.010925992997706144,0.002073971655720705,0.004198966408268734,0.00012875536480686693,0.025493868180994382,0.05031641767132615,0.003310188922977555,0.0,0.0006072690100503021,0.0,0.0,0.0,0.041082425628372554,0.000508327925589444,0.04048635622793949,0.0012608972707675201,0.0414735913020802,0.0063411213989647995,0.041856041645810395,0.02854232474868555,0.03022417529009133,0.0035628025923213954,0.6972582122758803,0.003115301698609367,0.00929264601139601,0.000663927963815926,0.003145370340242302,0.040259269696847705,0.4545071211793361,0.4911115915814564,0.4328025845159801,0.15580854471905234,0.48437913688112255,0.314696855190709,0.32132889803512527,0.29197747128475765,0.49631510668249196,0.4892043661374049,0.4892043661374049,0.3374125874125874,0.3374125874125874,0.0,0.00014632005072428425,0.4809569574325638,0.5254472531532006,0.5219281865229686,0.5168703798580107,0.17285566369848832,0.382034477845847,0.0
0.7211538461538461,0.7340823970037453,0.0,0.007344257454974904,0.5093064349116236,0.5214875863202894,0.00899957720107109,0.004485630689869611,3.186878558681057e-05,0.0,0.013266600733259408,0.10162218626467034,0.01218370203296648,0.00479320457073516,0.001514004542013626,0.11846644207298623,0.16868266111266875,0.034937161914833044,0.0,0.03460304171898981,0.047394085623625064,3.0334590533585446e-05,0.0,0.0005162831661318243,2.4575458946695827e-05,0.04834902044945887,0.0,0.03783959920166184,0.0777093645619542,0.00546774345599095,0.0022609819121447027,6.437768240343347e-05,0.12198191667170101,0.16868266111266875,0.007246084288713063,0.0,0.0024088337398661982,0.0,0.0,0.0,0.31681410603598725,0.03186242699545749,0.2863842254197122,9.490624618680261e-05,0.2872660528374556,0.007784628709298249,0.2885874461908099,0.24985337846875677,0.029586278123164778,0.022382269046239932,0.6928167124721896,0.006550425244604487,0.016693376068376068,0.0061828291630358105,0.0024186813306001148,0.28225773984459923,0.45784716789560415,0.4911115915814564,0.4362755278643129,0.1572293463407571,0.48437913688112255,0.3141184817311103,0.32144165985397344,0.2927668632755333,0.4991415716691049,0.49203386694816564,0.49203386694816564,0.3531468531468531,0.3531468531468531,0.0006141940238921475,0.00030889788486237785,0.4622432671749131,0.5173887804105757,0.5494637998185989,0.5181072970797043,0.17410644025678193,0.38410677511689056,0.0
0.6730769230769231,0.8443990466462377,0.75,0.018748154709182167,0.552631714516802,0.5710087142387373,0.027169864503009924,0.007737712940025078,0.0,0.0,0.03446519015794048,0.07048931855887594,0.02699545880196953,0.030761452118515522,0.016952586069025815,0.14314821165600855,0.31094044138262505,0.09108471956725098,0.0,0.023789591181805497,0.09237538143368378,0.0005561341597823999,0.0,0.0191024771468775,0.020889140104691454,0.13034102870691153,0.0,0.06446784245040936,0.09419896172884219,0.007688359572217159,0.0196624677002584,0.0,0.1842364928814515,0.31094044138262505,0.023494267721621186,0.0035682143046217377,0.0035322814084592577,0.0,0.0,0.007932489451476793,0.3026318428918176,0.005310404499242916,0.2967932886040256,9.490624618680261e-05,0.297707167358729,0.01609510651021797,0.3070777855641206,0.13276193807941228,0.029586278123164778,0.009573665861575284,0.6973563669676744,0.03165051763758262,0.02124510327635328,0.007023112992240341,0.09405741927786636,0.27279681146584006,0.4733101416468317,0.4911115915814564,0.45235375562478364,0.163147844815884,0.48472332539052154,0.31556827120317105,0.32132889803512527,0.299720608452703,0.5102045322807696,0.5028947969833167,0.5028947969833167,0.36013986013986016,0.3583916083916084,0.003122152954785083,0.000991724788242371,0.4879651426473447,0.5108343448203071,0.5303473296697434,0.517668154870819,0.17251604887140196,0.3824683650869718,0.0
0.4807692307692308,0.651685393258427,0.75,0.02311534297805334,0.5185330194268286,0.5372770059191055,0.04664881515633494,0.0018758091975818372,0.0060019546188493245,0.0001717369970559372,0.0538256361075314,0.0,0.015315215530695881,0.004237031044595005,0.0019298226908765234,0.021353210546488876,0.14369968358232868,0.03895351201854639,0.0,0.024566963662819668,0.0411999067324946,0.01608744451297815,0.0,0.05152708461982324,0.0,0.10979959325913889,0.0,0.0070160074946030715,0.01978952875367218,0.003927976620683154,0.005854328165374676,0.0007832618025751072,0.03631768662276728,0.14369968358232868,0.001584450185693525,0.0,0.029472789287774664,0.0,0.0018917299870731784,0.01733574442435202,0.037210888447573774,0.0,0.037096661300482954,9.490624618680261e-05,0.037210888447573774,0.006567958262017198,0.03782160376414056,0.018355986788628344,0.029586278123164778,0.0,0.6956386598612747,0.00470256568193125,0.015179843304843307,0.0023341217477903646,0.007451273874987798,0.036676194693828254,0.45425190166281065,0.4911115915814564,0.43253721010730356,0.15592619071320624,0.48437913688112255,0.31462745037555717,0.32132889803512527,0.2920129495764779,0.4960335642717161,0.48892685740404185,0.48892685740404185,0.3321678321678322,0.3321678321678322,0.0,0.00014632005072428425,0.48541671166015166,0.524317905958098,0.5180173931601131,0.51599209544024,0.1752826672188859,0.3831548135580049,0.0
0.125,0.4446714334354784,0.5,0.009558606436374371,0.5734546372473766,0.586392222952976,0.0,0.004332711461805873,0.0015190787796379706,0.002907262021589794,0.00795196851180308,0.0,0.011740658322676789,0.00959652138740014,0.003710377328315084,0.024802808093441733,0.19701005327031682,0.06768820921625249,0.0,0.02259363351870677,0.06783183463265782,5.055765088930908e-05,0.0,0.003765830152961542,0.0,0.07222205189522846,0.0,0.08406989531994624,0.012042738138355668,0.01863432108852088,0.014676195090439275,0.0,0.12694577015243963,0.19701005327031682,0.04262877442273535,0.0,0.0,0.0,0.0,0.004460518384569017,0.21569276443802532,0.03294397577330738,0.18457338839504445,9.490624618680261e-05,0.185141722332551,0.00865073309549832,0.1874962458704575,0.07324903024004774,0.029586278123164778,0.0,0.675737796099987,0.01971050200184786,0.0073005698005698,0.007572928337275405,0.10214861332552415,0.16446918152904708,0.4667521097221991,0.4911115915814564,0.44553478712357214,0.16396231708310333,0.48437913688112255,0.31338587534895196,0.32132889803512527,0.29846112909663397,0.5044632752767121,0.4972357953617952,0.4972357953617952,0.36713286713286714,0.36538461538461536,0.0021496790836225163,0.0007316002536214212,0.47933179275640886,0.5264499445881049,0.5222162940831243,0.5164678328331992,0.18638227376268376,0.3922470178347084,0.0
0.028846153846153848,0.491317671092952,0.25,0.011502312764491684,0.5700700107669243,0.5838283048339362,0.11524290805129961,0.023692285734674943,0.0311570493753718,8.58684985279686e-05,0.16686146991538547,0.030774430084181636,0.2799230715012133,0.06573971078976641,0.015790427652973102,0.3911863791329608,0.7148636199783714,0.35213730833367224,0.005168372763877481,0.07194681974924755,0.40687949230036197,0.00462096929128285,0.0,0.014324327060324145,0.008933179327123933,0.4367150054674965,9.184212338989278e-05,0.09170705877560996,0.13172562276147934,0.03306832584399124,0.033945009689922485,0.0011802575107296139,0.2885478966551884,0.7148636199783714,0.045777490715323756,0.0829583355392027,0.026365596186350617,0.0,0.0009773938266544756,0.004761904761904762,0.0002708070048745261,0.09877784988102963,0.981991620754132,0.004636848027983784,0.9883753585685342,0.009351865217660281,0.9898988887776554,0.7538095875047588,0.032623883679957874,0.0,0.6933892815076561,0.09523583899931298,0.020844462250712254,0.024554960786754638,0.13854814043536262,0.9816015137485407,0.4610096706003762,0.4911115915814564,0.43956386292834887,0.15547370612030662,0.48437913688112255,0.3151826888967719,0.32132889803512527,0.2922080801809393,0.5026415302658092,0.49544015061650465,0.49544015061650465,0.3548951048951049,0.3548951048951049,0.005742714123391579,0.0016257783413809361,0.5145346953761096,0.4603092511478178,0.5540681854559035,0.5161457952133499,0.1931497204390143,0.39725938685904494,0.0
0.028846153846153848,0.7780047667688117,1.0,0.014762326542663124,0.604395377949957,0.6194302860901019,0.06250377499043669,0.010031501360981129,0.0011047845670094333,0.0034715407262021587,0.07563361005384561,0.08160088482887164,0.0453515652532901,0.03911416725654768,0.009670437462016611,0.17392225293014063,0.4771097849160893,0.14787285964127383,0.001692742242432741,0.039167613466483286,0.1663608438681684,0.02081964063621748,0.0,0.006326999584948827,0.00013516502420682705,0.19523561333047185,0.12829196611025648,0.058510854954991656,0.10645297597488833,0.00553059108192188,0.005854328165374676,0.00012875536480686693,0.28740006846694455,0.4771097849160893,0.04304254803810754,0.0,0.0013157495217756548,0.0,0.0,0.0108499095840868,0.577721610398989,0.05934458144062297,0.5210831025207731,0.001952357064414225,0.5240617038775551,0.009238446786134082,0.5263389728701572,0.34050149708300326,0.029586278123164778,0.0,0.6960149195131529,0.07954087797019735,0.022280092592592594,0.007780405825967882,0.044870334819249666,0.4622669994766295,0.4903821080022415,0.4911115915814564,0.47010499596169375,0.17384458059203087,0.48437913688112255,0.31583046717152247,0.32132889803512527,0.31095835735509336,0.5201965276436005,0.5127436363438497,0.5127436363438497,0.3374125874125874,0.3374125874125874,0.011669686453950804,0.00356045456762425,0.5110036066777531,0.4883371154150615,0.5302672997919222,0.517580326429042,0.1745288879685235,0.3839707806084783,0.0
0.47115384615384615,0.4031324480762683,0.25,0.23898976478693043,0.4920432943697743,0.5012023183163433,0.402665646580362,0.004037067620882649,0.27734341803348345,0.0,0.6642790781310877,0.0,0.44990081862394654,4.0448983719284053e-05,0.12201597168171786,0.0,0.0,0.014519868223044697,0.015905767343095817,0.022254778847495462,0.03057552133494186,0.0,0.0,0.0,0.12549458111130224,0.0,0.0,0.0,1.0,0.005059233887439902,0.8632105943152454,0.12436695278969957,0.0,0.0,0.0,0.0,0.021274657652095585,0.0,0.0067786991203455564,0.0,0.0002708070048745261,0.0,0.0002699757021868032,9.490624618680261e-05,0.0002708070048745261,0.1475264471160786,0.0,0.0,0.029586278123164778,0.0,0.6959494830519566,0.07625974272109165,0.30285122863247865,0.010965185277397402,0.11938307356912764,0.0,0.6830062639746556,0.4911115915814564,0.6703934464059074,0.3003411733830463,0.48437913688112255,0.3152983635886917,0.32189270712936596,0.434680030156548,0.6348505341025146,0.625754986995179,0.625754986995179,0.3531468531468531,0.3531468531468531,0.07954836266109797,0.020647384935537888,0.7061475498347839,0.045680510844899436,0.7824361094808727,0.5141257410524774,0.17816525160488714,0.3837505990234299,0.0
0.7019230769230769,0.7088866189989785,0.5,0.026584489715579175,0.5072200213277833,0.5274426586649128,0.0,0.0018758091975818372,0.0,0.0019872423945044163,0.003366599734268389,0.0,0.004792927411315739,0.0008696531499646071,0.003976927423740018,0.00939057110003833,0.06209196138903353,0.016594135112051083,2.0032452573168534e-05,0.030706213000059795,0.0251619509129064,0.0,4.843670533530309e-05,0.0002530799833979531,0.0,0.0256512452606514,0.0,0.0031566942283410048,0.014064952311964264,0.0029224146057882663,0.017835513565891473,0.00015021459227467814,0.037163454761473244,0.06209196138903353,0.00989019861133538,0.0,5.060575083752518e-05,0.0,0.0,0.0,0.10591562857314797,0.006186459009301319,0.09987101160895519,0.0009355044266984827,0.10081041503680968,0.007124739653145815,0.10184202622885175,0.0740515902005371,0.029596403475020756,0.0,0.6957858918989661,0.0068228660775627205,0.0073005698005698,0.002904684841694676,0.009869955205587913,0.08882201376867024,0.4609874775989392,0.4911115915814564,0.4395407868928118,0.15798047076497046,0.48607360338893296,0.3146120270833012,0.32132889803512527,0.29173799281564594,0.5029120317977311,0.49570677665444174,0.49570677665444174,0.3356643356643357,0.3356643356643357,0.0026512708698011034,0.0008616625209318962,0.48188562296179516,0.5220908755079423,0.5237368617617244,0.5159555002561662,0.1745288879685235,0.38253312437669185,0.0
0.028846153846153848,0.26285325161729656,0.0,0.014713118787520914,0.5507822763029782,0.5659373972377507,0.08123779419758803,0.01682111508701104,0.0010729157814226226,0.0006010794896957802,0.09851050439056552,0.03902873645617844,0.055622123991823834,0.03514005460612802,0.004478041603138894,0.13341469810978193,0.3555793647614852,0.23397527148493108,0.0005208437669023819,0.03539038051386314,0.2471791648503158,5.055765088930908e-05,0.0,0.009596792970450381,7.372637684008749e-05,0.25897538093632155,0.0,0.0428597613131848,0.04634995372047165,0.0023253621594444265,0.011829780361757105,0.00040772532188841203,0.10240842546164844,0.3555793647614852,0.038995640238979494,0.0038329186298904122,0.0007186016618928575,4.7103155911446066e-05,0.00290065264684554,0.0012055455093429777,0.4527893121502076,0.038503136491455765,0.41580257776800084,0.007239990780536084,0.42236865860263584,0.00606273070340049,0.4217639403343678,0.2620152486392493,0.03671452582977258,0.04895028469634211,0.6906818479256642,0.056134656843003006,0.017806267806267807,0.013465289016141748,0.04004381826267096,0.40820886509118726,0.4622247374290518,0.4911115915814564,0.44082727587400483,0.15832435905557418,0.4854646544876886,0.3167789996452643,0.32132889803512527,0.295383387289902,0.5018797096248862,0.49468924463211045,0.49468924463211045,0.3479020979020979,0.3479020979020979,0.0030607335523958686,0.0009429514380009428,0.4867935122994191,0.4846957623093566,0.5573280691458145,0.5168337846739369,0.17297162973700558,0.38209276120659513,0.0
0.5576923076923077,0.11406196799455226,0.0,0.006470819801200669,0.4907502331116411,0.5026101611312068,0.001036864039944432,0.0018758091975818372,0.0,0.0,0.0027771950330166533,0.0,0.0,5.056122964910507e-05,0.0,1.008654253494987e-05,0.0037849961949773703,0.0028266970350185054,0.0,0.022254778847495462,0.002818300706602731,0.0,0.0,0.0003948047741008068,0.0,0.003239619421365137,5.740132711868299e-05,0.0,0.0004929775846110507,0.0007855953241366307,9.084302325581395e-05,0.0,0.0006141887673936246,0.0037849961949773703,0.0,0.0,0.0,0.0,0.0,0.0,0.0002708070048745261,0.0,0.0002699757021868032,9.490624618680261e-05,0.0002708070048745261,0.005588435444290929,0.0,0.0,0.029586278123164778,0.0,0.6959494830519566,0.0015043472080737248,0.00738960113960114,0.00013486036765010997,6.507662772915107e-05,0.00035226860984741734,0.45330869910173827,0.4911115915814564,0.431556478596977,0.15547370612030662,0.48437913688112255,0.31462745037555717,0.32132889803512527,0.2915694709299747,0.4953766319799056,0.4882793370261946,0.4882793370261946,0.3304195804195804,0.3304195804195804,0.0,0.00014632005072428425,0.4782951428633134,0.5260963639242175,0.5237635383876647,0.5166947229744565,0.17201076827500517,0.3812120348664016,0.0
0.9711538461538461,0.5617977528089888,0.75,0.013347603582324574,0.4915693436297414,0.5229211196974679,0.0010469306811089413,0.0018758091975818372,0.0,0.0,0.002797174853398068,0.0,0.0,9.101021336838912e-05,3.19860114509921e-05,8.069234027959896e-05,0.043457363720110546,0.0010574693943954123,0.0,0.022254778847495462,0.001054328321894547,0.0,0.0,0.0,0.0001597404831535229,0.0011956954962136308,0.0,2.0365769215103257e-05,0.0032395669845869048,0.0012255287056531438,0.03892118863049096,4.291845493562232e-05,0.042519986306611086,0.043457363720110546,0.0,0.0,0.0,0.0,0.0,0.011211573236889693,0.0,0.0,0.0,9.490624618680261e-05,0.0,0.006073041469902872,0.00020022024226649317,0.0,0.029586278123164778,0.0,0.6959494830519566,0.0015161924616806045,0.007233796296296296,0.0,6.507662772915107e-05,9.058335681790733e-05,0.45355837036790453,0.4903627609701048,0.43100265374408675,0.15550085519588058,0.48437913688112255,0.31462745037555717,0.32132889803512527,0.2915960796487649,0.49482458803720775,0.4877352022548945,0.4877352022548945,0.32867132867132864,0.32867132867132864,0.0,0.00014632005072428425,0.4580264777660195,0.5285714285714286,0.5415088299631863,0.516980165410232,0.17202733485193622,0.38148402388322605,0.0
0.15384615384615385,0.27408920667347636,1.0,0.007024407046550537,0.4456785480622112,0.45789316836566923,0.2316938130423403,0.0018758091975818372,0.0,0.0019259077526987242,0.23325441304282676,0.006636216537287754,0.040780159697119206,0.03189402366265547,0.0003305221183269184,0.07947186863287004,0.22653903152160854,0.14250416886972792,0.0,0.02438757001335486,0.14425036242536066,2.0223060355723633e-05,0.0,0.024083091220149216,0.0,0.16974788198383256,0.0,0.005142356726813572,0.017294458529518292,0.006714221370287737,0.031189437984496124,0.0014699570815450646,0.06055297126402062,0.22653903152160854,0.0342826578394962,0.0003917624013976388,0.0,0.0,0.0,0.0016154309825195902,0.1279613247477483,0.0054510058403634005,0.12252897239248467,9.490624618680261e-05,0.12290626065675712,0.005939001505371909,0.1227350085093603,0.048904711438537286,0.029586278123164778,0.0,0.6965711294333203,0.009215607306152425,0.02361556267806268,0.019731109174654548,0.048091627891842646,0.13376142356777648,0.4477881899942854,0.4965801644263272,0.4318045459790008,0.15547370612030662,0.48437913688112255,0.31462745037555717,0.32132889803512527,0.2915694709299747,0.4956140108752657,0.4885133149778537,0.4885133149778537,0.3304195804195804,0.3304195804195804,0.0,0.00014632005072428425,0.49731658855797684,0.5219220011610111,0.5090006935922744,0.5164239186123106,0.1725408987367985,0.3813933608776179,0.0
0.6346153846153846,0.6840313244807626,0.75,0.013519830725322311,0.4556675750722517,0.470568891811904,0.12324588777708431,0.0018758091975818372,0.0,0.0,0.12405470474820432,0.0008500092169674129,0.003232205250067967,0.00025280614824552534,0.0005544241984838631,0.004811280789171088,0.07186486161733488,0.05494773660877699,0.0,0.022254778847495462,0.054784521649212804,0.0,0.0,0.0033102861828452263,0.0,0.0585686400752164,0.0,0.007708443647916582,0.0042456436878747636,0.003456619426201175,0.00014131136950904394,0.0,0.014559294387724282,0.07186486161733488,0.0,0.0,0.03307591874740646,0.0,0.041323790606509654,0.0012055455093429777,0.07040982126737678,0.006413584252649794,0.06427421532062114,0.0002847187385604078,0.06461254538524804,0.006031798403893345,0.06465111622785064,0.047412773050448095,0.029586278123164778,0.006262226642331778,0.6959985603978537,0.0059581625642605,0.007311698717948719,0.002354869496659612,0.007939348582956432,0.0657333225975281,0.4530978655880868,0.4911115915814564,0.4313372562593746,0.15547370612030662,0.48437913688112255,0.31462745037555717,0.32132889803512527,0.2915694709299747,0.4951668552816804,0.4880671244653876,0.4880671244653876,0.32867132867132864,0.32867132867132864,0.0,0.00014632005072428425,0.4808813683778589,0.5281914612908333,0.518999092994718,0.5165483422381614,0.1742803893145579,0.3828633967542644,0.0
0.21153846153846154,0.6111678583588696,0.0,0.07253223107961815,0.882444761556413,0.9208679299572509,0.001439529686524794,0.00932807291188794,0.0,0.007691364082433758,0.016733099569434872,0.027640661163795748,0.14237813780673225,0.0806552735362524,0.01373266091629261,0.26324867361965665,0.0,0.07413470533208606,0.2963200384623089,0.03003846997149634,0.3817580924767592,0.2592090761094877,0.0,0.0756911614346598,0.0,0.7232220416756088,0.054749385805799834,0.0,0.12627268702965913,0.0801202484576145,0.08120356912144702,0.059785407725321885,0.38772427958678185,0.0,0.09222105603100274,0.09169357827306897,0.06801412912563384,0.0,0.06773444314825909,0.006859553948161543,0.45666084933100637,0.0,0.45525902668759805,9.490624618680261e-05,0.45666084933100637,0.05381189037593055,0.5023525878466313,0.0,0.029586278123164778,0.13973617774669128,0.6959494830519566,0.11911587027078249,0.008357816951566953,0.058653886053363205,0.11803815659605853,0.39609082491243613,0.5135682462535439,0.4911115915814564,0.49421368408907346,0.18076759486339491,0.49051495896213926,0.31303885127319275,0.32132889803512527,0.3063107011397401,0.5461591542686798,0.5383342946380959,0.5383342946380959,0.34440559440559443,0.34440559440559443,0.0,0.00014632005072428425,0.5185463144936613,0.40939363554805003,0.5367977378221203,0.42691941740466954,0.3113439635535308,0.4107228431918559,0.0
0.7596153846153846,0.4589717398706163,0.0,0.08445280976281863,0.6416468757888446,0.685691384413022,0.0,0.04058476312811573,0.0,0.0,0.03967992327748973,0.0,0.25828441392365553,0.02767721710992011,0.02927786248147477,0.3139839825704545,0.7092462049905875,0.29233944767560094,0.001312125643542539,0.09228806633578504,0.364047404223396,0.0,0.0,0.009040017006974883,0.004693912658818903,0.38001655578379373,0.0,0.16193841391389355,0.1354984103988088,0.020058867276288635,0.02417433785529716,0.0004721030042918455,0.33878048289333257,0.7092462049905875,0.043476505732278375,0.0006564667266663137,0.0031274354017590557,0.0,0.0,0.0,0.0002708070048745261,0.12312351287043045,0.0002699757021868032,0.002779397209756362,0.0002708070048745261,0.007629967211762523,0.0,0.803794668120878,0.029586278123164778,0.17947344837761336,0.6855450857217642,0.04064106512520433,0.011841168091168093,0.02805095647122287,0.0270935693445699,0.0,0.49333932544372133,0.4911115915814564,0.4731798776970116,0.17197129437742645,0.4851138469684935,0.3193007079291146,0.3218363262199419,0.3124395760344139,0.5222170084738745,0.5147678176930862,0.5147678176930862,0.3374125874125874,0.3374125874125874,0.020657392336905896,0.005462615227039945,0.5187190894758439,0.5013034988653754,0.5098330043216134,0.5179901924906681,0.18577759370470076,0.39312774417490187,0.0
0.9134615384615384,0.25944841675178754,0.25,0.01586950103336286,0.555923611504639,0.5715430779348899,0.08590871569792023,0.0018758091975818372,0.004036712840996006,0.006342001962708537,0.09597306720212585,0.03850644163611413,0.03507093733952252,0.0734351299423602,0.0129543346376518,0.15852010247927215,0.3888833259903072,0.1092752267458413,0.004327009755804403,0.027975443002651038,0.11914923814640971,0.148032801803897,0.0,0.029175060486116032,0.0,0.2991793645440517,0.0,0.018868885177793168,0.038311400861201654,0.012820915689909814,0.02717215762273902,0.0006652360515021459,0.09627660645603013,0.3888833259903072,0.16527732924269337,0.0031658637302133517,0.02124429420159307,0.0,0.006484430011245284,0.006172393007836046,0.2826823935327275,0.01601773739995674,0.2670059694627483,0.023604539230174762,0.28521995546729256,0.008516693130967356,0.2872559815797377,0.05509882805667308,0.0355197343107673,0.0,0.6971764166993849,0.049453933808722844,0.02170138888888889,0.012573135814764097,0.17053330296424038,0.28558919441201336,0.4552783279792718,0.49191843019791276,0.43448713511018805,0.15547370612030662,0.48437913688112255,0.31462745037555717,0.32132889803512527,0.2915694709299747,0.49818101520881064,0.4910435416643994,0.4910435416643994,0.3374125874125874,0.3374125874125874,0.0013205171513681173,0.0004877335024142808,0.4828628814547654,0.5108448994669903,0.5324921303953476,0.5137012369172216,0.18413750258852765,0.3880506158608452,0.0
0.6442307692307693,0.027579162410623085,0.25,0.0011440803070563923,0.5004404650899218,0.5100604242025649,0.0,0.0018860038127860863,0.0,0.0,0.0017582241935644998,0.0,0.009213295338978784,0.20598644959045403,0.0008529603053597894,0.21545863508906418,0.23115512476468938,0.00013218367429942653,0.0,0.022254778847495462,0.00013179104023681838,2.0223060355723633e-05,0.0,0.0,0.0,0.00015329429438636294,0.0,0.0,0.0,0.008809142234652085,0.20379118217054262,0.022714592274678112,0.23228417809460522,0.23115512476468938,0.0,0.0,0.0,0.0,0.0,0.0010970464135021097,0.2877474875127881,0.0,0.28686418222359983,9.490624618680261e-05,0.2877474875127881,0.027849380322933204,0.30855941535689263,0.0,0.029586278123164778,0.3102589042742702,0.6959494830519566,0.0016938712657838004,0.007233796296296296,2.0747748869247687e-05,0.0004121519756179568,0.28631386126655667,0.46667443421716964,0.4911115915814564,0.4454540209991923,0.1624962670021086,0.48437913688112255,0.3146351620216851,0.32132889803512527,0.2984522595237039,0.5043915095641613,0.49716505784152615,0.49716505784152615,1.0,1.0,0.0,0.00014632005072428425,0.46927844848066,0.5374162224919521,0.5237688737128527,0.5201712654614652,0.1744046386415407,0.386172596458962,0.0
0.6826923076923077,0.3908750425604358,0.0,0.0,0.4920432943697743,0.5012023183163433,0.0,0.0018758091975818372,0.38752443273561654,0.21990922473012758,0.0017482342833737925,0.0,0.0,4.0448983719284053e-05,0.0,0.0,0.0,0.0,1.0,0.022254778847495462,0.0,0.0,0.0,0.0,0.004902804059865818,0.0,0.0,0.0,0.0,0.0007855953241366307,3.0281007751937984e-05,0.0,0.0,0.0,0.0,0.24463973741330933,0.0,0.0,0.19556284221920947,0.0,0.0002708070048745261,0.0,0.0002699757021868032,9.490624618680261e-05,0.0002708070048745261,0.005588435444290929,0.0,0.0,0.029586278123164778,0.0,0.6959494830519566,0.0014806567008599654,0.007233796296296296,0.0,0.0,0.0,0.45350288786431203,0.4911115915814564,0.4317583939079266,0.15547370612030662,0.48437913688112255,0.31462745037555717,0.32132889803512527,0.2915694709299747,0.4955698473598499,0.48846978419614967,0.48846978419614967,0.38461538461538464,0.38461538461538464,0.0,0.583313011104066,0.4782951428633134,0.5260963639242175,0.5237688737128527,0.5015516358047281,0.17200248498653967,0.3812120348664016,0.0
0.9134615384615384,0.6367041198501873,0.0,0.004760850310008858,0.4917651058919289,0.5029133097665242,1.006664116450905e-05,0.0018758091975818372,0.0,0.0,0.0017582241935644998,0.0,0.0,0.004752755587015877,0.0,0.0047003288212866395,0.008010573957624063,0.0,0.0,0.022254778847495462,0.0,0.0,0.001162480928047274,0.007612645900610429,0.0,0.008165476080980266,0.0,0.0,0.0,0.0007855953241366307,3.0281007751937984e-05,0.0,0.0,0.008010573957624063,0.0003431293395769417,0.0,0.0,0.0,0.0,0.0,0.020842109486269085,0.0,0.020778129968302854,9.490624618680261e-05,0.020842109486269085,0.005588435444290929,0.020532585844428873,0.0,0.05030274802049371,0.0,0.6959494830519566,0.0014806567008599654,0.007233796296296296,0.0,3.253831386457554e-05,0.020622810902210232,0.4535139843650305,0.4911115915814564,0.4317699319256951,0.15547370612030662,0.48437913688112255,0.3146351620216851,0.32132889803512527,0.2915872100758348,0.4955698473598499,0.48846978419614967,0.48846978419614967,0.3304195804195804,0.3304195804195804,0.0,0.00014632005072428425,0.4782897436451202,0.5260963639242175,0.5237742090380408,0.5166947229744565,0.17201076827500517,0.3812120348664016,0.0
0.028846153846153848,0.27613210759278173,0.5,0.011563822458419448,0.4722661542503593,0.4863069302860901,0.0411624957216775,0.0018758091975818372,0.0,0.002318449460255152,0.044485070079219986,0.0,0.007672711528198726,4.0448983719284053e-05,2.1324007633994736e-05,0.0077061184967017,0.021448311771538435,0.00028470329849107255,0.0014623690378413028,0.022713229285016644,0.0022303099117000035,6.066918106717089e-05,0.0,0.0,0.0,0.0023096340354212016,0.0,0.0038796790354771703,0.012465290353736568,0.001749258921744231,0.0020893895348837207,0.0,0.019301637165468497,0.021448311771538435,0.008305748425641853,0.0,0.0,0.0,0.0,0.0,0.0002708070048745261,0.0,0.0002699757021868032,9.490624618680261e-05,0.0002708070048745261,0.005588435444290929,0.0,0.0,0.029586278123164778,0.0,0.6959494830519566,0.0014806567008599654,0.007233796296296296,0.00018672973982322916,7.592273235067626e-05,0.0002516204356052981,0.45336418160533076,0.4911115915814564,0.43161416868581975,0.15547370612030662,0.48437913688112255,0.31462745037555717,0.32132889803512527,0.2915694709299747,0.49543183637417537,0.4883337505033246,0.4883337505033246,0.3304195804195804,0.3304195804195804,0.0,0.00014632005072428425,0.4780359803900395,0.5260963639242175,0.5239769513951875,0.5166288516431237,0.17283081383309173,0.38180134440285457,0.0
0.5576923076923077,0.473953013278856,0.0,0.006212479086704064,0.4915847985451773,0.5033397731009537,0.0,0.0018758091975818372,0.0,6.133464180569185e-05,0.0017981838343273295,3.0723224709665525e-05,7.048422663699617e-05,5.056122964910507e-05,0.0,0.00012103851041939844,0.0046060800256338364,2.0335949892219465e-05,0.0,0.022254778847495462,0.0001622043572145457,0.0034278087302951556,0.0010171708120413649,7.086239535142686e-05,0.0,0.004138945948431799,0.0,2.0365769215103257e-05,0.00027164070988772187,0.001057935036503996,4.037467700258398e-05,0.0,0.0005638454258039832,0.0046060800256338364,0.0,0.0,0.0,0.0,0.0,0.0,0.0005817335660267598,0.0,0.0005799478046975773,0.00020337052754314846,0.000661972678582175,0.005639989276802837,0.0004504955450996096,5.1446151313420244e-05,0.029586278123164778,0.0,0.695941303494307,0.001539882968894364,0.007244925213675214,3.1121623303871525e-05,0.00017353767394440286,0.00029187970530214583,0.45359165987006,0.4911115915814564,0.4318506980500749,0.15547370612030662,0.48437913688112255,0.31455033391427734,0.32132889803512527,0.29148077520067406,0.4957133787849513,0.48833919185103764,0.48833919185103764,0.3304195804195804,0.3304195804195804,0.0,0.00014632005072428425,0.47856510377297373,0.5261121958942424,0.5235768020060823,0.5168264656371221,0.17206875129426383,0.3813804090196739,0.0
0.028846153846153848,0.03404834865509023,0.25,0.004933077453006593,0.4896580857541741,0.5008837553436369,0.0,0.0018758091975818372,0.0,0.0,0.0017482342833737925,0.0,0.0006444272149668221,4.0448983719284053e-05,0.0,0.0006455387222367917,2.002643489406016e-05,0.0,0.0,0.022254778847495462,0.0,0.0,0.0,0.0,0.0,0.0,0.0,0.0,0.0,0.0008065445327802742,3.0281007751937984e-05,0.0,2.0137336635856544e-05,2.002643489406016e-05,0.0,0.0,0.0,0.0,0.0,0.0,0.0002708070048745261,0.0,0.0002699757021868032,9.490624618680261e-05,0.0002708070048745261,0.00571216464231951,0.00012013214535989588,0.0,0.029586278123164778,0.0,0.6959494830519566,0.0015043472080737248,0.007233796296296296,0.0,0.00011930715083677698,0.00013084262651475502,0.45350288786431203,0.4911115915814564,0.4317583939079266,0.15547370612030662,0.48437913688112255,0.31462745037555717,0.32132889803512527,0.2915694709299747,0.4955698473598499,0.48846978419614967,0.48846978419614967,0.3304195804195804,0.3304195804195804,0.0,0.00014632005072428425,0.478284344426927,0.5260963639242175,0.5237688737128527,0.5166800849008271,0.17203561814040175,0.3812249867243456,0.0
0.5384615384615384,0.27579162410623087,1.0,0.015992520421218383,0.5012029075847573,0.5170174284774746,0.0,0.0018758091975818372,0.0,7.360157016683021e-05,0.0018081737445180368,0.0,0.0,0.00011123470522803116,0.0002665500954249342,0.00032276936111839586,0.03120118556494573,6.100784967665839e-05,0.0,0.022254778847495462,6.082663395545463e-05,0.0,0.0,0.0,0.00011058956526013122,0.00015329429438636294,0.007232567216954056,0.00020365769215103255,0.0,0.0008693921587112046,0.024689114987080103,0.0,0.03122294045389557,0.03120118556494573,0.0,0.0,0.0,0.0,0.0,0.0,0.0035104611742994125,0.0,0.0034996850283474487,9.490624618680261e-05,0.0035104611742994125,0.005588435444290929,0.0032335569126038643,0.0,0.029586278123164778,0.0024152741500092895,0.6959658421672557,0.001658335504963161,0.007233796296296296,2.0747748869247687e-05,6.507662772915107e-05,0.0024860099037803457,0.45392455489161493,0.4911115915814564,0.43219683858313135,0.15569089872489844,0.48437913688112255,0.31462745037555717,0.32132889803512527,0.29178234068029624,0.49585691021005274,0.48875273427722576,0.48875273427722576,0.3304195804195804,0.3304195804195804,0.0,0.00014632005072428425,0.4813349027060882,0.5227399862789592,0.5237688737128527,0.5161604332869794,0.17267343135224686,0.3812638422981777,0.0
0.5576923076923077,0.9662921348314607,0.25,0.032132664107863404,0.49629854775311283,0.5188671489641565,0.06837262678934547,0.003405001478219204,0.0,1.226692836113837e-05,0.07110818073745517,0.011736271839092231,0.0013291311308690707,0.0005865102639296189,0.0002452260877909394,0.013667265134857075,0.11750510674089798,0.0945519990238744,1.0016226286584267e-05,0.024776256253861945,0.09683600125708376,0.00027301131480226903,0.0,0.0001316015913669356,0.0,0.09803681106989198,0.0,0.01294244633619812,0.0016499657933920881,0.006798018204862311,0.0010497416020671835,0.00034334763948497857,0.021567087537002358,0.11750510674089798,0.0006458905215565962,0.0,0.00012145380201006042,0.0,0.0,0.0005786618444846293,0.03267737858819282,0.0019684187756867835,0.030757231849133575,0.0007185758639857912,0.03131331367475076,0.006918524323098179,0.03226549204124537,0.018428011400467133,0.030538061197626618,0.0,0.6962194084543909,0.006337210679680651,0.01820690883190883,0.0024793559898750985,0.008069501838414733,0.043238455654414434,0.4475496152288376,0.4911115915814564,0.4255682473751009,0.15547370612030662,0.48437913688112255,0.3121134537378349,0.32132889803512527,0.2886779901547741,0.491446079107897,0.48440509745453747,0.48440509745453747,0.32867132867132864,0.32867132867132864,0.0,0.00014632005072428425,0.4783545342634387,0.5299065913768536,0.5201141759590246,0.5170387177047501,0.1722675502174363,0.38172363325519043,0.0
0.5384615384615384,0.4136874361593463,0.5,0.08549847455959059,0.6752510135848706,0.7196388934561,0.0,0.002844297641985503,0.0031443868445653095,0.0,0.00565428916794038,0.0,0.006756416581917775,0.17100819091920313,0.001940484694693521,0.17913699542070968,0.6082128409500541,0.05444950583641762,0.00723171537891384,0.022254778847495462,0.06318873490739145,0.0,0.0,0.020833544233319495,0.0,0.08473086631715568,0.5576998140197001,0.0,0.0008954082659261941,0.02585132346625606,0.011345284237726098,0.0028755364806866955,0.5281016532753379,0.6082128409500541,0.010172775714516389,0.0,0.00035424025586267623,0.0,0.0,0.0,0.3639646145513631,0.0,0.36284734373906347,0.0003118348088994943,0.36412509277647387,0.019538902522013485,0.37671438582440686,0.0,0.029586278123164778,0.0,0.6959494830519566,0.21216033735282272,0.007233796296296296,0.014938379185858334,0.09118320155316217,0.27813116470067234,0.5089576502050079,0.4903100264200096,0.4885427483558324,0.18071329671224695,0.48437913688112255,0.3160618165553619,0.32163899303695764,0.3181515810013748,0.5333627756769439,0.5257212506393584,0.5257212506393584,0.3479020979020979,0.3479020979020979,0.0,0.00014632005072428425,0.5335399434161934,0.3395482611219589,0.6577709011364242,0.5166874039376418,0.18977013874508178,0.3950964265823933,0.0
0.3076923076923077,0.1920326864147089,0.25,0.11445723846078143,0.4920432943697743,0.5012023183163433,0.0,0.2697291290740231,0.02133084048610521,0.39203876349362116,0.0017482342833737925,0.0,0.3096774843172596,0.9797451714025686,0.09862353530722565,0.0,0.0,0.0,0.0034856467477313246,0.022254778847495462,0.0,0.07005268107222666,0.0,0.29157851047244965,0.02050822049101767,0.0,0.0023764149427134753,0.0,0.33547627671133645,0.053252888372141746,0.2007529877260982,0.018540772532188842,0.0,0.0,0.0,0.11002170575467202,0.04195216744430837,0.0,0.0007777112169078623,0.1059553948161543,0.0002708070048745261,0.5401903525849016,0.0002699757021868032,0.11337229008772047,0.0002708070048745261,0.033613098797764626,0.0,0.0,0.06763735039792633,0.0,0.6606546917942678,0.5045722678922556,0.19874020655270658,0.26777044690651064,0.0,0.0,0.46601419242441894,0.4911115915814564,0.4447675089419637,0.16588085175699768,0.49199099814667724,0.3137020528401993,0.3236123248668001,0.2919419929930374,0.507786579811753,0.5005114866850221,0.5005114866850221,0.3339160839160839,0.3339160839160839,0.05239075023800018,0.013640280284186054,0.6665496836058139,0.5260963639242175,0.8912127194152483,0.5224401668740394,0.20466349140608822,0.41183022704606975,0.0
0.20192307692307693,0.3714674838270344,0.5,0.011846767050487157,0.41075043917718024,0.42507090595198954,0.5176870885260424,0.0018758091975818372,0.0,0.0005642787046123651,0.5159488916194643,0.6102042070335703,0.4011156646159113,0.31538072605925777,0.0015246665458306234,0.0,0.0,0.12392727864318541,0.007922834992688156,0.022254778847495462,0.13157814701797427,0.002022306035572363,0.011576372575137439,0.2684065071925331,0.029441399818141603,0.4350287682292465,0.0,0.22155920329110831,0.9580164191717977,0.0031214320879028794,0.07641916989664083,0.0007725321888412017,0.0,0.0,0.22345793637978362,0.0,0.003684098660971833,0.0,0.0,0.0,0.4220176124852059,0.0004758814622539476,0.4202821746042856,9.490624618680261e-05,0.42157629736615115,0.005918379972367146,0.42083291620782864,0.2538353105804155,0.029586278123164778,0.0,0.7778841120272216,0.013124540996422733,0.16386217948717952,0.036557533507614426,0.5765355372617924,0.0,0.09626769198333306,0.4911115915814564,0.06030921887619704,0.15547370612030662,0.48437913688112255,0.31462745037555717,0.32537422828630225,0.2941150383609029,0.13854094785944962,0.04038568272589756,0.04038568272589756,0.03146853146853147,0.03146853146853147,0.0,0.00014632005072428425,0.5122184307712244,0.5262546836244656,0.48983087019153815,0.5163507282441631,0.17340236073721269,0.38200209820098696,0.0
0.41346153846153844,0.7997957099080695,0.25,0.004896171636649936,0.4975555475418957,0.5087450674120355,0.0058990517224023035,0.003323444556585211,0.0,9.813542688910696e-05,0.009100808183734427,0.016692952092251603,0.01047194224321086,0.00787743957933057,0.0015566525572816156,0.03622077424300498,0.05803660832298634,0.01747874893236263,0.00017027584687193253,0.022683330343439174,0.018035096967792298,0.002194202048596014,0.0,0.0043226061164370385,0.0,0.024762138353210495,0.0,0.018777239216325202,0.009255905670248298,0.0015816652525950832,0.0005652454780361758,0.005150214592274678,0.03395154956805413,0.05803660832298634,0.0034212013563700953,0.00035999788236539785,0.000546542109045272,0.0,0.0003152883311788631,0.0,0.0811919520170107,3.244646333549643e-05,0.08090271875531202,0.0014235936928020392,0.08213476158953682,0.0073721980492029784,0.0834317749524477,0.05234131434627375,0.033646544217411554,0.007049103288488651,0.6945507786938883,0.016962403165051765,0.010772792022792023,0.0020125316403170257,0.011898176769813123,0.08936551390957768,0.4504846396688804,0.4911115915814564,0.42862005307488166,0.15555515334702855,0.48437913688112255,0.31366349460955933,0.32194908803879,0.2909308616790101,0.49296419995031604,0.4859014680756129,0.4859014680756129,0.3094405594405594,0.3094405594405594,0.0,0.00014632005072428425,0.4812539144331901,0.5255158583566415,0.5212079176225791,0.5163873234282368,0.1729799130254711,0.38170420546827444,0.0
0.15384615384615385,0.3289070480081716,0.0,0.027888495226847755,0.5499528625079206,0.5706079414666227,0.07964726489359561,0.01406856898186378,0.008806407750488654,0.00662414131501472,0.10641252335141507,0.04479446162669234,0.03596709393533576,0.05571847507331379,0.0061519762024074805,0.1415141917653467,0.3806524612488485,0.22934884288445112,0.0005709248983353032,0.023002252386932168,0.23000577853022577,0.0016582909491693377,0.0,0.01219845519978134,6.143864736673958e-05,0.24590448743497767,0.0,0.04994704900004073,0.06143104350275665,0.010244163026741663,0.01880450581395349,0.0019206008583690988,0.14048812904005317,0.3806524612488485,0.009224124010980139,0.0016199904706442902,0.001123447668593059,1.5701051970482023e-05,0.0,0.013972272453285112,0.30402599747246795,0.025329872377244215,0.2796748292653661,0.0037555757419634743,0.2832440673206154,0.007052564287629142,0.28386224847332064,0.16247723507804382,0.032715011846661674,0.0,0.69280853291454,0.03130700528298311,0.02483974358974359,0.00753143283953691,0.06274471523552316,0.2649663835098031,0.46476028784322865,0.4911115915814564,0.44346371293411785,0.15913883132279347,0.485875033095049,0.317773801995774,0.32132889803512527,0.29677591023992195,0.5035248005741257,0.4963107662505849,0.4963107662505849,0.3321678321678322,0.3321678321678322,0.0018528186387413118,0.0006177957697247557,0.49483834740729543,0.5075465723784897,0.5275462839460066,0.5185830344726634,0.1766245599503003,0.3864963929075626,0.0
0.1346153846153846,0.6183180115764385,0.25,0.014774628481448676,0.5245192233389829,0.5397638523512003,0.0,0.0034967530150574466,0.0,0.00040480863591756626,0.0036762869501803176,0.013047129426704626,0.03449699435119269,0.0020527859237536657,0.018114744485078525,0.0665409211030643,0.14313894340529498,0.02743319640460406,0.0001201947154390112,0.022484004066256055,0.027696393994383676,1.0111530177861816e-05,0.0,0.0006782543555065143,0.0010567447347079207,0.02949382223993623,0.0,0.04646450246425808,0.0591975532214576,0.002168243094617101,0.002705103359173126,0.006051502145922746,0.11486336817092571,0.14313894340529498,0.00037340545777490717,0.00634231563343745,0.00277319514589638,0.0,9.458649935365892e-05,0.0,0.3221800966881306,0.022215011897036556,0.3006629403353698,9.490624618680261e-05,0.30158873442859724,0.010032375806817479,0.305055561117229,0.1329368549938779,0.07563637836414815,0.0,0.6932011516817171,0.028937954561607162,0.011551816239316238,0.0030810407070832814,0.0624193320968774,0.2605680582954225,0.4789360675111104,0.4911115915814564,0.45820353063343716,0.16870435561669125,0.48437913688112255,0.31494362786680447,0.32132889803512527,0.30490043904386,0.5125783212343702,0.5052345764999074,0.5052345764999074,0.3356643356643357,0.3356643356643357,0.012294117044907819,0.0034629078671413937,0.4955780402997646,0.5226555491054936,0.5105852851731313,0.5176242406499304,0.17204390142886727,0.38206685749070707,0.0
0.7115384615384616,0.536601974804222,0.0,0.030127448085818322,0.9947865418596384,0.5012023183163433,0.0,0.0018758091975818372,0.03884804963032209,0.002244847890088322,0.0017482342833737925,0.11636933412530978,0.6194556603868577,0.21865709374051975,0.0003731701335949078,0.9535514716265558,0.0,0.0,0.0,0.022254778847495462,0.0,0.0046715269421721585,0.0,0.653310792342812,0.0,0.0,0.0017220398135604897,0.02391959594313877,0.16168658698539176,0.4645277524641507,0.08108244509043927,0.010085836909871245,0.723061277915383,0.0,0.5354432423704182,0.0,0.3159418236288372,0.001491599937195792,0.13962018265703985,0.014261603375527426,0.6394154580650337,0.0,0.6374526292633663,9.490624618680261e-05,0.6394154580650337,0.07278370074031304,0.7031835018520373,0.0,0.029586278123164778,0.5484530223713402,0.6959494830519566,0.016429366752742175,0.1733328881766382,0.12099049753101787,0.01746222844065554,0.8016123837513588,0.40132714148593246,0.4911115915814564,0.3775066343602169,0.1590935828635035,0.48437913688112255,0.31462745037555717,0.32123023144363316,0.29505521309148963,0.4414861022937426,0.4351609006518734,0.4351609006518734,0.32342657342657344,0.32342657342657344,0.0,0.00014632005072428425,0.4232879079109345,0.538381972663465,0.4466520834444859,0.3533777354900095,0.731356388486229,0.6740082114779365,0.0
0.5384615384615384,0.17364657814096016,0.75,0.08397303415018208,0.4920432943697743,0.5012023183163433,0.35422496929674446,0.01507783588708444,0.0,0.0,0.3662101277709513,0.27216680662802367,0.059881385115745166,0.28132268176762065,0.06848205051657409,0.6733977527183233,0.0,0.06777972099076747,0.0423385885133917,0.023081982897805414,0.18053344957978937,0.14856871290332366,0.0,0.015255661399228612,0.0,0.34754882423276207,0.03221362477900489,0.004297177304386787,0.6584570807678377,0.2617394127936817,0.9956294412144703,0.0,0.0,0.0,0.0,0.0,0.0062245073530155974,0.007426597582037998,0.08502275330790009,0.023435804701627486,0.4127700547631943,0.0,0.411502964733174,0.01003294602546199,0.42012196345108427,0.061245953024147815,0.47310041045149664,0.0,0.029586278123164778,0.0,0.6959494830519566,0.11883158418421737,0.05853810541310542,0.02238682102991825,0.12243082896777621,0.2814424896332381,0.5605563785460255,0.4911115915814564,0.5430714203299872,0.2201790029049511,0.48437913688112255,0.31658620849206476,0.330110224677924,0.3627655328395938,0.5577741588230424,0.5497828902262513,0.5497828902262513,0.34440559440559443,0.34440559440559443,0.013972914043546357,0.003918125802728056,0.3865894218517159,0.5256266821468151,0.6012484660940084,0.5009734318963623,0.3928929384965832,0.5399953373311401,0.0
0.2403846153846154,0.23289070480081717,0.75,0.0024234819407538627,0.5280738538892294,0.5381453469253535,0.0021441945680404275,0.0019981445800328263,0.001041046995835812,0.0013125613346418057,0.006033905755187261,0.003307867193740655,0.012375016362409754,0.10104156133077156,0.0027614589886023177,0.11900102882733857,0.19442664316898306,0.004148533778012771,0.00011017848915242694,0.022254778847495462,0.0042578643768818245,0.008058889551755866,0.0,0.002135995059878724,0.003870634784104593,0.017802577388069618,0.0,0.08146307686041301,0.02030262787234899,0.01279996648126617,0.06058220284237726,0.005493562231759657,0.1779637125193822,0.19442664316898306,0.005076295817858873,0.0,0.0,0.0,0.0,0.0,0.042316101983912065,0.0,0.04218620324170825,0.007551825589435579,0.04782251108302742,0.009351865217660281,0.0511162278506357,0.0,0.029586278123164778,0.05277537950404913,0.674453605549012,0.007971855677430055,0.011051014957264958,0.0004149549773849537,0.0077441186997689775,0.03870928781351907,0.46049368331696605,0.4911115915814564,0.43902734510211144,0.15952796807268713,0.48437913688112255,0.3145734688526613,0.32132889803512527,0.2954809525921327,0.5000966076899721,0.492931689320811,0.492931689320811,0.40384615384615385,0.40384615384615385,0.0003992261155298959,0.00026012453462094976,0.4804602293587889,0.5266821468151354,0.5209571573387398,0.5165849374222352,0.17586249741147236,0.3841326788327786,0.0
0.34615384615384615,0.0902281239359891,0.25,0.009361775415805532,0.5371407376115974,0.5500914584018416,0.0026575932674303892,0.006249299120204707,0.0,0.0010549558390578998,0.009540364232125554,0.02641173217540913,0.012677091619425453,0.007250480331681667,0.03426768026782954,0.07832200278388575,0.18083870709336325,0.03804856224834262,0.00019030829944510107,0.022254778847495462,0.03812816171774414,0.0028514515101570317,0.0,0.0005264063654677424,0.0,0.04184934236747709,0.0,0.0672579528328785,0.0367419212040726,0.008505378709319255,0.029493701550387597,0.0005579399141630902,0.1406089530598683,0.18083870709336325,0.014562812853221379,0.0004870559584943618,0.0027225893950588546,0.0,0.009343044213933643,0.004593128390596745,0.2145995065294578,6.489292667099286e-05,0.21388075073243407,0.006277370283498515,0.2191129566106999,0.006165838368424309,0.21899088997897687,0.10725493625821853,0.029586278123164778,0.030950481415503658,0.6680571914670855,0.019118239321503874,0.012898415242165243,0.003350761442383501,0.023785507435004717,0.14452071339425904,0.4952035375644291,0.4911115915814564,0.47511826468212753,0.17782644500954742,0.48437913688112255,0.31465829696006914,0.32132889803512527,0.31351279435895163,0.5234039029506748,0.5159050593651034,0.5159050593651034,0.4458041958041958,0.4458041958041958,0.009745211845755407,0.002650018696450926,0.5013983975120403,0.5237690643305715,0.50395347596436,0.5176022835394861,0.17351832677572998,0.383200145060809,0.0
0.6442307692307693,0.3285665645216207,0.5,0.1942722173014467,0.4920432943697743,0.5012023183163433,0.3523324407578167,0.0018758091975818372,0.0,0.00028213935230618254,0.3516248588925186,0.07527190053868053,0.002094388448642172,0.004874102538173729,0.0011195104007847235,0.08211454277702689,0.0,0.0012811648432098264,0.0,0.022254778847495462,0.0012773593130645472,0.0,0.00033905693734712165,0.42225889069981676,0.398564793197513,0.0,0.0044199021881385905,0.0,0.0030081693428306976,0.025285694832877688,0.7589127099483204,0.008057939914163089,0.7950019130469805,0.0,0.0,0.0,0.000273271054522636,0.0,0.026547277485260274,0.0063773357444243525,0.03057110188361317,0.0,0.030477257046865783,9.490624618680261e-05,0.03057110188361317,0.034252366320912296,0.05807388126939633,0.0,0.029586278123164778,0.0,0.6959494830519566,0.008682570893842837,0.06523771367521368,0.00018672973982322916,0.010791874098417552,0.06877289745964009,0.4477770934935668,0.4911115915814564,0.42580477673935613,0.1677269888960281,0.48437913688112255,0.3147277017752209,0.3213993741719054,0.30373852499002174,0.48229871097739385,0.475388784294094,0.475388784294094,0.3304195804195804,0.3304195804195804,0.0,0.00014632005072428425,0.49427682871520207,0.5359121853395957,0.5034786320226218,0.5241381834150625,0.17736177262373162,0.39198798067582796,0.0
0.34615384615384615,0.7368062648961525,0.25,0.08447741364038973,0.4920432943697743,0.5012023183163433,0.8050393605669532,0.2596670438674292,0.03532123735871505,0.002048577036310108,0.0017482342833737925,0.0,0.0,4.0448983719284053e-05,0.018157392500346516,0.0,0.0,0.0,0.0036258739157435044,0.25846638362335306,0.0,0.2126353681102561,0.0,0.08575362157456241,0.0020397630925757535,0.0,0.0005051316786444103,0.0,0.0,0.0007855953241366307,0.475109011627907,0.18896995708154507,0.0,0.0,0.0,0.0,0.007864133680151411,0.0,0.0,0.0,0.0002708070048745261,0.061799697166342205,0.0002699757021868032,0.210922353132584,0.0002708070048745261,0.2399109149774194,0.0,0.0,0.029586278123164778,0.0,0.19523786153644815,0.1320864229703158,0.5873397435897436,0.14604340429063445,0.0,0.0,0.5801860883170493,0.4911115915814564,0.5634821737625476,0.1966407543823133,0.48437913688112255,0.3561315298363589,0.33077270036365686,0.385595813561577,0.5630903419912224,0.5550229080738717,0.5550229080738717,0.3374125874125874,0.3374125874125874,0.010922417058215356,0.0029914321481409223,0.9661630995831805,0.3852657132302496,0.9957370751747318,0.5166947229744565,0.3491571753986332,0.3812120348664016,0.0
0.5865384615384616,0.3905345590738849,0.25,0.0055850802086408816,0.48969414722352445,0.5011920420914173,0.0002516660291127262,0.0018758091975818372,0.0,0.0,0.001997982038141477,0.0,0.0,4.0448983719284053e-05,0.0,0.0,0.00023030400128169184,0.0,0.0,0.022254778847495462,0.0,0.0,0.0,0.0,0.0,0.0,0.0,0.0,0.0002112761076904503,0.0007960699284584524,4.037467700258398e-05,0.0,0.00023157937131235024,0.00023030400128169184,0.0,0.0,0.0,0.0,0.0,0.0,0.0028785781629255183,0.0,0.002869741723244908,9.490624618680261e-05,0.0028785781629255183,0.005588435444290929,0.002602863149464411,0.0,0.029586278123164778,0.003999956284630769,0.6959494830519566,0.001539882968894364,0.007233796296296296,0.0,0.0001952298831874532,0.003925278795442651,0.45278161531760963,0.4911115915814564,0.431008422752971,0.15547370612030662,0.48437913688112255,0.31462745037555717,0.32132889803512527,0.2915694709299747,0.4948521902343427,0.48771343686404245,0.48771343686404245,0.32517482517482516,0.32517482517482516,0.0,0.00014632005072428425,0.47763103902554915,0.5264710538814713,0.5240249693218801,0.5166654468271975,0.17204390142886727,0.3812185107953736,0.0
0.9711538461538461,0.6860742254000681,0.25,0.0003075484696388151,0.4920690525621674,0.5013564616902335,0.0,0.0018758091975818372,0.0,0.0,0.0017482342833737925,0.0,0.0,4.0448983719284053e-05,0.0,0.0,0.0003003965234109024,0.0,0.0,0.022254778847495462,0.0,0.0,0.0,0.0,0.0,0.0,0.0,0.0,0.000291762243953479,0.0007960699284584524,3.0281007751937984e-05,0.0,0.00030206004953784815,0.0003003965234109024,0.0,0.0,0.0,0.0,0.0,0.0,0.0004914645644019177,0.0,0.0004899559039686428,9.490624618680261e-05,0.0004914645644019177,0.005588435444290929,0.00022024226649314246,0.0,0.029586278123164778,0.0,0.6961294333202461,0.0014806567008599654,0.007233796296296296,0.0,0.0,0.00022142598333266237,0.45350288786431203,0.4911115915814564,0.4317583939079266,0.15547370612030662,0.48437913688112255,0.31462745037555717,0.32132889803512527,0.2915694709299747,0.4955698473598499,0.48846978419614967,0.48846978419614967,0.3304195804195804,0.3304195804195804,0.0,0.00014632005072428425,0.4782951428633134,0.5260963639242175,0.5237688737128527,0.5166947229744565,0.17200248498653967,0.3812120348664016,0.0
0.8557692307692307,0.6186584950629894,1.0,0.008734376537742347,0.48969414722352445,0.5025073988819467,0.0,0.0018758091975818372,0.000297441998810232,0.0,0.0020279517687135993,0.0,0.0,7.07857215087471e-05,1.0662003816997368e-05,4.034617013979948e-05,0.002873793407297633,0.0,0.0,0.02506527935577747,0.0028588517959063676,0.0,0.0,3.036959800775437e-05,0.0,0.0029023719737151384,0.0,0.0,0.0,0.0008170191371020959,3.0281007751937984e-05,0.0,3.0206004953784814e-05,0.002873793407297633,0.0,0.0,0.0,0.0,0.0,0.0,0.0002708070048745261,0.0,0.0002699757021868032,9.490624618680261e-05,0.0002708070048745261,0.005588435444290929,0.0,0.0,0.029586278123164778,0.0,0.6959494830519566,0.0015161924616806045,0.007233796296296296,0.0,7.592273235067626e-05,0.00010064817424211926,0.45344740536071954,0.4911115915814564,0.4317007038190838,0.15547370612030662,0.48437913688112255,0.31462745037555717,0.32132889803512527,0.2915694709299747,0.49551464296558007,0.48841537071901964,0.48841537071901964,0.3304195804195804,0.3304195804195804,0.0,0.00014632005072428425,0.47824654989957455,0.5260963639242175,0.5238168916395454,0.5166874039376418,0.17202733485193622,0.38123146265331764,0.0
0.9134615384615384,0.8651685393258427,0.0,0.0029278614309615194,0.5030884072679316,0.5134413022032227,0.016740824256578548,0.005678400668766757,0.0,0.0019259077526987242,0.023666097241785797,0.011859164737930894,0.0,0.00608757204975225,0.002942713053491273,0.020495854431018135,0.07167461048584131,0.048308048968967336,0.0,0.022713229285016644,0.04862075607506007,0.0,0.0,0.0007794863488656955,0.0,0.04980020643631644,0.0,0.002953036536189972,0.016288381826230432,0.002356785972409892,0.0014837693798449613,0.000890557939914163,0.0230069071064661,0.07167461048584131,0.00015138059098982723,0.0,0.0,0.0,0.0,0.0,0.12073980461776093,0.0,0.12036916677499024,9.490624618680261e-05,0.12073980461776093,0.005866826139855236,0.1205025528080889,0.08231384210147238,0.029586278123164778,0.0,0.6954014526894386,0.011632039041955889,0.010149572649572652,0.00210589651022864,0.022820204123688976,0.11433632593904747,0.45726460160788296,0.4911115915814564,0.4356697819314641,0.15547370612030662,0.4831413820492454,0.31486651140552463,0.32132889803512527,0.29350303782872855,0.49810924949625995,0.4909728041441304,0.4909728041441304,0.36713286713286714,0.36713286713286714,0.00022520447542712078,0.0002113511843795217,0.48224737058073996,0.512501978996253,0.5339860214480072,0.5172143745883042,0.1726568647753158,0.38218342421220325,0.0
0.5384615384615384,0.7936670071501533,0.75,0.015684971951579568,0.5495613379835457,0.5651204373561329,0.0,0.0018758091975818372,0.0,0.0,0.0017482342833737925,0.0,0.0,4.0448983719284053e-05,1.0662003816997368e-05,1.008654253494987e-05,0.12457443825850123,0.0,0.0,0.022254778847495462,0.0,0.1252818589037079,0.0,0.00028344958140570745,0.0,0.126907236512657,0.0,8.146307686041303e-05,0.0,0.0009008159716766698,8.074935400516796e-05,0.0,0.00023157937131235024,0.12457443825850123,0.0,0.0,0.0,0.0,0.0,0.0,0.0004011955627770757,0.0,0.0003999640032397084,9.490624618680261e-05,0.0004011955627770757,0.005588435444290929,0.00013014315747322054,0.0,0.029586278123164778,0.00014207495000054645,0.6958840465907604,0.0014806567008599654,0.007233796296296296,0.0,1.0846104621525179e-05,6.038890454527155e-05,0.45354172561682676,0.4911115915814564,0.43179877697011654,0.15548275581216459,0.4843857558909187,0.31462745037555717,0.32132889803512527,0.2915694709299747,0.4956084904358387,0.4885078736301407,0.4885078736301407,0.3304195804195804,0.3304195804195804,0.0,0.00014632005072428425,0.4782897436451202,0.5260963639242175,0.5237688737128527,0.5166874039376418,0.1721018844481259,0.3812832700850937,0.0
0.25,0.9523323118828737,0.75,0.11093888396811338,0.7673520063056054,0.8221236846432095,0.05979584851718375,0.0018758091975818372,0.0,0.0,0.06108830081617566,0.20986010691682197,0.10567599407932497,0.19190009101021335,0.008881449179558807,0.5123156684351738,0.0,0.046365965754260385,0.0,0.02299228607307301,0.046978436958262794,0.15013600008089223,0.0,0.2343925574238482,0.049802167555479095,0.4771438207069933,0.06265928868275435,0.23984766404627103,0.16536882771942532,0.031916119368590845,0.03374313630490956,0.22254291845493562,0.7299985903864356,0.0,0.7311177942838689,0.0,0.008157647035009059,0.0,0.0,0.06705244122965642,0.30060580529979336,0.0,0.2996830285274325,0.037013436012853014,0.32791719323584284,0.020095683913142103,0.3411152267494244,0.0,0.029626779530588686,0.3214609676396979,0.6734638790734198,0.055139655540025104,0.04763176638176638,0.011172662766089879,0.028807253874770875,0.3881295543298845,0.42860234025200156,0.4911168650364659,0.4058670820353063,0.15547370612030662,0.48437913688112255,0.31462745037555717,0.32132889803512527,0.2915694709299747,0.47079411521157083,0.4640490156601987,0.4640490156601987,0.32167832167832167,0.32167832167832167,0.0,0.00014632005072428425,0.4233365008746734,0.5240223758509683,0.58343915061623,0.5211812925419015,0.18174363222199214,0.3927974717973293,0.0
0.9134615384615384,0.2686414708886619,0.25,0.014996063379588623,0.4795969358054329,0.49505199769812563,0.013308099619480965,0.01542445280402891,0.0,0.002318449460255152,0.030119579224982766,0.05732953730823587,0.030791537865133466,0.10556173526140156,0.004083547461909992,0.1964253293256138,0.2114491128289342,0.08462805547647131,0.0,0.022254778847495462,0.08437667906854149,0.0008291454745846689,0.0,0.006873652349088406,0.0,0.09284524430000715,0.0,0.0713616553297218,0.030474063342589237,0.006347610219023975,0.009922076873385012,0.0051931330472103,0.12115628586963088,0.2114491128289342,0.006771758436944938,0.0,0.0012449014706031193,0.0,0.0,0.012188065099457504,0.17698742251910696,0.0002487562189054726,0.17621414072733455,0.015605298480144256,0.1882309281659345,0.01943579485698967,0.2010511562718991,0.09081274629844942,0.029586278123164778,0.0,0.701936919251407,0.023311459098339295,0.03375400641025641,0.011162288891655254,0.0821917808219178,0.22583437336446718,0.44043675826828016,0.4689841743615164,0.39395984769816544,0.15547370612030662,0.48437913688112255,0.31697950244459183,0.32132889803512527,0.2942746906736441,0.45772171464848604,0.45116390427581105,0.45116390427581105,0.23251748251748253,0.23251748251748253,0.0,0.00014632005072428425,0.504044014426711,0.5257691698770384,0.5001653950808301,0.5187660103930323,0.17405674052598882,0.3846507531505394,0.0
0.5384615384615384,0.533197139938713,0.5,0.007676409802184825,0.5114340616032929,0.5237483558040118,0.0,0.0020898961168710688,0.0,0.0,0.0019580223973786476,0.03994019212256518,0.014439197285350357,0.004823541308524624,0.001514004542013626,0.05999475499788182,0.10370689309889053,0.026009679912148694,3.00486788597528e-05,0.022254778847495462,0.025962834926653217,0.0014661718757899632,0.0,0.0020043934685117885,0.0,0.029677775393199865,0.0,0.025864526903181133,0.024316873918467544,0.0014769192093768658,0.02454780361757106,0.0,0.0750417849735194,0.10370689309889053,0.014936218310996287,0.0009847000899994706,0.0008906612147404431,0.0,0.0,0.0,0.15366793043268942,0.0,0.15319621234088932,0.011578562034789918,0.162163246474494,0.005897758439362382,0.16188807688457305,0.11417958822500489,0.053694740892246004,0.0,0.6956631985342233,0.007486200279547986,0.010550213675213676,0.002956554213867795,0.012266944326944978,0.15765530013285559,0.45631585079645137,0.4911115915814564,0.4346832814122534,0.15682211020714745,0.48437913688112255,0.31468143189845305,0.32132889803512527,0.2929531243070646,0.4975020011592923,0.4903742558957002,0.4903742558957002,0.3409090909090909,0.3409090909090909,0.0007677425298651845,0.00035767123510380594,0.47502861585642403,0.5253786479497599,0.5253161180173931,0.513393837371002,0.1762849451232139,0.38163944617855433,0.0
0.5865384615384616,0.6322778345250255,0.75,0.0059787422497785654,0.5010741166227919,0.5127014140085498,0.00688558255652419,0.0018758091975818372,0.003664910342483216,0.0005397448478900883,0.012467407918002818,0.010947709071544149,0.01061291069648485,0.0017999797755081405,0.001076862385516734,0.024187528998809788,0.05716545840509473,0.003233416032862895,0.010166469680883031,0.027118340010763617,0.01846088340548048,0.0,0.0007992056380325011,0.0017006974884342446,0.0006389619326140916,0.02118527148419536,0.0,0.014235672681357175,0.011127208338363717,0.0032785511527302054,0.008670461886304909,0.00040772532188841203,0.03660967800398719,0.05716545840509473,0.0,0.0,6.072690100503021e-05,0.0,0.0,0.0,0.047782391526749714,0.0,0.04763571278584927,0.00010846428135634584,0.047802451304888575,0.005784340007836183,0.04762238462308539,0.03483933366944819,0.029586278123164778,0.00027322105769335853,0.6946816516162807,0.006597806259032006,0.009326032763532763,0.0006224324660774306,0.006453432249807481,0.04561375256652844,0.45475124419514307,0.4911115915814564,0.43306218991577244,0.156206731160804,0.48437913688112255,0.31458889214491725,0.32132889803512527,0.2922346888997295,0.4963979132738966,0.4892859863530999,0.4892859863530999,0.3356643356643357,0.3356643356643357,0.0002968604448812046,0.00022760896779333106,0.4787864717188951,0.5238112829173043,0.5255348663501039,0.5166068945326795,0.17407330710291988,0.38275330596174023,0.0
0.9038461538461539,0.9952332311882873,0.5,0.023853459305186498,0.5695239370881908,0.5884423298257152,6.03998469870543e-05,0.0057497629751965,0.0,0.0012144259077526986,0.006593340725866874,0.045490854720111426,0.03153665683243886,0.009535847911821216,0.007154204561205233,0.09262472009844466,0.2668121920935635,0.08319437100906983,0.0017728720527254152,0.023640096473918154,0.0865258868016342,0.01147658675187316,0.0,0.028263972545883403,0.0,0.12736711939581608,0.016026450531536292,0.07081177956091403,0.027234496358002333,0.0038860782033958664,0.028595364987080103,0.0,0.1428039227531767,0.2668121920935635,0.022495155821088325,0.0007517602837630366,0.009250731253099604,0.0038624587847385775,0.006211180124223603,0.01784207353827607,0.30071613407955705,0.008879515466147524,0.2915837574618284,0.022180945537372723,0.30882028444765397,0.013630833316148722,0.3157773550905997,0.11650495426437149,0.04767015653793969,0.0,0.6983624525585658,0.06243633176186302,0.009047809829059828,0.008133117556745093,0.11362379201509779,0.3016526430210556,0.4622247374290518,0.4912487014117039,0.44097727010499593,0.15914788101465147,0.48437913688112255,0.31529065194256367,0.32132889803512527,0.29593330081156594,0.501669932926661,0.49448247341901636,0.49448247341901636,0.3409090909090909,0.3409090909090909,0.006950629037046136,0.0014632005072428426,0.4868097099539987,0.5210090242229141,0.5182094648668837,0.5135548561809266,0.1778753365085939,0.3830252949785647,0.0
0.5865384615384616,0.5219611848825332,0.0,0.018342190729258932,0.4900547619170277,0.5068799325879645,0.009492842618132033,0.004220570694559133,0.0,0.0,0.013466398937073557,0.005120537451610921,0.007028284313231904,0.0004651633127717666,0.00010662003816997367,0.012608178168687338,0.05646453318380262,0.017356733233009312,0.007121536889761414,0.022812892423608202,0.025080848734299124,0.0,0.0,0.00040492797343672497,0.0,0.02569212373915443,0.0,0.0,0.026791822608555674,0.0040536718725450145,0.0015443313953488371,0.0,0.03146458849352585,0.05646453318380262,0.0011504924915226868,0.0,0.0,0.0,0.0,0.0,0.07644781448717178,0.0,0.07621314081732644,9.490624618680261e-05,0.07644781448717178,0.005485327779267111,0.07593352687956752,0.0,0.029586278123164778,0.05924525415022787,0.6959494830519566,0.007936319916609414,0.009326032763532763,0.006151707539731938,0.008546730441761841,0.07582833447401265,0.4537858486326337,0.4911115915814564,0.4320526133610245,0.15556420303888654,0.48437913688112255,0.3141184817311103,0.32132889803512527,0.29107277484589117,0.4961605343785366,0.48905200840144086,0.48905200840144086,0.3304195804195804,0.3304195804195804,0.0,0.00014632005072428425,0.4765080016413624,0.5252414375428782,0.5271407992317132,0.5177120690917075,0.17343549389107477,0.38323252470566904,0.0
0.6153846153846154,0.46782431052093976,1.0,0.007196634189548272,0.4926666426256871,0.5048298257152253,0.005607119128631541,0.0019267822736030828,0.0,0.00028213935230618254,0.007592331744937612,0.003768715564385638,0.001319061955635214,0.000667408231368187,0.00010662003816997367,0.005759415787456376,0.01865462410381704,0.009222353276121528,0.0010116388549450109,0.022454105124678585,0.010431767723360469,0.0,0.0,0.001235030318982011,0.0,0.011762782189246916,0.0,0.002403160767382184,0.0024447663889894966,0.0011731556840440353,0.0005753391472868218,0.0015236051502145922,0.00716889184236493,0.01865462410381704,0.001200952688519296,0.0,6.072690100503021e-05,0.0,0.0,0.0,0.01567671661551423,0.0,0.015628593426591605,9.490624618680261e-05,0.01567671661551423,0.005670921576309983,0.01545700270297327,0.01064935332187799,0.029586278123164778,0.0,0.6965547703180213,0.0031389922058231265,0.007767984330484331,0.000529067596165816,0.0020932981919543595,0.015499818833286366,0.45351953261538974,0.4911115915814564,0.4317757009345794,0.15548275581216459,0.48437913688112255,0.31462745037555717,0.32132889803512527,0.29157834050290476,0.4955808882387038,0.48848066689157565,0.48848066689157565,0.3304195804195804,0.3304195804195804,0.0,0.00014632005072428425,0.47850571237284845,0.5248086970288669,0.5249319746038521,0.5167825514162336,0.17220956719817768,0.381451644238366,0.0
0.5865384615384616,0.29519918283963226,0.0,0.03907095758291507,0.4920432943697743,0.5012023183163433,0.19904769574583744,0.03849486701124466,0.0,0.006759077526987242,0.24066692640433163,0.11851995985498638,0.32095496057917894,0.40145616341389423,0.07402629250141272,0.908666357346029,0.0,0.31805425631431244,0.0013722230012620446,0.02659012537622835,0.3229083241248568,0.0,0.0,0.1311460473968193,0.005283723673539603,0.0,0.006601152618648544,0.18847501120117308,0.1233751861241901,0.04062051556002472,0.0647609819121447,0.14396995708154506,0.5535854527880142,0.0,0.13600032294526077,0.0,0.012985435664908961,0.0,0.013935744238105747,0.011537070524412297,0.0002708070048745261,0.06784555483452304,0.0002699757021868032,0.08472416177447564,0.0002708070048745261,0.06139030375518116,0.0,0.7269546965191533,0.031580972438792244,0.0,0.677005627535663,0.14085191063940677,0.0774795227920228,0.02992862774388979,0.23110879727545852,0.0,0.48591021821268665,0.5320336024553206,0.5102226837429329,0.1731025058596755,0.49727296796399256,0.3176658389499823,0.31941194711470694,0.2938578207459311,0.5692290706340225,0.5610736867307294,0.5610736867307294,0.3374125874125874,0.3374125874125874,0.0568948397465426,0.014810840689980327,0.5373463922424033,0.5430471264974405,0.4634743637624713,0.5375393398228793,0.18450196728101056,0.40942765739745374,0.0
0.3942307692307692,0.4157303370786517,1.0,0.0009349473477019978,0.4994719570559416,0.5090019730351858,0.0,0.0018758091975818372,0.000223081499107674,0.004109421000981354,0.005304642311265623,0.0024271347520635764,0.018023823668603303,0.004317929012033574,0.0015459905534646182,0.026174577878194914,0.044749068770777424,0.0020335949892219467,5.008113143292133e-05,0.022254778847495462,0.002078243326811366,1.0111530177861816e-05,0.0,0.00019234078738244434,0.0,0.002299414415795444,0.00011480265423736599,0.010661480184106556,0.025725381303070546,0.0032995003613738487,0.003936531007751938,4.291845493562232e-05,0.04273142834128758,0.044749068770777424,0.02480623284353302,0.0,5.060575083752518e-05,0.0,0.005401940074197854,0.00025316455696202533,0.07273675553148382,0.006370322301535798,0.06663400293973543,0.012161557547080277,0.07576578203045074,0.005701853875817129,0.07546300931024126,0.03342970912346048,0.045169194629513375,0.0,0.6965465907603717,0.016547819288810973,0.007512019230769231,0.0006120585916428066,0.013210555429017667,0.07482185273159146,0.4540799059016739,0.4911115915814564,0.432358370831891,0.15592619071320624,0.48437913688112255,0.31462745037555717,0.32132889803512527,0.2920129495764779,0.4958679510889067,0.48876361697265175,0.48876361697265175,0.34265734265734266,0.34265734265734266,0.00038898954846502677,0.0002763823180347591,0.47840852644537074,0.5259644308406776,0.5237528677372886,0.5166434897167532,0.1740484572375233,0.38276625781968426,0.0
0.019230769230769232,0.9274770173646578,0.5,0.05844651117016041,0.4920432943697743,0.5012023183163433,0.49743300650305017,0.0968080659795496,0.0,0.06522325809617271,0.6415320526268469,0.05296683939946337,0.8284917382417206,0.3299322479522702,0.05695642439039993,0.0,0.0,0.0,0.0046375127706885155,0.05822320556518966,0.0,0.878530187973346,0.0,0.07425366712895942,0.0,0.0,0.0,0.5189808969084763,0.3023461708720673,0.01906377986571557,0.18014171511627908,0.13244635193133047,0.0,0.0,0.39870620054900696,0.01522579278945418,0.10538141554406244,0.0,0.03151832350684701,0.02863170584689572,0.0002708070048745261,0.7223447977503785,0.0002699757021868032,0.13513293653483735,0.0002708070048745261,0.030169302785969108,0.0,0.0,0.18297523338936028,0.0,0.7226966365658946,0.4837364667977541,0.060697115384615384,0.13528569650192954,0.0,0.0,0.5946614735043304,0.4427909233292376,0.5256720895350179,0.20253210378186623,0.48437913688112255,0.3112034794947329,0.32132889803512527,0.33375315978535636,0.5591818708769218,0.5516003003623937,0.5516003003623937,0.3339160839160839,0.3339160839160839,0.05836890540388376,0.013949178169048431,0.704047253957627,0.47412000633278795,0.4457397428373259,0.6435921832686817,0.0,0.3590190262793198,0.0
0.7403846153846154,0.2669390534559074,0.75,0.06572925893120755,0.4545239113299985,0.4912343801381125,0.06785922808995551,0.0018758091975818372,0.0,0.0004293424926398429,0.06942987582541633,0.031716608975278046,0.046932425765005586,0.008099908989786632,0.0,0.08629037138649613,0.13407698161573278,0.051236425753446946,0.00016025962058534827,0.022354441986087027,0.05133767905840371,0.004449073278259199,0.0,0.0015083567010518004,0.0,0.05778172936403307,0.0,0.04637285650279011,0.01251559418890096,0.007248426190700646,0.012516149870801031,0.000890557939914163,0.07789121810749311,0.13407698161573278,0.0036230421443565314,0.0,0.0006275113103853122,0.0,0.0,0.0,0.07268660608613668,0.007138221933809214,0.06586407223349898,0.0005423214067817292,0.06639786563960604,0.006042109170395727,0.06644308739613576,0.050900822109497985,0.029586278123164778,0.0,0.6847189503991624,0.014356447371538223,0.016292735042735044,0.005570770571393004,0.037191292747209836,0.095032006119409,0.437940045606618,0.4911115915814564,0.4155763239875389,0.15547370612030662,0.48437913688112255,0.31462745037555717,0.32132889803512527,0.2915694709299747,0.4800850147671755,0.47320680386118036,0.47320680386118036,0.32867132867132864,0.32867132867132864,0.0,0.00014632005072428425,0.47389478003585084,0.5249564620824317,0.5267673264685482,0.5132620947083363,0.17747773866224892,0.3824554132290277,0.0
0.07692307692307693,0.9322437861763705,1.0,0.032526326149001084,0.4920432943697743,0.5012023183163433,0.5149690954116249,0.06952727569297897,0.0,0.006342001962708537,0.5842499075933307,0.19210208303463533,0.34511091196520094,0.8066235210840328,0.1279013977887004,0.0,0.0,0.0,0.04068591117610529,0.11211106460164644,0.0,0.025754067363014044,0.0,0.19476023202372875,0.005443464156693126,0.0,0.0,0.5685919107164678,0.9701396434464163,0.012056269574416826,0.22556322674418605,0.0005150214592274677,0.0,0.0,0.6875605522363959,0.03825506908782889,0.05943139378358957,0.02102370858847543,0.0049079883553509685,0.0,0.0002708070048745261,0.0,0.0002699757021868032,0.6950797890369728,0.0002708070048745261,0.04434660672674407,0.0,0.0,0.08621737105364412,0.0,0.6831484753304542,0.35372296320864227,0.08846376424501425,0.21514378189966388,0.0,0.0,0.6632101066928544,0.4911115915814564,0.649809622706819,0.2712283146758853,0.48437913688112255,0.3073245214923577,0.32132889803512527,0.39662069271364586,0.63884181180822,0.629689081391679,0.629689081391679,0.3479020979020979,0.3479020979020979,0.02706548331951397,0.00962460778097514,0.931100576636503,0.3534117895403451,0.21868964413380998,0.47250237868696476,0.2270615034168565,0.38515587561035636,0.0
0.6442307692307693,0.7814096016343207,1.0,0.04995817340812912,0.4933672654587792,0.5233886879316014,0.03654190742716785,0.001947171504011581,0.0,0.0,0.038081537646976554,0.005407287548901133,6.041505140313957e-05,0.00043482657498230355,0.0002452260877909394,0.006021665893365073,0.08563303560700124,0.07951356407857811,0.0,0.022254778847495462,0.0792773795886092,0.0,0.0,0.00011135519269509936,6.143864736673958e-05,0.080080939387436,0.0014350331779670747,0.0020060282676876706,0.00099601593625498,0.0008693921587112046,0.0027151970284237724,0.0002145922746781116,0.007209166515636642,0.08563303560700124,0.0016046342644921686,0.0,1.0121150167505037e-05,0.0,0.0,0.0,0.005947724218170147,0.00014060134112048453,0.0057994780469757725,9.490624618680261e-05,0.005817335660267598,0.00571216464231951,0.005656221844028432,0.003179372151169371,0.029586278123164778,0.0006885170653872636,0.6952705797670462,0.002700717822368577,0.007756855413105414,0.003973193908460932,0.0009327649974511654,0.009128789403760216,0.4516053862414488,0.4911115915814564,0.429785392869505,0.15547370612030662,0.48437913688112255,0.3146737202523251,0.32132889803512527,0.2916226883675551,0.4936487344392614,0.4865761951920251,0.4865761951920251,0.32867132867132864,0.32867132867132864,0.0,0.00014632005072428425,0.47760944215277634,0.5218111773708375,0.5283892653257216,0.5161604332869794,0.17267343135224686,0.3812638422981777,0.0
0.46153846153846156,0.3578481443649983,0.75,0.019978348587737425,0.4960821789370109,0.5135748931272608,0.0,0.004852636837222578,5.311464264468429e-05,0.0,0.004715237610013886,0.004813305204514266,0.001117678450958082,0.0012842552330872687,0.0011301724046017209,0.008160012910774445,0.0351864461088637,0.022562736405417498,0.0,0.022254778847495462,0.022495716791192305,0.003549147092429497,0.0,0.005699361226121903,0.0,0.03201806828749834,0.0,0.0008044478839965786,0.0005734637208740794,0.002231090720548031,0.0011203972868217055,0.0,0.0038361626291306713,0.0351864461088637,0.0030276118197965444,0.00017999894118269892,0.0,0.0,0.0007882208279471577,0.0,0.020310525365589457,0.0,0.02024817766401024,9.490624618680261e-05,0.020310525365589457,0.0058255830738457096,0.020232255481029134,0.0,0.029586278123164778,0.0054097769423285,0.6959494830519566,0.004844708725213806,0.008513621794871796,0.001400473048674219,0.00843826939554659,0.01818712508555095,0.4546902134411913,0.4911115915814564,0.43299296180916114,0.15608003547479207,0.48437913688112255,0.3144423708684856,0.32132889803512527,0.2919508625659675,0.4965138425018632,0.489400254655073,0.489400254655073,0.3321678321678322,0.3321678321678322,0.0,0.00014632005072428425,0.4792454052653176,0.5260277587207768,0.5230219281865229,0.5168630608211959,0.17294677987160903,0.3821057130645391,0.0
0.4230769230769231,0.9942117807286347,0.75,0.05174195453203425,0.8854172569585756,0.9151543488983888,0.0,0.018615367362958886,0.06625520523497917,0.0008464180569185475,0.08113805056892538,0.0,0.5881606637600314,0.2531803013449287,0.04533484022987281,0.0,0.0,0.2387135478098182,0.001392255453835213,0.10029101636468735,0.3187923885605377,0.3325682275498751,0.0,0.08136015306277396,0.008748863385023715,0.7469009003484891,0.0,0.5692639811005662,0.0,0.00270244791503001,0.1821200742894057,0.04415236051502146,0.0,0.0,0.184300823510415,0.02114458150246175,0.02434136615284961,0.003532736693358455,0.021103298966905232,0.0,0.0002708070048745261,0.01372485399091499,0.0002699757021868032,0.002372656154670065,0.0002708070048745261,0.050924875755263645,0.0,0.0,0.029586278123164778,0.0,0.5911938882345242,0.09351827722631542,0.2971087072649573,0.021473920079671353,0.9847069924836495,0.0,0.4194643719103181,0.5343750164795469,0.4437002422983731,0.15913883132279347,0.48533227429176595,0.3182750589940929,0.3033151974741352,0.28674442325602023,0.5100002760219714,0.5026934671179357,0.5026934671179357,0.3409090909090909,0.3409090909090909,0.012918547635864835,0.0036254857012794875,0.6712901971794484,0.5093830809013669,0.2672997919223177,0.40330820464026934,0.30184303168357834,0.3823971298682797,0.0
0.75,0.3997276132107593,0.5,0.10775268182265525,0.47756203860637875,0.5317638112463006,0.11511204171616098,0.0018758091975818372,0.010431715815415995,0.0032875368007850834,0.12847024505249696,0.024455686868893756,0.1257136527946996,0.0271412680756396,0.01098186393150729,0.18743821992697346,0.3726519005086715,0.1638060763818278,0.0,0.023789591181805497,0.16488072910858567,0.0021638674580624286,0.0,0.002611785428666876,0.00029490550736034995,0.1712808249276962,0.0,0.1079691254938699,0.026791822608555674,0.0114173187107857,0.034681847545219635,0.029431330472103005,0.20596467911154073,0.3726519005086715,0.016651865008880995,0.0006564667266663137,3.0363450502515105e-05,0.0,0.0,0.006148282097649186,0.7897634952157429,0.06811594202898551,0.7243648071673549,0.0010575267432243718,0.7272973460913522,0.010898480193017548,0.7308239062969266,0.47204930599141876,0.22911646179704745,0.06974787160796057,0.6684825284648607,0.01663073606405913,0.023337339743589744,0.014502676459604133,0.014642241239058992,0.7456117396030436,0.44751632572668215,0.4911115915814564,0.425527864312911,0.1554918055040226,0.48437913688112255,0.31462745037555717,0.32132889803512527,0.2915872100758348,0.4896022523392862,0.482587687318395,0.482587687318395,0.3304195804195804,0.3304195804195804,0.0,0.00014632005072428425,0.49099410405373306,0.5165232993825531,0.5230059222109588,0.5195857425162849,0.17712984054669703,0.3877851027729928,0.0
0.15384615384615385,0.6176370446033368,1.0,0.012400354295837024,0.49162601165300623,0.5059653485695494,1.006664116450905e-05,0.0018758091975818372,0.0,0.0,0.0017582241935644998,0.0,2.013835046771319e-05,0.00013145919708767317,1.0662003816997368e-05,0.00012103851041939844,0.009412424400208275,1.0167974946109733e-05,0.0,0.022254778847495462,1.0137772325909106e-05,0.00940372306541149,0.0,0.0,0.0,0.00951446587158026,0.0,0.0,7.042536923015011e-05,0.0007855953241366307,3.0281007751937984e-05,1.072961373390558e-05,9.061801486135444e-05,0.009412424400208275,0.0,0.0,0.0,0.0,0.0,0.0,0.0002708070048745261,0.0,0.0002699757021868032,9.490624618680261e-05,0.0002708070048745261,0.005588435444290929,0.0,0.0,0.029586278123164778,0.0,0.6959494830519566,0.0015043472080737248,0.007233796296296296,0.0,4.3384418486100716e-05,6.038890454527155e-05,0.45346959836215656,0.4911115915814564,0.43172377985462096,0.15547370612030662,0.48437913688112255,0.31462745037555717,0.32132889803512527,0.2915694709299747,0.495536724723288,0.4884371361098717,0.4884371361098717,0.3304195804195804,0.3304195804195804,0.0,0.00014632005072428425,0.4782681467723474,0.5260963639242175,0.5237688737128527,0.5166581277903828,0.17204390142886727,0.3812120348664016,0.0
0.8076923076923077,0.0,0.75,0.006150969392776302,0.5032944728070763,0.5149930121670503,0.012834967484749039,0.0018758091975818372,0.0003505566414549163,0.011383709519136406,0.0240756835596048,0.061835610265653485,0.02484065530192422,0.014703205581959753,0.0018978366794255314,0.10220693550664703,0.15071894901269678,0.05862854353926871,2.0032452573168534e-05,0.022254778847495462,0.058474670775843715,0.00228520582019677,0.0002906202320118185,0.0,0.027008429382418715,0.08384175940971478,0.0,0.03654637285650279,0.00036218761318362907,0.030638217641328597,0.003785125968992248,0.0,0.0689502406411728,0.15071894901269678,0.016278459551106086,0.0,0.0,0.0,0.0,0.0010006027727546714,0.10190367294537722,0.006673155959333766,0.09542141207291342,9.490624618680261e-05,0.09571523138954083,0.0066504443940362526,0.09629592551806988,0.05080821903713383,0.029586278123164778,0.005999934426946154,0.6926858395497972,0.027634976664850392,0.01860754985754986,0.002883937092825428,0.010455644855150274,0.09622971939289021,0.45383023463550776,0.4911115915814564,0.43209876543209874,0.15547370612030662,0.48437913688112255,0.31462745037555717,0.32132889803512527,0.2915694709299747,0.4958955532860416,0.4887908237112168,0.4887908237112168,0.3321678321678322,0.3321678321678322,0.0,0.00014632005072428425,0.4724963825238106,0.5262019103910497,0.5279837806114283,0.5147624972553612,0.1744874715261959,0.381445168309394,0.0
0.3942307692307692,0.3040517534899557,0.25,0.00359216612538136,0.5433536136168108,0.5538833853995396,0.0,0.007105646797361633,3.186878558681057e-05,0.0,0.006903027941778803,0.0,0.021517827474751543,0.029871574476691275,0.003230587156550202,0.0543664642633798,0.16179356750911206,0.03765201122544434,0.00010016226286584267,0.025125077238932404,0.041534453219249604,0.024813695056472896,0.0,0.0024194446412844316,0.0,0.06939121725889363,0.005797534038986981,0.05252331880575129,0.027154010221739303,0.007772156406791733,0.002331637596899224,0.001201716738197425,0.09432328480235205,0.16179356750911206,0.023060310027450348,0.0,0.0018825339311559367,0.0032815198618307427,0.000893316938340112,0.0020735382760699215,0.21255340915929472,0.01615833874107722,0.19696227339539443,0.007023062217823393,0.20268399831497866,0.008557936196976883,0.2049154069476424,0.12123800018520614,0.029586278123164778,0.0,0.6996793613401388,0.024353841415744707,0.00853587962962963,0.005093572347400307,0.047614399288495535,0.19292242038729418,0.4607267098320545,0.4911115915814564,0.4392696434752509,0.15764563216622476,0.48437913688112255,0.31576106235637064,0.32132889803512527,0.29501086522683934,0.5006155289961081,0.4934431760058331,0.4934431760058331,0.3409090909090909,0.3409090909090909,0.004186755929531472,0.0012843648896909393,0.49321858194933377,0.5200960472848171,0.5182734887691405,0.5210641879528654,0.17258231517912612,0.38553147949073296,0.0
1.0,0.8801498127340824,1.0,0.017038185217990356,0.5020735344876438,0.518322509043078,0.00015099961746763575,0.0018758091975818372,0.0,0.0,0.001898082936234403,0.0006963930934190853,0.0019936966963036056,0.0002123571645262413,0.00020257807252294996,0.0030562223880898107,0.03654824368165979,0.002165778663521373,0.0,0.022254778847495462,0.0021593455054186392,0.0,0.0,0.0,6.143864736673958e-05,0.0022278770784151416,0.03380938167290428,0.0019551138446499126,0.0009457121010905871,0.0025034304329153963,0.0004037467700258398,0.0,0.03455566966712983,0.03654824368165979,0.0,0.0,0.0,0.0,0.0,0.0,0.008124210146235782,0.0,0.008099271065604095,0.00020337052754314846,0.008204449258791198,0.005681232342812364,0.008008809690659726,0.005895728940517961,0.029586278123164778,0.0,0.6960312786284518,0.0025348842718722607,0.007322827635327636,0.000331963981907963,0.0008568422651004892,0.007951205765127421,0.4535639186182638,0.4911115915814564,0.4318218530056536,0.15550990488773858,0.48437913688112255,0.31462745037555717,0.32135708848983735,0.2916226883675551,0.4955974495569847,0.48849699093471466,0.48849699093471466,0.3304195804195804,0.3304195804195804,0.0,0.00014632005072428425,0.47805217804461914,0.5261016412475592,0.5238862508669904,0.5165337041645319,0.17354317664112653,0.3822740872178114,0.0
0.5576923076923077,0.9424582907728976,0.25,0.0059295344946363555,0.4840582547279162,0.4957148142058534,0.0016811290744730113,0.0018758091975818372,0.0,0.0,0.003416549285221926,0.020891792802572556,0.004430437102896902,0.00012134695115785216,0.000319860114509921,0.025408000645538723,0.01620138582929467,0.0015048602920242403,0.0,0.022254778847495462,0.0015003903042345476,0.00028312284498013086,0.0002906202320118185,0.0005264063654677424,0.0,0.002452708710181807,0.0,0.0048266873039794714,0.004175218318644614,0.001424546187767757,0.004340277777777777,0.0,0.013874624942105156,0.01620138582929467,0.0014936218310996287,0.0,0.0,0.0,0.0,0.0,0.03142364245451445,0.003049967553536664,0.028507434330910214,9.490624618680261e-05,0.02859521373693607,0.0056296785103004555,0.02831114225648213,0.021514780479272345,0.029586278123164778,0.0027540682615490543,0.6961539719931946,0.0038733979294496694,0.0074563746438746446,0.00029046848416946765,0.0018655299949023308,0.02808084061355127,0.45370817312760425,0.4911115915814564,0.4319718472366447,0.15547370612030662,0.48437913688112255,0.3145349106220214,0.32132889803512527,0.29146303605481394,0.4958458693311988,0.4887418515817997,0.4887418515817997,0.3321678321678322,0.3321678321678322,0.0,0.00014632005072428425,0.47752305466168504,0.5259485988706528,0.5245958491170036,0.5165776183854205,0.17264029819838478,0.3816070665336943,0.0
0.4230769230769231,0.30303030303030304,0.75,0.02958616277925401,0.4734458794619628,0.4950108927984216,0.01016730757615414,0.0018758091975818372,0.0021033398487294978,0.0,0.013816045793748314,0.0,0.0,0.0002123571645262413,0.0,0.0001714712230941478,0.0002002643489406016,7.117582462276814e-05,0.0,0.022254778847495462,7.096440628136374e-05,0.0,0.0,0.00011135519269509936,0.0,0.00018395315326363553,0.0,2.0365769215103257e-05,0.0,0.0007855953241366307,3.0281007751937984e-05,0.0,2.0137336635856544e-05,0.0002002643489406016,0.0,0.0,0.0,0.0,0.0,0.0,0.0002708070048745261,0.0,0.0002699757021868032,9.490624618680261e-05,0.0002708070048745261,0.005588435444290929,0.0,0.0,0.029586278123164778,0.0,0.6959494830519566,0.0014806567008599654,0.007233796296296296,1.0373874434623843e-05,3.253831386457554e-05,4.02592696968477e-05,0.453480694862875,0.4911115915814564,0.4317353178723895,0.15547370612030662,0.48437913688112255,0.31462745037555717,0.32132889803512527,0.2915694709299747,0.495547765602142,0.4884480188052977,0.4884480188052977,0.3304195804195804,0.3304195804195804,0.0,0.00014632005072428425,0.4782897436451202,0.5260963639242175,0.5237688737128527,0.5166874039376418,0.17201076827500517,0.3812120348664016,0.0
0.28846153846153844,0.3295880149812734,0.75,0.0038505068398779646,0.49513942909542374,0.5058985531075304,0.00033219915842879865,0.002202036884117809,0.0,0.0,0.0023975784457697723,0.003819920938901747,0.0007652573177731012,0.00045505106684194554,1.0662003816997368e-05,0.004952492384660386,0.014719429647134217,0.002572497661365762,0.0,0.022254778847495462,0.0025648563984550033,0.000707807112450327,0.0,0.0,0.0,0.003300937139119682,0.0,0.001476518268094986,0.006237675560384724,0.0019063779865715572,0.001927890826873385,0.0009227467811158798,0.011548762560663728,0.014719429647134217,0.002472549652833845,0.0,0.0,0.0,0.0,0.0012055455093429777,0.028976349521574293,0.0,0.02888740013398794,9.490624618680261e-05,0.028976349521574293,0.0062483245004433625,0.029292221443587948,0.00297358754591569,0.04826755229744234,0.0,0.6962930244732365,0.003802326407808391,0.007756855413105414,0.0003008423586040914,0.00544474452000564,0.029681146584000968,0.45338082635640853,0.4911115915814564,0.43163147571247257,0.15547370612030662,0.48437913688112255,0.3146505853139411,0.32132889803512527,0.2915960796487649,0.49542631593474845,0.48832830915561165,0.48832830915561165,0.32867132867132864,0.32867132867132864,0.0,0.00014632005072428425,0.47894304904649815,0.5255686315900575,0.5228405271301285,0.5155675913049842,0.17462828743010975,0.3822676112888394,0.0
0.34615384615384615,0.3755532856656452,0.75,0.005216022045074304,0.4925584582176361,0.5038946892469582,1.006664116450905e-05,0.0018758091975818372,0.0,0.00023307163886162905,0.00194803248718794,0.0,0.0016110680374170554,0.0002932551319648094,0.0,0.001866010368965726,0.007309648736331958,0.004453573026396063,0.0,0.022254778847495462,0.004440344278748188,0.0,0.0,0.0006377615581628417,0.00044235826104052487,0.0054879357390317934,0.0,0.00034621807665675535,0.0006841321582357439,0.0008379683457457395,0.0008882428940568476,0.0,0.001933184317042228,0.007309648736331958,0.00036331341837558535,0.0,0.0,0.0,0.0,0.002386980108499096,0.0017552305871497062,0.0,0.0017498425141737244,9.490624618680261e-05,0.0017552305871497062,0.0056193677437980745,0.0015016518169986986,0.0,0.031054454142281442,0.0,0.6959494830519566,0.0017412522802113192,0.007244925213675214,5.1869372173119215e-05,0.0004772286033471079,0.0021840653810539876,0.4531311550902423,0.4911115915814564,0.43137187031268026,0.15547370612030662,0.48437913688112255,0.31462745037555717,0.32132889803512527,0.2915694709299747,0.49519997791824233,0.4881052138993786,0.4881052138993786,0.3269230769230769,0.3269230769230769,0.0,0.00014632005072428425,0.47843012331814355,0.526091086600876,0.5235768020060823,0.5166068945326795,0.17214330089045352,0.3812444145112616,0.0
0.25961538461538464,0.6401089547156963,0.25,0.020187481547091823,0.5595349100781504,0.5769535103584348,0.029072459683102136,0.004934193758856571,0.0,0.0010426889106967614,0.03444521033755906,0.049874034778690374,0.035554257750747637,0.02357164526241278,6.39720229019842e-05,0.10826894757015192,0.28786998838466776,0.12257493797535282,0.0010316713075181794,0.043094341126990766,0.14445311787187884,0.00030334590533585446,0.0,0.028304465343227073,0.0051731341082794716,0.17880246497225374,0.033866783000022965,0.024316728442833287,0.017837739949293736,0.013124679215242643,0.027131782945736437,0.003004291845493562,0.11330272458164684,0.28786998838466776,0.01974002906507347,0.00345174440150352,3.0363450502515105e-05,0.0,0.0,0.008571428571428572,0.23222202162444083,0.010588362535150334,0.22172004519593236,0.0005829955122903588,0.22275380634290184,0.009846782009774607,0.22620882971268397,0.19040220601096833,0.038243453960025105,0.0,0.6949597565763643,0.015232996138447323,0.01907496438746439,0.004678617370015353,0.016551155652447424,0.23593945005837594,0.4488090680603872,0.4910535835763517,0.426814353294104,0.15547370612030662,0.48437913688112255,0.31462745037555717,0.3213852789445493,0.291604949221695,0.4908112285737945,0.48377934246754234,0.48377934246754234,0.31993006993006995,0.31993006993006995,0.0,0.00014632005072428425,0.4657365613459172,0.47510158847432576,0.5909086058795283,0.5210495498792359,0.17694760820045558,0.38893134220103875,0.0
0.028846153846153848,0.3455907388491658,0.75,0.0018452908178328905,0.49623672809136943,0.5061554587306807,0.0008959310636413054,0.002844297641985503,0.0,0.0,0.0035863777584639513,0.005980787743481555,0.008085547712786845,0.003165132976033977,0.0018658506679745392,0.018871921082891208,0.030229903472583815,0.008551266929678286,0.0,0.022284677789072935,0.008556279843067284,1.0111530177861816e-05,0.0,0.004191004525070103,0.0,0.012856281489202972,0.0,0.005641318072583602,0.010352529276832065,0.0015083430223423308,0.0011304909560723516,0.0,0.017730924907871686,0.030229903472583815,0.0006862586791538834,0.0,0.0001113326518425554,0.00018841262364578426,0.0,0.0,0.05150348037150709,0.003871944624702574,0.04776570108690218,0.0014642677983106689,0.04891576899159496,0.006784484358567216,0.049724697166883575,0.028418853985533343,0.03052793584577064,0.0,0.6963093835885357,0.010862097557508705,0.008357816951566953,0.0008817793269430266,0.010119415611882992,0.04840170699303515,0.4543795114210734,0.4911115915814564,0.43266989731164185,0.15592619071320624,0.48437913688112255,0.3148048182365008,0.32132889803512527,0.29221694975386936,0.4960335642717161,0.48892685740404185,0.48892685740404185,0.3409090909090909,0.3409090909090909,0.0004606455179191107,0.00026012453462094976,0.47893764982830495,0.5258852709905536,0.5235501253801419,0.516980165410232,0.1722592669289708,0.3816588739654704,0.0
0.21153846153846154,0.4433094994892748,0.0,0.019535478791457533,0.5507101533642775,0.5678744656363038,0.00043286557007388913,0.0018758091975818372,0.0006479986402651483,0.004980372914622178,0.006843088480634559,0.0,0.003685318135591514,0.015916675093538273,0.006109328187139492,0.025307135220189226,0.16016141306524612,0.00797169235775003,0.007061439532041908,0.02330124180270685,0.018927220932472302,0.04160894668190137,0.013077910440531835,0.00884767621959244,1.2287729473347913e-05,0.07560474599135421,0.0,0.0,0.025685138234939033,0.02826048246027506,0.018602632428940568,0.016974248927038627,0.08657041019754728,0.16016141306524612,0.0016248183432908123,0.0,0.01678086697772335,0.003532736693358455,0.0005885382182005444,0.0007233273056057866,0.17104972819000624,0.0,0.1705246527812497,9.490624618680261e-05,0.17104972819000624,0.010434495700410369,0.17516267894684154,0.0,0.029586278123164778,0.0,0.6959494830519566,0.10310108739428112,0.008268785612535613,0.016484086476617286,0.060054881289384916,0.15557188292604374,0.4648213185971804,0.4893133434232106,0.4415599400023076,0.16003475081673468,0.48437913688112255,0.3108718787112297,0.32132889803512527,0.2917202536697858,0.5048552264760275,0.49572310069758074,0.49572310069758074,0.34615384615384615,0.34615384615384615,0.0034804328020555026,0.001040498138483799,0.4881487160659137,0.5163491477122802,0.5241956997278984,0.5172948839932665,0.19305032097742805,0.39819839655998657,0.0
0.6153846153846154,0.27477017364657813,0.75,0.009521700620017715,0.5015583706397819,0.514669311081881,0.014989228693953976,0.00495458298926507,0.005704512620039092,0.00165603532875368,0.02635338308308608,0.01512606763205866,0.03201997724366397,0.011447062392557385,0.00263351494279835,0.06083193802828267,0.11129691192373935,0.030697116362305283,4.006490514633707e-05,0.022254778847495462,0.030646485741223226,1.0111530177861816e-05,0.0,0.008442748246155714,0.004018087537784768,0.04275888851416951,0.0,0.026597694594924854,0.028381423799750494,0.003446144821879353,0.012586805555555554,0.0,0.06977587144324292,0.11129691192373935,0.010334248344905539,0.0,0.0003339979555276662,0.0,0.0,0.006666666666666667,0.13083990291067382,0.007852044127190136,0.1231789138977492,0.00023048659788223492,0.12364847244789473,0.006238013733940981,0.12377615376914607,0.05344226198438095,0.043528887628845096,0.0,0.696284844915587,0.015623889507474354,0.011596331908831909,0.0025623469853520895,0.03569453030943936,0.11812069729055115,0.4569816408395613,0.4911115915814564,0.4353755624783662,0.15684020959086342,0.48437913688112255,0.31468143189845305,0.32193499281143406,0.2933522550889175,0.49792155455574266,0.49078779832188835,0.49078779832188835,0.3321678321678322,0.3321678321678322,0.0003992261155298959,0.0002438667512071404,0.48416409303932795,0.5246292680352524,0.5201301819345888,0.5176169216131157,0.17306274591012633,0.3828569208252924,0.0
0.8076923076923077,0.06332992849846783,0.0,0.02013827379194961,0.558190332435231,0.5755816343308122,0.0068050494272081175,0.0063308560418387,0.0,0.0037904808635917564,0.015953886574559695,0.021280953648894988,0.06625517303877639,0.014248154515117809,0.005778806068812573,0.10696778358314338,0.26539031521608525,0.0918371497132631,0.0,0.022254778847495462,0.09156435964761103,0.002204313578773876,0.0,0.001417247907028537,1.2287729473347913e-05,0.09597244790548895,0.0,0.05401001995845383,0.0819851905509276,0.020718767348563406,0.01749232881136951,0.00028969957081545066,0.1723051209247065,0.26539031521608525,0.1131115775875989,0.005294086505373497,0.0009918727164154935,1.5701051970482023e-05,0.0,0.01563592525617842,0.16572385709414056,0.004077438892494052,0.1614554690077893,9.490624618680261e-05,0.16195261880403602,0.0075887241457529946,0.16331965161677844,0.08002963298315653,0.029586278123164778,0.0,0.6934056406229552,0.029660515031626825,0.012364227207977209,0.012884352047802812,0.02519550103580299,0.13960908249124362,0.4670572634919578,0.49108522430640883,0.4458232375677858,0.1617813413453272,0.48437913688112255,0.31370976448632726,0.32132889803512527,0.29669608408355136,0.5058433851334566,0.49859613229004557,0.49859613229004557,0.3339160839160839,0.3339160839160839,0.004186755929531472,0.001219333756035702,0.49424443340604285,0.5225552799620032,0.5134130075228085,0.5191978335651027,0.1743218057568855,0.3852400626869925,0.0
0.15384615384615385,0.04698672114402452,0.5,0.0486664698356461,0.8178071535651914,0.8464372328181519,0.11751796895447865,0.07396193330682732,0.00021245857057873715,0.266400883218842,0.40615977862359015,0.7015238719455994,0.2173431474227946,0.06451612903225806,0.028574170229552946,1.0,0.0,0.6752552161711474,0.00013021094172559547,0.08405589108812216,0.736235439624497,0.01880744613082298,0.0,0.3164714576394724,0.0,0.0,0.0,0.47057146348417583,0.4312547788643406,0.010956436120625544,0.09050993217054264,0.027145922746781116,0.0,0.0,0.15763765541740674,0.0137434485679496,0.05005920872847991,0.0,0.0,0.03750452079566004,0.0002708070048745261,0.19215877136058834,0.0002699757021868032,0.05244248003579321,0.0002708070048745261,0.010125172705338916,0.0,0.0,0.12387355460602256,0.26648889083179417,0.6378173668368015,0.07682831489422189,0.1129585113960114,0.08485829287522303,0.16061996334016637,0.0,0.5555019224687495,0.4911115915814564,0.537815853236414,0.19619731948127167,0.48437913688112255,0.320411184971544,0.32132889803512527,0.33813472881280765,0.5680752987937839,0.5599364450587121,0.5599364450587121,0.35664335664335667,0.35664335664335667,0.036278393677896176,0.009657123347802759,0.5953177979828521,0.41041743627632066,0.525230752814384,0.5168923369684549,0.1798219092979913,0.38750016189822434,0.0
0.11538461538461539,0.6298944501191692,0.25,0.6192303907095759,0.8244321606486942,0.5012023183163433,0.9019207151341884,0.1197867286499271,0.0876179145066712,0.038456820412168795,0.0017482342833737925,0.14644737111607234,0.6201806410036953,0.5629082819294166,0.04016376837862908,0.0,0.0,0.0,0.022175924998497566,0.08845103550000996,0.0,0.3943496769366108,0.0,0.13430448558962574,0.0004669337199872207,0.0,0.0,0.4350942935114659,0.34843454464968404,0.059977584346751295,0.22352430555555552,0.07839055793991416,0.0,0.0,0.059189811077022446,0.02032929218063423,0.007459287673451212,0.0,0.0009353553824972938,0.0,0.0002708070048745261,0.3686999783690244,0.0002699757021868032,0.032457936195886494,0.0002708070048745261,0.01073350792897944,0.0,0.0,0.9496770012757944,0.0,0.6685561444837064,0.2656179668806709,0.1892361111111111,0.15278642267313997,0.0,0.0,0.4295399945627147,0.48963502417879123,0.4052267220491519,0.15589904163763224,0.48437913688112255,0.301941792495026,0.32132889803512527,0.27739589338773335,0.47900300863948775,0.472140299709432,0.472140299709432,0.32867132867132864,0.32867132867132864,0.02576543930227559,0.006779495683558503,0.6124927110554392,0.4125178109662779,0.50364936242864,0.5134889848495937,0.22161109960654382,0.4171599165900349,0.0
0.6442307692307693,0.2986040177051413,0.25,0.18606682413148312,0.4920432943697743,0.5012023183163433,0.7520485614769776,0.04420385152562417,0.01081414124245772,0.022031403336604513,0.8176441793788274,0.0901214591483522,0.19288512077975695,0.3566488016988573,0.08031687475344117,0.7136632305178431,0.0,0.0,0.002373845629920471,0.031144730809862665,0.0,0.04581534323589189,0.0,0.05169917900853385,0.007581529085055663,0.0,0.0,0.12795812797849374,0.2113364722926476,0.05368234714933643,0.02456799095607235,0.002918454935622318,0.4160776495700679,0.0,0.3981410463426449,0.0,0.0,0.0,0.0,0.0,0.0002708070048745261,3.244646333549643e-05,0.0002699757021868032,0.007131526499179739,0.0002708070048745261,0.011444950817643783,0.0,0.0,0.029586278123164778,0.0980207866580693,0.6959494830519566,0.059143351259150455,0.1395900106837607,0.1776422258184987,0.02962071172138526,0.0,0.5367987705077204,0.48659751409330854,0.5134302526825891,0.1810119365435607,0.48437913688112255,0.31075620401931,0.3213429932624813,0.3121557497006519,0.560909768417566,0.552873575727236,0.552873575727236,0.34440559440559443,0.34440559440559443,0.038704460072270165,0.010112341283389422,0.7386670410124614,0.4731173148978838,0.34619324547831193,0.5525726414403864,0.17322841167943673,0.41391547617505736,0.0
0.5384615384615384,0.8437180796731358,0.25,0.005289833677787619,0.5040569153019118,0.5154914090759618,0.004056856389297148,0.0018758091975818372,0.0,0.0005152109911678116,0.006203734228429287,0.024824365565409744,0.04779837483511726,0.004378602487612499,0.00013860604962096578,0.07678884831857336,0.10853326390835905,0.015516329767763452,0.0005008113143292134,0.022274711475213774,0.01599740473028457,0.008655469832249714,0.005013199002203869,0.0006681311561705962,1.2287729473347913e-05,0.027674729946551388,0.0,0.04804284957842858,0.025564409030544487,0.0018959033822497356,0.007529877260981912,0.00023605150214592275,0.08186834209307478,0.10853326390835905,0.004400129178104312,0.0005294086505373498,0.00041496715686770646,0.0,0.0,0.0013140446051838459,0.18157108182383502,0.013346311918667532,0.16867481926626604,0.00016269642203451876,0.16924434815750938,0.005670921576309983,0.16873560917008712,0.10380804412021936,0.04227334399870396,0.0,0.6943299306373512,0.016974248418658643,0.011596331908831909,0.0016079505373666958,0.05167084241694595,0.17878135190627642,0.4484650765381137,0.4911115915814564,0.42652013384100607,0.15547370612030662,0.48437913688112255,0.31200549069204314,0.32132889803512527,0.2885538161337532,0.4924287173258991,0.48537365734745175,0.48537365734745175,0.30594405594405594,0.3076923076923077,0.0,0.00014632005072428425,0.4790672310649418,0.5261860784210248,0.5224243717654591,0.5160213715874991,0.17361772623731622,0.3818790555505187,0.0
0.6826923076923077,0.7058222676200204,1.0,0.0,0.4920432943697743,0.5012023183163433,0.0,0.0018758091975818372,0.0,0.0,0.0017482342833737925,0.0,0.0,4.0448983719284053e-05,0.0,0.0,0.0,0.0,0.0,0.022254778847495462,0.0,0.0,0.0,0.0,0.0,0.0,0.0,0.0,0.0,0.0007855953241366307,3.0281007751937984e-05,0.5869098712446352,0.0,0.0,0.0,0.0,0.0,0.9766054325639818,0.24067009279986548,0.0,0.0002708070048745261,0.0,0.0002699757021868032,9.490624618680261e-05,0.0002708070048745261,0.005588435444290929,0.0,0.0,0.029586278123164778,0.0,0.6959494830519566,0.0014806567008599654,0.007233796296296296,0.0,0.0,0.0,0.45350288786431203,0.4911115915814564,0.4317583939079266,0.15547370612030662,0.48437913688112255,0.7966053333744622,0.32132889803512527,0.2915694709299747,0.4955698473598499,0.48846978419614967,0.48846978419614967,0.4527972027972028,0.4527972027972028,0.0,1.0,0.4782951428633134,0.5260963639242175,0.02224830603425281,0.5166947229744565,0.17200248498653967,0.3812120348664016,0.0
0.23076923076923078,0.27647259107933264,0.5,0.01709969491191812,0.5168020688980131,0.533038063137126,0.012865167408242565,0.0018758091975818372,0.0007117362114387695,0.0,0.015184663489875225,0.02835753640702128,0.0036249030841883742,0.0906158357771261,7.463402671898158e-05,0.12197655887514879,0.1965995113549886,0.007127750437222922,0.0,0.023231477605692757,0.008100080088401376,0.0030840167042478534,0.0,0.001801929481793426,0.0,0.01311177197984691,0.0,0.09435460877357338,0.05228580626987001,0.002911940001466444,0.037235545865633074,1.072961373390558e-05,0.18478020097061965,0.1965995113549886,0.009214031971580819,0.0,8.096920134004029e-05,0.0,0.0,0.0,0.021353633828809854,0.0,0.021288084072433478,9.490624618680261e-05,0.021353633828809854,0.005701853875817129,0.021153268595455,0.0,0.029586278123164778,0.030895837203964983,0.6843017929590368,0.003067920684181848,0.009748931623931624,0.0003838333540810822,0.0019089144133884316,0.019898144047666978,0.4542574499131699,0.4911115915814564,0.43254297911618783,0.1557180478004724,0.48437913688112255,0.31462745037555717,0.32132889803512527,0.2918089493990864,0.49617157525739053,0.48906289109686685,0.48906289109686685,0.3321678321678322,0.3321678321678322,0.0,0.00014632005072428425,0.47324687385266617,0.5298327088500713,0.5229098863575734,0.5138476176535167,0.17689790846966247,0.38252664844771983,0.0
0.46153846153846156,0.9550561797752809,0.0,0.009534002558803267,0.49621096989897634,0.5093410884577442,0.021009080110330387,0.004750690685180087,0.0,0.0004538763493621197,0.02578395820221576,0.0017717059582573785,0.0007753264930069579,0.002244918596420265,0.0011195104007847235,0.0057795888725262765,0.05295990707734209,0.026660430308699717,0.0,0.038948354561581855,0.04357214545675733,0.0,0.0,0.008098559468734499,0.0,0.05209962085211188,0.0,0.0008146307686041302,0.00026157994285484326,0.0013093255402277179,0.0003936531007751938,0.0,0.001933184317042228,0.05295990707734209,0.0,0.0,0.0,0.0,0.0,0.0,0.01494453471344607,0.0,0.014898659120679138,9.490624618680261e-05,0.01494453471344607,0.005763718474831419,0.014816297927720493,0.002479704493306856,0.029586278123164778,0.004131102392323581,0.6959494830519566,0.004418279595366136,0.008257656695156695,0.000923274824681522,0.002494604062950791,0.01286283666814284,0.45462363443688036,0.49103248975631364,0.43283719856928576,0.15580854471905234,0.4843658988615303,0.31484337646714067,0.32137118371719336,0.2921903410350792,0.4962157387728063,0.48910642187857084,0.48910642187857084,0.3339160839160839,0.3304195804195804,0.0005937208897624092,0.0002926401014485685,0.4769291406604324,0.5165444086759196,0.5344181827882409,0.5162043475078679,0.17297162973700558,0.3815358313150022,0.0
0.5576923076923077,0.6455566905005107,1.0,0.0013163074500541286,0.4957112609665504,0.5054155705360079,0.0053051198936962685,0.003741423779959425,0.0,0.0,0.008841070518776036,0.005489216148126907,0.007702919053900296,0.0026595206795429266,0.00019191606870595259,0.015916564120150894,0.031121079825369487,0.016319599788506122,0.0,0.02282285873746736,0.016848977605660932,1.0111530177861816e-05,0.0,0.0,0.0,0.01699522743763477,0.0,0.007209482302146552,0.004949897380176265,0.0010788842451476396,0.0007671188630490956,0.001555793991416309,0.014549225719406351,0.031121079825369487,0.0,0.0,0.004837909780067407,0.0,0.0,0.0,0.05257667850193577,0.005148172182565434,0.04765571098601126,0.00010846428135634584,0.047812481193958,0.005701853875817129,0.04756231855040544,0.037288170471966996,0.029586278123164778,0.003136577742319756,0.6959985603978537,0.004228755537656061,0.008457977207977209,0.0012448649321548612,0.0025162962721938416,0.046408873143041186,0.4542796429146069,0.4911115915814564,0.43256605515172486,0.15573614718418838,0.48447842202806457,0.3148742230516526,0.32132889803512527,0.29197747128475765,0.49608876866598584,0.4889812708811718,0.4889812708811718,0.34615384615384615,0.34615384615384615,0.0,0.00014632005072428425,0.4790078396648166,0.5225500026386616,0.5264365363068879,0.5164019615018663,0.17255746531372954,0.3813933608776179,0.0
0.4423076923076923,0.7906026557711952,0.25,0.11208296427516977,0.48246124679954455,0.5384587717855969,0.0,0.0018758091975818372,0.0,0.0019381746810598626,0.0033266400935055597,0.00450607295741761,0.012948959350739581,0.0072808170694711296,0.0013753984923926604,0.025932500857356117,0.0999319101213602,0.05823199251637044,7.011358400608988e-05,0.029978672088341405,0.06598676006934237,0.0,0.004940543944200915,0.005132462063310489,0.0,0.07378565369796937,0.0,0.010366176530487556,0.01401464847679987,0.001298850935905896,0.00299781976744186,7.510729613733907e-05,0.02778952455748203,0.0999319101213602,0.03148716292588406,0.019016358727301605,0.0024796817910387337,0.0,0.0,0.00028933092224231466,0.1156947704158392,0.011756435215228206,0.10447059764621183,9.490624618680261e-05,0.10479228099737216,0.0067638628255624516,0.10546601261387525,0.05101400364238751,0.02995079078997995,0.0,0.6953441957858919,0.011004240600791262,0.007779113247863249,0.007821901323706377,0.032494929446089435,0.09583719151334595,0.4591177172278722,0.4911115915814564,0.43759663089881157,0.15732889295119504,0.4857360338893301,0.3171568703055354,0.32132889803512527,0.2944786908510355,0.4993458279279031,0.4921916660318428,0.4921916660318428,0.3321678321678322,0.3321678321678322,0.0,0.00014632005072428425,0.4880623285748224,0.5145812443928439,0.5259030037880809,0.5168850179316401,0.17219300062124662,0.38152935538603017,0.0
0.18269230769230768,0.17262512768130744,0.0,0.045369550241118,0.49981711683400903,0.5323341417296942,0.00014093297630312672,0.0018758091975818372,0.0,0.0001594700686947988,0.002017961858522892,0.0,0.0325939202319938,0.0012842552330872687,8.529603053597894e-05,0.033971475257711166,0.09465494452677535,0.0016878838410542155,0.0,0.022254778847495462,0.0016828702061009114,0.004479407868792784,0.0,0.03089600437322211,2.4575458946695827e-05,0.037434466689149834,0.00011480265423736599,0.0,0.042486619179846266,0.010642197990970891,0.006015826873385013,0.00025751072961373387,0.058307658229122615,0.09465494452677535,0.011282900048441789,0.0010588173010746996,4.0484600670020146e-05,0.0,0.0,0.0015913200723327305,0.07243585885940101,0.0,0.07221350078492936,9.490624618680261e-05,0.07243585885940101,0.006361742931969562,0.07278005806387026,0.0,0.09938032846641422,0.0,0.6959494830519566,0.002523039018265381,0.007278311965811966,0.0001659819909539815,0.0014750702285274244,0.0718225371391763,0.45424635341245145,0.4911115915814564,0.4325314410984193,0.1555913521144605,0.48437913688112255,0.31462745037555717,0.32132889803512527,0.29168477537806553,0.49623782053051424,0.48912818726942286,0.48912818726942286,0.3321678321678322,0.3304195804195804,0.0,0.00014632005072428425,0.47193486383171723,0.5141062852920998,0.5466254068185455,0.5227914806411477,0.17289708014081592,0.38730588402906396,0.0
0.21153846153846154,0.4960844399046646,0.25,0.06860791260702687,0.4907244749192481,0.5285422147319961,0.0,0.0018758091975818372,0.010697289028639416,0.0,0.01180807384541613,0.0,0.0002215218551448451,5.056122964910507e-05,1.0662003816997368e-05,0.00024207702083879688,0.06360395722353507,0.02478952291861553,0.024449608365552194,0.022254778847495462,0.04946219117811052,0.005773683731559096,0.0,0.006519340372331272,0.00022117913052026244,0.06246231515263002,5.740132711868299e-05,0.00045822980733982324,7.042536923015011e-05,0.000858917554389383,0.0017764857881136951,4.291845493562232e-05,0.0024164803963027852,0.06360395722353507,0.000706442757952527,0.0,0.0,0.0,0.0,0.0,0.0029788770536197874,0.0,0.0029697327240548353,9.490624618680261e-05,0.0029788770536197874,0.0058255830738457096,0.0029332265492041246,0.0,0.029586278123164778,0.0020327646692385876,0.6959740217249052,0.0016227997441425222,0.007233796296296296,0.000529067596165816,0.00037961366175338126,0.0028986674181730346,0.45353062911610825,0.4911115915814564,0.43178723895234794,0.15548275581216459,0.48437913688112255,0.31462745037555717,0.32132889803512527,0.29157834050290476,0.49559192911755773,0.48849154958700164,0.48849154958700164,0.3304195804195804,0.3304195804195804,0.0,0.00014632005072428425,0.47766343433470837,0.5265291044382289,0.5237688737128527,0.5164385566859401,0.17235038310209153,0.3812573663692057,0.0
0.7788461538461539,0.9213483146067416,0.25,0.01894498572975101,0.7769546604297497,0.7932783212758961,0.0,0.03527336860670194,0.0,0.0030299313052011777,0.03694268788523591,0.0,0.04668069638415917,0.015673981191222573,0.07021995713874465,0.12878497508623996,0.7323266712059919,0.1763431894903811,0.0002704381097377752,0.03831051047459586,0.19242505651808073,0.0008089224142289453,0.0,0.16568640353097192,2.4575458946695827e-05,0.3620811233405893,0.027977406837646088,0.09036291800741314,0.02768723087448187,0.2319182142894552,0.010921350129198964,0.005343347639484979,0.3796492075958034,0.7323266712059919,0.06415509446148877,0.0,1.0121150167505037e-05,0.0,0.00025223066494309043,0.0,0.6681410603598724,0.05993943326844041,0.6106650401463868,0.03190205675393522,0.636085534893984,0.0293238199327738,0.6576534187606367,0.45013324553190176,0.029586278123164778,0.0,0.6961703311084937,0.025538366776432682,0.01338808760683761,0.019056807336404,0.06822199806939337,0.548391642175611,0.5156821296404179,0.4911115915814564,0.49641167647398177,0.1942968841910933,0.48437913688112255,0.30960716874624056,0.32132889803512527,0.32384584682247547,0.5373485329432224,0.5296499036881455,0.5296499036881455,0.4160839160839161,0.4160839160839161,0.012611450623918764,0.003397876733486156,0.5140919594842667,0.4348092247612011,0.517179747105586,0.4295762277684257,0.28054669703872437,0.38898962556178684,0.0
0.5384615384615384,0.519237316990126,0.25,0.003690581635665781,0.49171874114562136,0.5024200509700757,0.0003422657995933077,0.0018758091975818372,0.0,0.0,0.0020878912298578434,0.0,0.0,4.0448983719284053e-05,0.0,0.0,0.0027135819281451515,0.0,0.0,0.022254778847495462,0.0,0.0018908561432601596,0.0,0.00020246398671836248,1.2287729473347913e-05,0.002125680882157566,0.0,0.0005804244226304428,2.0121534065757174e-05,0.0008274937414239177,3.0281007751937984e-05,0.0,0.000634326104029481,0.0027135819281451515,0.0,0.0,0.0,0.0,0.0,0.0,0.0002908667830133799,0.0,0.00028997390234878864,9.490624618680261e-05,0.0002908667830133799,0.005588435444290929,2.0022024226649315e-05,0.0,0.029586278123164778,0.0006229440115408574,0.6954914278235834,0.0014806567008599654,0.007233796296296296,6.224324660774305e-05,1.0846104621525179e-05,8.05185393936954e-05,0.45346959836215656,0.4911063181264469,0.43171801084573663,0.15547370612030662,0.48437913688112255,0.31462745037555717,0.32132889803512527,0.2915694709299747,0.495531204283861,0.48843169476215864,0.48843169476215864,0.32517482517482516,0.32517482517482516,0.0,0.00014632005072428425,0.4778686046260502,0.5251095044593382,0.5252094115136318,0.5167239991217155,0.17200248498653967,0.3812379385822896,0.0
0.5096153846153846,0.9315628192032687,0.5,0.01228963684676705,0.49137358136755394,0.5056621999342321,0.0,0.0018758091975818372,0.0,0.0,0.0017482342833737925,0.0,7.048422663699617e-05,7.07857215087471e-05,0.0,0.00011095196788444858,0.00880161813593944,0.00011184772440720706,0.001352190548688876,0.022254778847495462,0.0014801147595827292,0.0010920452592090761,0.0,0.00019234078738244434,0.0,0.0028001757774575634,0.0,0.0,3.0182301098635757e-05,0.005719133959714672,0.0013626453488372093,0.0,0.006091544332346604,0.00880161813593944,0.0,0.0,0.0,0.0,0.0,0.0,0.000842510681831859,0.0,0.0008399244068033877,9.490624618680261e-05,0.000842510681831859,0.00571216464231951,0.0006907598358194013,0.0,0.029626779530588686,0.0,0.6961785106661432,0.0017175617729975597,0.007233796296296296,2.0747748869247687e-05,0.0002928448247811799,0.000815250211361166,0.4534418571103603,0.4911115915814564,0.43169493481019955,0.15550085519588058,0.48437913688112255,0.31462745037555717,0.32132889803512527,0.2915960796487649,0.49549256120787216,0.48839360532816767,0.48839360532816767,0.3304195804195804,0.3304195804195804,0.0,0.00014632005072428425,0.47872168110057667,0.5260963639242175,0.5237688737128527,0.5172729268828221,0.1752495340650238,0.38426219741221884,0.0
0.18269230769230768,0.3748723186925434,0.5,0.002706426532821573,0.48506282423124675,0.49537056067083196,0.0,0.0018758091975818372,0.0,0.0,0.0017482342833737925,0.010159146303996067,0.001490237934610776,4.0448983719284053e-05,0.0,0.011488571947307904,5.00660872351504e-05,1.0167974946109733e-05,0.0,0.022254778847495462,1.0137772325909106e-05,0.0,0.0,4.0492797343672497e-05,0.0,5.109809812878765e-05,0.0,0.0,0.0,0.0007855953241366307,3.0281007751937984e-05,0.0,0.0,5.00660872351504e-05,3.0276118197965443e-05,0.0,0.0,0.0,0.0,0.001024713682941531,0.0002708070048745261,0.0,0.0002699757021868032,9.490624618680261e-05,0.0002708070048745261,0.005588435444290929,0.0,0.0,0.029586278123164778,0.0,0.6959494830519566,0.0014806567008599654,0.007233796296296296,0.0,4.3384418486100716e-05,5.032408712105963e-05,0.4534751466125158,0.4911115915814564,0.43172954886350523,0.15547370612030662,0.48437913688112255,0.31462745037555717,0.32132889803512527,0.2915694709299747,0.495542245162715,0.4884425774575847,0.4884425774575847,0.3304195804195804,0.3304195804195804,0.0,0.00014632005072428425,0.4782735459905406,0.5260963639242175,0.523790215013605,0.5166947229744565,0.17200248498653967,0.3812120348664016,0.0
0.22115384615384615,0.18318011576438542,0.0,0.022303415018206867,0.6234358337669296,0.6415652745807301,0.0,0.0021510638080965636,0.0,0.00041707556427870464,0.0023576188050069427,0.0,0.0006242888644991089,0.009181919304277478,0.0012687784542226865,0.010943898650420609,0.2850262346297112,0.040488876235408956,0.0,0.029779345811158285,0.04802262750783143,0.004034500540966865,0.0,0.05072735187228571,0.0,0.10368826072293588,0.1517346681055266,0.0017005417294611218,0.00099601593625498,0.02381925022782264,0.026627099483204138,2.145922746781116e-05,0.18443786624781008,0.2850262346297112,0.004692798320684644,0.0,5.060575083752518e-05,0.0,0.0,0.013610608800482217,0.07912579486870876,0.0,0.07888290053895149,9.490624618680261e-05,0.07912579486870876,0.01662095560183944,0.08942837120832917,0.0026443321775098004,0.029586278123164778,0.0,0.6961539719931946,0.03835493117907654,0.007289440883190884,0.0013486036765010996,0.01610646536296489,0.05048512419984701,0.47523538452149117,0.4911115915814564,0.45435560170762657,0.16617044189645344,0.48437913688112255,0.314696855190709,0.3211738505342091,0.30203556698744954,0.5106792900714897,0.5033627528866349,0.5033627528866349,0.36013986013986016,0.36013986013986016,0.0,0.00014632005072428425,0.4738515862903052,0.4730750963111509,0.5814277330203276,0.5162336236551269,0.19073928349554775,0.39545260267585386,0.0
0.25,0.7732379979570991,0.75,0.12063281173112883,0.4920432943697743,0.5012023183163433,0.039290100465078824,0.10482103353008941,0.01886632106739186,0.002453385672227674,0.1613570294003057,0.0,0.5668945656661263,4.0448983719284053e-05,0.14624004435393587,0.0,0.0,0.3263614918452841,0.0038462308940483583,0.06333592457493671,0.3710830182175769,0.23495151521279717,0.0,0.45839871232904444,0.00824506647661645,0.0,0.0,0.0,0.24828966960441062,0.07850715939205397,3.0281007751937984e-05,0.3580042918454936,0.0,0.0,0.3905922008719522,0.01877283074805442,0.0041901561693470845,0.0,0.0,0.0509704641350211,0.0002708070048745261,0.012189054726368158,0.0002699757021868032,0.030410672885285463,0.0002708070048745261,0.021961932650073207,0.0,0.17752008972208788,0.029586278123164778,0.0,0.29920821881952625,0.2223472554547393,0.15955528846153846,0.06803186854226316,0.3144068807687719,0.0,0.6275293086325228,0.4911115915814564,0.6127091265720549,0.21878535035882027,0.48437913688112255,0.34329163903326804,0.32132889803512527,0.38658033615681403,0.6095890032846615,0.6008553798604838,0.6008553798604838,0.36713286713286714,0.36713286713286714,0.07027403290032655,0.01911915329463981,0.6472690754378766,0.4786110084964905,0.40690924611855095,0.5195857425162849,0.2092689997929178,0.41290523125542355,0.0
0.21153846153846154,0.07933265236636024,1.0,0.007430371026473773,0.49028658564856553,0.5025536418941138,0.0,0.0022224261145263073,0.0,0.0,0.0020878912298578434,0.0,0.00011076092757242255,4.0448983719284053e-05,0.0,0.00011095196788444858,0.0030840709736852647,1.0167974946109733e-05,0.0,0.022254778847495462,1.0137772325909106e-05,0.0,0.0,0.0,0.0,1.021961962575753e-05,0.0,0.0009062767300720949,0.0013582035494386093,0.0008170191371020959,0.0008478682170542637,0.0,0.003091081173603979,0.0030840709736852647,0.0,0.0,0.0,0.0,0.0,0.0,0.0057772161039898896,0.0,0.005759481646651801,9.490624618680261e-05,0.0057772161039898896,0.005588435444290929,0.005496045650215237,0.005298953585282286,0.029586278123164778,0.0,0.6959494830519566,0.0015280377152874843,0.007233796296296296,0.00010373874434623843,0.0002169220924305036,0.005535649583316559,0.45350288786431203,0.4911115915814564,0.4317583939079266,0.15547370612030662,0.48437913688112255,0.31460431543717327,0.32132889803512527,0.2915428622111846,0.4955808882387038,0.48848066689157565,0.48848066689157565,0.3304195804195804,0.3304195804195804,0.0,0.00014632005072428425,0.47830054208150663,0.5260963639242175,0.5237688737128527,0.5167020420112712,0.17201076827500517,0.38123146265331764,0.0
0.028846153846153848,0.8471229145386449,0.75,0.012080503887412657,0.525853497704945,0.5399693768497206,0.014264430530109324,0.0035783099366914393,0.013884167587320473,0.004072620215897938,0.03393572491783299,0.021977346742314073,0.01611068037417055,0.0035190615835777126,0.010214199656683477,0.050916866716426944,0.15835903392478073,0.1021678122585106,0.0,0.022254778847495462,0.10186433633073469,0.0,0.0,0.0020347630665195427,0.0,0.10474088154438892,0.0,0.019184554600627266,0.032053603766751176,0.003550890865097571,0.0011708656330749352,0.0012875536480686696,0.056042207857588754,0.15835903392478073,0.0009385596641369289,0.00032823336333315684,9.109035150754532e-05,0.0,0.0,0.0,0.22897233756594654,0.024302401038286826,0.20579147876691098,0.00020337052754314846,0.2065154159394997,0.005804961540840946,0.20605666232856143,0.11021823457387153,0.03226949636499868,0.0,0.6970700824499412,0.04267844874558764,0.01244212962962963,0.010840698784181915,0.032386468399874184,0.19213736462820566,0.4617864256506711,0.4914596396120846,0.44075227875850925,0.15954606745640312,0.48437913688112255,0.3148973579900366,0.32132889803512527,0.2958712138010555,0.5015043197438516,0.49431923298762637,0.49431923298762637,0.34965034965034963,0.34965034965034963,0.0,0.00014632005072428425,0.4876627864285252,0.522228085914824,0.5195006135623966,0.518173168411037,0.17251604887140196,0.3829216801150125,0.0
0.0,0.8243105209397344,0.5,0.02329987205983663,0.4964273387150783,0.5153064370272937,0.0,0.0024365130338155384,0.0,0.0,0.0022976793438626987,0.019478524465927943,0.005356801224411708,0.0009808878551926384,0.001652610591634592,0.02705210707873555,0.0548924580446189,0.014031805425631433,0.0,0.022254778847495462,0.013990125809754566,0.0,0.0,0.0028952350100725833,0.0,0.017025886296512045,0.0,0.013044275182273635,0.013682643164714877,0.008830091443295728,0.003431847545219638,0.0007510729613733905,0.03842203830121428,0.0548924580446189,0.0008679153883416761,0.0,0.0010829630679230389,0.0,0.0,0.00054249547920434,0.0652343985075525,0.0,0.06503414692677657,0.0018710088533969657,0.06654831397564742,0.006495782896500525,0.0670337371108219,0.05552068649744313,0.029586278123164778,0.004524540715402017,0.6950824499411072,0.002925777640899291,0.007946047008547008,0.001587202788497448,0.005965357541838848,0.06635734127782923,0.4540688094009554,0.4911063181264469,0.4323468328141225,0.1558356937946263,0.48437913688112255,0.31460431543717327,0.32132889803512527,0.291888775555457,0.4959286759226034,0.48882347179749475,0.48882347179749475,0.3304195804195804,0.3304195804195804,0.0004811186520488489,0.0002763823180347591,0.48167505345226014,0.5242493007546573,0.524697220295577,0.5199882895410963,0.17463657071857527,0.38618554831690605,0.0
0.6153846153846154,0.6285325161729656,0.5,0.0075410884755437455,0.7780262012333022,0.789584018414995,0.6112464515089896,0.0018758091975818372,0.002507011132829098,0.0030912659470068693,0.6132106572361915,0.3063515146549782,0.1550552294261577,0.04399838204065123,0.0105340597711934,0.510863206310141,0.0,0.9323829666083703,0.04192792323564174,0.03913771452490582,1.0,0.2683094532695633,0.0,0.1039450107812073,0.0,0.0,0.0,0.2288501486701153,0.06916777335104028,0.013973122165310204,0.01653343023255814,0.003165236051502146,0.3276143297287501,0.0,0.46172089455837234,0.007867012546985018,0.05755898100260114,0.0,0.03168647728347574,0.00218203737191079,0.5333995306011915,0.001211334631191867,0.5306422421982021,0.08890003660669495,0.5979719564301619,0.011187181655084238,0.6020122134347783,0.24320653571906287,0.053137846540167274,0.0,0.6961866902237928,0.1640330719480704,0.12491096866096867,0.0866633470268476,0.30679291532446124,0.8749245138693185,0.30484306773858866,0.5002399422029331,0.2871697242413753,0.15547370612030662,0.48437913688112255,0.2988185758131931,0.32132889803512527,0.2733868464233447,0.3685279748267962,0.3632480492768449,0.3632480492768449,0.263986013986014,0.263986013986014,0.0,0.00014632005072428425,0.4647377059801741,0.510902950023748,0.5531291682228031,0.5175217741345238,0.1813294677987161,0.3892357108627233,0.0
0.20192307692307693,0.6765406877766428,0.5,0.049207755142210416,0.9897121779581994,0.5012023183163433,0.001429463045360285,0.0018758091975818372,4.249171411574743e-05,0.009801275760549557,0.011178709503401564,0.0,0.023219518089273306,0.019840226514308827,0.07566824108923031,0.11458312319703053,0.0,0.26827185097815914,0.024089024219235162,0.05676812374175288,0.3269532952828945,0.07586681092449721,0.027076118282434426,0.06368504702226091,0.06433855152244967,0.5354978487700688,0.35774803113447984,0.0,0.20463600144875044,0.03201039080748724,0.02686934754521964,0.0361480686695279,0.6092551199178398,0.0,0.49727514936218314,0.014897559426121022,0.13844721314130137,0.0,0.0009563746045758847,0.03088607594936709,1.0,0.0,0.9969302762751352,9.490624618680261e-05,1.0,0.044573443589796466,0.0,0.0,0.029586278123164778,0.10634856449656288,0.6959494830519566,0.5675179455592144,0.007278311965811966,0.06193203037470434,0.1660104773370644,0.7930673537582029,0.5903227417233976,0.4911115915814564,0.5740221529941156,0.21815187192876084,0.48437913688112255,0.3119052392923794,0.32000394666365967,0.3490354339438556,0.5959369565817438,0.587398926966231,0.587398926966231,0.4125874125874126,0.4090909090909091,0.03685164143352885,0.009787185615113235,0.5829265922294452,0.45074146392949493,0.5031104945846449,0.5257849666983824,0.18390557051149306,0.39856104858241914,0.0
0.46153846153846156,0.9210078311201907,0.5,0.00567119378013975,0.4987713342228495,0.5102813630384742,0.013932231371680525,0.0018758091975818372,0.0,0.00038027477919528945,0.015883957203224743,0.025336419310570835,0.0,0.003781979977753059,0.0022283587977524493,0.030794214359201957,0.06242239756478552,2.0335949892219465e-05,0.0,0.022254778847495462,2.0275544651818212e-05,0.022306035572363162,0.0030030757307887915,0.03947035421074476,0.0,0.06367844988809516,0.0,0.0,0.0,0.0008065445327802742,3.0281007751937984e-05,1.072961373390558e-05,3.0206004953784814e-05,0.06242239756478552,0.13710035523978686,0.0,0.0,0.0,0.0,0.0,0.0002708070048745261,0.0,0.0002699757021868032,9.490624618680261e-05,0.0002708070048745261,0.005588435444290929,0.0,0.0,0.029586278123164778,0.0,0.6959494830519566,0.0019189310843145152,0.01078392094017094,1.0373874434623843e-05,0.0009761494159372661,0.004488908571198519,0.45102836820408687,0.4911115915814564,0.4291854159455405,0.15670446421299358,0.48437913688112255,0.31373289942471116,0.32132889803512527,0.291746862388576,0.49299732258687795,0.4859177921187519,0.4859177921187519,0.3129370629370629,0.3129370629370629,0.0,0.00014632005072428425,0.4800120942487528,0.5260963639242175,0.5220669049778583,0.5166947229744565,0.17201905156347072,0.3812249867243456,0.0
0.25,0.33844058563159685,1.0,0.5154512351146541,0.4920432943697743,0.5012023183163433,0.22989188427389318,0.021520832696169882,0.0,0.0020117762512266925,0.2507767155173275,0.0,0.40449890749448714,4.0448983719284053e-05,0.22891322195093344,0.0,0.0,0.1209785659088136,9.01460365792584e-05,0.022254778847495462,0.12071045508459971,0.0,0.0,0.00037455837542897056,0.0,0.0,2.2960530847473195e-05,0.0,0.19213046802688236,0.19654547549466317,3.0281007751937984e-05,0.0,0.0,0.0,0.0,0.0,0.0012550226207706243,0.0,0.0,0.2787462326702833,0.9918356702974865,0.0,0.9887910088092071,0.022655476768306735,0.0002708070048745261,0.09394139360320046,0.0,0.0,0.029586278123164778,0.7219593228489306,0.3950726344719278,0.047298097652270735,0.4378561253561254,0.006960869745632599,0.0632327899434918,0.7884777970127622,0.6241282311623029,0.4911115915814564,0.6091727241259951,0.22699342087401925,0.48437913688112255,0.3163008775853294,0.32132889803512527,0.3635904031220897,0.6205139529106517,0.6116238069845138,0.6116238069845138,0.33916083916083917,0.33916083916083917,0.0,0.00014632005072428425,0.7478727080318771,0.5816982426513272,0.1917409166088673,0.5037619849227841,0.3414454338372334,0.5022406714243158,0.0
0.6153846153846154,0.8845760980592441,1.0,0.015057573073516387,0.5054942224374462,0.5209069796119697,0.0,0.0018758091975818372,0.0,0.00020853778213935232,0.001918062756615818,0.0,0.0,6.067347557892608e-05,3.19860114509921e-05,5.0432712674749355e-05,0.03862097969319502,0.008541098954732176,0.0,0.022254778847495462,0.008515728753763649,0.0020526406261059484,0.001549974570729699,0.00019234078738244434,0.0,0.011497072078977221,0.029240236034257114,0.0013034092297666085,0.0,0.0012045794970095003,0.00015140503875968992,5.36480686695279e-05,0.027507601844580037,0.03862097969319502,0.0007972711125464235,0.0,0.0,0.0,0.0,0.0,0.0002708070048745261,0.0,0.0002699757021868032,9.490624618680261e-05,0.0002708070048745261,0.007743385643288722,0.0020923015316848532,0.0,0.029586278123164778,0.0,0.6959494830519566,0.0017886332946388383,0.007233796296296296,0.0011100045645047513,0.0005639974403193093,0.0018619912234792062,0.45363049762257474,0.4911115915814564,0.4318910811122649,0.15547370612030662,0.48437913688112255,0.31462745037555717,0.32132889803512527,0.2915694709299747,0.4956968174666704,0.4885350803687057,0.4885350803687057,0.3304195804195804,0.3304195804195804,0.0,0.00014632005072428425,0.4788674599917932,0.5254578077998838,0.523710185135784,0.5164971089804582,0.17255746531372954,0.381471072025282,0.0
0.07692307692307693,0.7160367722165475,0.5,0.03269855329199882,0.8534874016681006,0.8753545297599474,0.4167388109283457,0.06185073044417938,4.249171411574743e-05,0.0053238469087340526,0.4784467687635488,0.31279315076910474,0.11806107961696857,0.15576903630296288,0.02237954601187747,0.6028423876863489,0.0,0.4947736608776996,0.042909513411727,0.027566824134425637,0.5421275129003152,0.059021001648179416,0.0,0.09007622769099946,0.0018308716915288392,0.6986131976167848,0.057653892958005194,0.18833245081666733,0.43802567507746787,0.01754496223905142,0.4030301195090439,0.03609442060085837,0.0,0.0,0.23923179396092364,0.01395521202816454,0.03211440948149348,0.0,0.0,0.0,0.0002708070048745261,0.0,0.0002699757021868032,0.05583198882817902,0.0002708070048745261,0.03694347637803394,0.0,0.5292985831729928,0.09217107794495859,0.0,0.7031229551105876,0.09473833834782402,0.08520299145299146,0.036630150628656793,0.4451458258766364,0.0,0.5141341677901874,0.4911115915814564,0.4948021229952694,0.18217029710138372,0.48437913688112255,0.3165553619075528,0.32132889803512527,0.31995210430617765,0.5382318032515389,0.5305205193222257,0.5305205193222257,0.3409090909090909,0.3409090909090909,0.010881470789955881,0.0030889788486237785,0.5052426408656027,0.48888067971924637,0.5320759750306782,0.51300592841982,0.18943052391799545,0.39157352122161926,0.0
0.5576923076923077,0.4477357848144365,1.0,0.0011317783682708396,0.5165753968049538,0.5261427162117724,0.00201332823290181,0.004567187611503604,0.0,0.0007605495583905789,0.007002927043685877,0.012627245355672532,0.02493127787902893,0.008858327434523208,0.0007143542557388236,0.046882249702447,0.10041254455881765,0.040224508886810104,8.012981029267414e-05,0.022254778847495462,0.0401962672722296,0.0005257995692488144,0.0,0.004555439701163155,0.0,0.045651040868258885,0.00022960530847473197,0.031953891898497004,0.007545575274658939,0.0048078433837161795,0.01284924095607235,0.0,0.055991864515999114,0.10041254455881765,0.021213466817374453,0.004214092858277304,0.000273271054522636,0.0,0.0,0.0006389391199517783,0.14757978776754732,0.015163313865455332,0.13310802027817498,0.017354285017015334,0.14628593207759125,0.006526715196007671,0.14665131644809293,0.09117286935764335,0.029586278123164778,0.0,0.6925631461850544,0.010186918101916562,0.010639245014245015,0.004823851612100087,0.044436490634388655,0.14141068481017754,0.4568262898295023,0.4911115915814564,0.43521403022960653,0.15659586791069766,0.48437913688112255,0.3154140382806114,0.32132889803512527,0.293573994412169,0.49762897126611283,0.4904994068930993,0.4904994068930993,0.4020979020979021,0.4020979020979021,0.0004708820849839798,0.0002926401014485685,0.48301405956417515,0.5238271148873291,0.5205783492503868,0.5155675913049842,0.17645889418098987,0.3836987915916539,0.0
0.6442307692307693,0.8420156622403814,0.0,0.09426975691368959,0.5260698665210469,0.5745129069385071,0.0,0.0018758091975818372,0.0,9.813542688910696e-05,0.0018281535648994515,0.07550744526145464,0.07768368692920363,0.020517746991606835,0.0008103122900917999,0.17337757963325331,0.31507590018824855,0.034947329889779145,0.0,0.022254778847495462,0.03484352348414959,0.1261817850895376,0.0,0.02692771023354221,0.015679142807991937,0.20287988881053848,0.0,0.006211559610606493,0.10802245563201739,0.0016340382742041919,0.0018572351421188632,5.36480686695279e-05,0.11693751384441894,0.31507590018824855,0.006186420151784272,0.0,0.00043520945720271654,0.0,0.0,0.0,0.14113056909590582,0.0,0.14069733723964845,0.006277370283498515,0.14570419851156446,0.005763718474831419,0.14532986284913404,0.0,0.029586278123164778,0.001278674550004918,0.6959494830519566,0.002783634597616735,0.015769675925925927,0.007085356238848085,0.0023644508074924893,0.1424674906397198,0.455505806244001,0.4911115915814564,0.43384100611514936,0.15613433362594004,0.4844387079692878,0.31462745037555717,0.32132889803512527,0.29214599317042883,0.49720941786966244,0.49008586446691116,0.4906680886722023,0.3321678321678322,0.3321678321678322,0.0,0.00014632005072428425,0.4824201455629225,0.5143490421658135,0.5308861975137384,0.5157652052989826,0.173725408987368,0.38173658511313446,0.0
0.5576923076923077,0.43003064351378956,0.5,0.0010825706131286292,0.4984364777217394,0.5080308697796777,0.013227566490164893,0.003731229164755176,0.0,0.00019627085377821392,0.016852978491723358,0.014521844212768571,0.003353035352874246,0.0016988573162099302,0.0011728204198697104,0.020425248633273486,0.0487343293146954,0.021739130434782608,0.0,0.02229464410293209,0.021715108322097304,0.0,0.0,0.0016197118937468999,2.4575458946695827e-05,0.023546003617745347,0.0,0.010610565761068795,0.011771097428467945,0.0016026144612387267,0.0027858527131782943,0.0,0.02580599689885016,0.0487343293146954,0.0030074277409979006,0.0001588225951612049,0.004068702367337024,0.0,0.0,0.0,0.07442177689514755,0.0,0.07419332260096591,9.490624618680261e-05,0.07442177689514755,0.0056193677437980745,0.07404144559014916,0.04320447787301032,0.029586278123164778,0.0,0.695565043842429,0.009902632015351447,0.009737802706552707,0.002043653263620897,0.019002375296912115,0.07083618503160352,0.45548916149292323,0.4911115915814564,0.4338236990884966,0.15612528393408207,0.48437913688112255,0.31440381263784567,0.32132889803512527,0.2919419929930374,0.497314306218775,0.49018925007345815,0.49018925007345815,0.39335664335664333,0.39335664335664333,9.212910358382213e-05,0.0001625778341380936,0.47832213895427944,0.525125336429363,0.5244197833857973,0.5162775378760155,0.17312901221785051,0.38171715732621847,0.0
0.6153846153846154,0.7497446373850868,0.25,0.0723354000590493,0.4920432943697743,0.5012023183163433,0.28655700738891465,0.0018758091975818372,0.008487719894620549,0.0618621197252208,0.34449206301635343,0.3006574770087868,0.14392879079274618,0.11170998078673275,0.03981192225266817,0.589336507232051,0.0,0.23242973929312238,0.0777960295679,0.030347425701130176,0.3404568080210055,0.0,0.0,0.0933966370731806,0.0,0.0,4.592106169494639e-05,0.10625840087980123,0.1942734114048855,0.0315076098000398,0.23654513888888887,0.015278969957081546,0.5793209690086389,0.0,0.0,0.007337603896447668,0.031517261621610684,0.00029831998743915845,0.14533741106241657,0.0015069318866787222,0.6175703596718221,0.002346960847934242,0.6135047845693887,0.13393982943991756,0.7144089386371386,0.12819375992411275,0.8318350185203723,0.2896829888156067,0.13115368259047003,0.0,0.7014134275618374,0.08548719528085096,0.08649394586894588,0.019814100170131542,0.17013199709324398,0.7112001288296631,0.5224676398297797,0.4571452678651472,0.46630898811584165,0.1741613198070606,0.49546597828964783,0.31462745037555717,0.32132889803512527,0.29502860437269945,0.5264787877115018,0.5189358900412454,0.5189358900412454,0.3479020979020979,0.3409090909090909,0.012079149136545569,0.0032515566827618723,0.4848389953134786,1.0,0.01040921944192498,0.47999707238527406,0.22921515841789192,0.39347096841041845,0.0
0.9519230769230769,0.9264555669050051,0.25,0.01621395531935833,0.4913890362829898,0.507321810259783,0.00159052930399243,0.0018758091975818372,0.0,4.906771344455348e-05,0.003376589644459096,0.0031849742949019927,0.0037457331869946535,0.0011123470522803117,0.00010662003816997367,0.008049060942889997,0.021548443946008734,0.005246675072192622,0.0,0.022254778847495462,0.005231090520169099,0.00010111530177861816,0.001816376450073866,0.003948047741008068,0.00035634415472708946,0.010413792398646923,0.0,0.007107653456071036,0.003893516841724013,0.000858917554389383,0.0003633720930232558,8.583690987124464e-05,0.011407801204212732,0.021548443946008734,0.0025129178104311323,0.00035999788236539785,0.0,0.0,0.0,0.001133212778782399,0.022346592846683118,0.0,0.02227799498045176,9.490624618680261e-05,0.022346592846683118,0.005660610809807601,0.022104314746220842,0.008169648828571135,0.04023814827565257,0.001508180238467339,0.6953687344588405,0.0024638127502309825,0.008168625356125357,0.0004979459728619444,0.0005423052310762589,0.021931237167357783,0.45366933537508947,0.4911115915814564,0.43193146417445477,0.15552800427145458,0.48441885093989934,0.314696855190709,0.32132889803512527,0.2916492970863453,0.49568025614838945,0.48857861115040974,0.48857861115040974,0.3304195804195804,0.3304195804195804,0.0,0.00014632005072428425,0.4786622897004514,0.5258852709905536,0.5236141492823988,0.5166947229744565,0.17204390142886727,0.3812444145112616,0.0
0.7692307692307693,0.7374872318692544,1.0,0.09410983170947741,0.4461731053561585,0.49475912528773436,0.3873341520868147,0.0018758091975818372,0.007297951899379621,0.002588321884200196,0.3951109379526678,0.1302050263195625,0.04537170360375782,0.07162503792092226,0.0003625081297779105,0.24544592604547014,0.6253855088717106,0.2953695042095416,0.0,0.022254778847495462,0.2944921482953336,0.00016178448284578906,0.1765760092998474,0.0036747213589382786,0.0017940085031087954,0.3767462775035513,0.0,0.09123864608366258,0.14322507948005958,0.006756119787575024,0.017552890826873384,0.000944206008583691,0.2576672909241024,0.6253855088717106,0.012110447279186178,0.0005505849965588438,0.0,0.0,0.0,0.0,0.6739784557982789,0.003807051698031581,0.6683898449139577,0.0009626204970375692,0.671089847746284,0.008454828531953064,0.6723495845429973,0.6395579746679152,0.029586278123164778,0.05955126173484443,0.6787642324303103,0.006668877780673284,0.06332353988603989,0.033061537823146185,0.005639974403193093,0.7517512782318129,0.41172456265916546,0.4873727119797077,0.3842275297103957,0.15547370612030662,0.48437913688112255,0.31462745037555717,0.32132889803512527,0.2915694709299747,0.45008694692097495,0.44363852038872986,0.44363852038872986,0.28496503496503495,0.28496503496503495,0.0,0.00014632005072428425,0.46849016262445203,0.5286347564515277,0.531915915275036,0.5180926590060747,0.17514185131497204,0.38490331438044795,0.0
0.625,0.3258426966292135,0.75,0.023324475937407736,0.49646340018442864,0.5153526800394607,0.04568241760454207,0.002283593805751802,0.0,0.0,0.0474720532262415,4.0964299612887366e-05,0.0036349722594222304,0.001587622610981899,0.0004264801526798947,0.005628290734502028,0.0789942724396203,0.012028714361247814,0.0,0.023231477605692757,0.012986486349489564,0.00022245366391295993,0.0,0.0,0.0,0.01331616437236206,0.01167542993594012,0.0012321290375137469,0.01970904261740915,0.009259550220490421,3.0281007751937984e-05,0.02876609442060086,0.06631224954187559,0.0789942724396203,1.0092039399321815e-05,0.0,0.0006882382113903425,0.0,0.0,0.0015430982519590115,0.11186335279131814,3.244646333549643e-05,0.11148996590306871,0.010331222799191941,0.11940582937152715,0.0074753057142267956,0.12074281709880869,0.0007305353486505674,0.13678337822239323,0.004426181134632408,0.696284844915587,0.004181374523228542,0.008469106125356127,0.0002593468608655961,0.005043438649009208,0.12009340150569668,0.4542130639102959,0.4911115915814564,0.4324968270451136,0.15580854471905234,0.48437913688112255,0.31465829696006914,0.32132889803512527,0.29193312342010735,0.496050125589997,0.4889431814471808,0.4889431814471808,0.3304195804195804,0.3304195804195804,0.0,0.00014632005072428425,0.46279938664881326,0.5203071402184811,0.5475964360027744,0.5203469223450193,0.1745703044108511,0.38645106140475854,0.0
0.6634615384615384,0.3643173306094654,0.25,0.061743430764688516,0.4737240679398082,0.5087245149621835,0.0,0.0018758091975818372,2.1245857057873714e-05,0.00040480863591756626,0.002097881140048551,0.0,0.005145348544500721,0.002315704317929012,0.0015033425381966287,0.008845897803151035,0.02379140465414347,0.002806361085126286,0.0,0.022254778847495462,0.0027980251619509127,0.0,0.0,0.008756567425569177,0.0009215797105010936,0.012427057464921155,0.0,0.0018736507677894997,0.003571572296671898,0.0016340382742041919,0.0021196705426356583,0.003572961373390558,0.011679655248796795,0.02379140465414347,0.015299531729371872,0.0,0.0,0.0,0.0,0.022025316455696203,0.03139355278730618,0.0,0.03129718325350719,0.007416245237740147,0.0368096928847967,0.005753407708329037,0.036630293322654925,0.01336571011122658,0.029930540086267995,0.0,0.6959494830519566,0.011786027338845323,0.007523148148148149,0.000529067596165816,0.015217084783999826,0.03706872257337252,0.45336972985569,0.4911115915814564,0.431619937694704,0.15547370612030662,0.48437913688112255,0.31462745037555717,0.3195106137061991,0.2904252960219965,0.4961439730602556,0.4890356843583018,0.4890356843583018,0.3304195804195804,0.3304195804195804,0.0,0.00014632005072428425,0.47645400945943034,0.5260013721040688,0.5236888438350318,0.5139574032057381,0.17577138123835165,0.38173658511313446,1.0
0.08653846153846154,0.16922029281579842,0.25,0.012867827969688024,0.4974937278801523,0.5120129069385071,0.0,0.0021816476537093107,0.0,0.0,0.002047931589095014,0.0015156790856768326,0.0023461178294885868,0.004985337243401759,0.0010875243893337314,0.009804119343971275,0.031101053390475426,0.008114044006995566,0.00030048678859752797,0.022254778847495462,0.008394075485852739,0.004641192351638573,0.0,0.0,0.0,0.01315265045834994,0.0,0.015742739603274818,0.001096623606583766,0.0011522064754003918,0.0013323643410852713,0.0,0.018314907670311527,0.031101053390475426,0.0,0.0,0.0,0.0,0.0,0.000699216395418927,0.01907684901004995,0.0009085009733939,0.018178363947244747,9.490624618680261e-05,0.01823433832821809,0.005588435444290929,0.017929722694964463,0.005124036670816657,0.029586278123164778,0.0020983377230849934,0.6962030493390917,0.0029020871336855325,0.008268785612535613,0.0006535540893813021,0.0023536047028709637,0.012208623535569067,0.45670977657195805,0.4911115915814564,0.4350928810430367,0.1562791286956679,0.48437913688112255,0.3141184817311103,0.32132889803512527,0.2917734711073662,0.49863369124182283,0.49148973217686553,0.49148973217686553,0.33916083916083917,0.33916083916083917,0.0,0.00014632005072428425,0.48224737058073996,0.5229299699192569,0.5230325988368991,0.5166434897167532,0.172342099813626,0.381438692380422,0.0
0.75,0.9067075246850528,0.5,0.03878801299084736,0.721734247577442,0.7464906691877672,0.004932654170609434,0.0018758091975818372,0.0010729157814226226,0.0,0.007652271206081858,0.08591237736312803,0.027881546222548913,0.02824350288199009,0.012581164504056894,0.1525791289261867,0.6354087395361878,0.11299670557611745,0.00043069773032312344,0.022404273555382805,0.11325919242505653,0.07700941383459559,0.015330217238623428,0.004616178897178664,0.004202403479884986,0.20662026959356575,0.10084265148210228,0.10640096126430695,0.17621433458086844,0.013763630078873771,0.012728116925064599,0.04285407725321888,0.4353591493989005,0.6354087395361878,0.06880752462457614,0.0,0.013329554770604131,0.0,0.0,0.028848704038577457,0.6057150307917594,0.010804672290720312,0.593866552010319,0.07374215328714562,0.6501674991474594,0.02819994638401419,0.6706276904595054,0.33764109106997703,0.06322269698872035,0.0,0.6993276403612093,0.04125701831276207,0.013922275641025642,0.028683762811734924,0.15332053492987996,0.5778111035065825,0.5066606745562787,0.4911115915814564,0.4870312680281528,0.18533768925168098,0.48437913688112255,0.3131468143189845,0.32132889803512527,0.3191361035966118,0.531303651770681,0.5236916279424088,0.5236916279424088,0.36713286713286714,0.36713286713286714,0.009683792443366195,0.0027150498301061633,0.49436321620629337,0.5099213678822101,0.5204022835191805,0.5114250164678328,0.1892897080140816,0.39006462977114065,0.0
0.7019230769230769,0.0888661899897855,0.25,0.004637830922153331,0.490199007794429,0.5012999424531405,2.01332823290181e-05,0.0018758091975818372,0.0,0.0,0.0017682141037552073,0.0,0.0030006142196892654,0.0002224694104560623,0.0,0.003187347441044159,0.003364441062202107,0.0,0.0,0.022254778847495462,0.0,0.0,0.0,0.0,0.0002580423189403062,0.0002146120121409081,0.0,6.109730764530977e-05,0.0030584731779950904,0.0008379683457457395,3.0281007751937984e-05,0.0,0.0031716305201474056,0.003364441062202107,0.0,0.0,0.0,0.0,0.0,0.0,0.010701891637078494,0.0,0.010669039786419221,9.490624618680261e-05,0.010701891637078494,0.005588435444290929,0.010421463609970968,0.0,0.03988376096069338,0.0,0.6959576626096061,0.001539882968894364,0.007233796296296296,3.1121623303871525e-05,0.00016269156932287768,0.010467410121180402,0.45350288786431203,0.4911115915814564,0.43176416291681086,0.15547370612030662,0.48437913688112255,0.31462745037555717,0.32132889803512527,0.2915694709299747,0.49557536779927686,0.4884752255438627,0.4884752255438627,0.3304195804195804,0.3304195804195804,0.0,0.00014632005072428425,0.47830054208150663,0.5260963639242175,0.5237688737128527,0.5167020420112712,0.17203561814040175,0.3812444145112616,0.0
0.4326923076923077,0.9312223357167178,1.0,0.046821179017813214,0.6848742742629294,0.7130826619533048,0.16945177072218084,0.028116748733319055,0.0158812781507606,0.0,0.21055733708953958,0.7123384470434017,0.09684532739923274,0.14421073920517746,0.007100894542120246,0.949113392911178,0.0,0.34535526904461705,0.0,0.058332835017640375,0.38102817286929375,0.01744238955681163,0.0,0.01880890436613587,0.0,0.42073152037281175,0.0,0.7030874506130097,0.35214696768481624,0.03430432915396621,0.004895429586563308,0.07871244635193134,0.0,0.0,0.007054335540125949,0.0,0.006649595660050809,0.0,0.0,0.0,0.0002708070048745261,0.0,0.0002699757021868032,0.003131906124164486,0.0002708070048745261,0.006526715196007671,0.0,0.0,0.029586278123164778,0.0,0.6602048161235441,0.017376987041292553,0.09884704415954416,0.03253247022698037,0.04698532522044708,0.0,0.483557760060365,0.4911115915814564,0.4630091150340371,0.1592202785495154,0.48437913688112255,0.32093557690824687,0.32132889803512527,0.30249678477981284,0.5186728863617545,0.5112418243750612,0.5112418243750612,0.34965034965034963,0.34965034965034963,0.0019449477423251337,0.0007803736038628493,0.5535170507310542,0.5108185128502822,0.47446513364989595,0.5298397130937569,0.18363222199213086,0.4019350075768369,0.0
0.0673076923076923,0.02689819543752128,0.5,0.004281074697372306,0.5171163188452087,0.5279975748109175,0.00015099961746763575,0.002059312271258321,0.0,0.0003434739941118744,0.002347628894816236,0.0073428507056100606,0.016573862434927956,0.0034988370917180705,0.005800130076446568,0.03277117669605213,0.0853526655184844,0.011581323463618986,0.0027244135499509205,0.022254778847495462,0.014304396751857747,0.0005359110994266762,0.0,0.0017918062824575079,0.0,0.016770395805868105,0.0,0.043287442466701964,0.02114773230311079,0.0031842797138338097,0.0030583817829457362,1.072961373390558e-05,0.06930264403230028,0.0853526655184844,0.0017560148554819958,0.0,0.00024290760402012084,0.0,0.0,0.0,0.08857395037210888,0.003828682673588579,0.0847623713865752,0.0024404463305177813,0.08675854045054261,0.0064545398304909985,0.08717589348283111,0.023624072683122575,0.043245377776877744,0.0,0.6951560659599529,0.018940560517400677,0.008569266381766383,0.0021577658824017596,0.032332237876766555,0.08384999396110955,0.4555890299993897,0.4911115915814564,0.4339275412484135,0.1565687188351237,0.48437913688112255,0.3145040640375094,0.32132889803512527,0.2925096456605614,0.49706036600513404,0.4899389480786601,0.4899389480786601,0.34440559440559443,0.34440559440559443,0.0005323014873731945,0.0002926401014485685,0.4806276051227783,0.5252467148662198,0.5220082164007896,0.5162702188392007,0.17437978877614413,0.3826950226009921,0.0
0.7115384615384616,0.986040177051413,0.5,0.0724953252632615,0.46866000731532664,0.5081593225912528,0.10496486742233586,0.0018758091975818372,0.0,0.00489450441609421,0.10988901209778124,0.026524383999344568,0.02117547551680042,0.05779148548892709,0.000757002271006813,0.10565653305359989,0.22684944126246648,0.06542075080327002,0.0,0.03806135262811696,0.08130493405379102,5.055765088930908e-05,0.0,0.025955883097294068,0.04112703054729547,0.14242061910455694,0.0,0.008258319416724369,0.04233570767435309,0.0013826477704804699,0.02512314276485788,0.01240343347639485,0.0877887190640166,0.22684944126246648,0.13206442757952527,0.0,0.004979605882412477,0.0,0.040840348498702064,0.0,0.07248600830474815,0.0,0.07226349628533431,0.0013964776224629526,0.07344887765541312,0.011331532386117584,0.07861647812593854,0.021442755867433556,0.029586278123164778,0.01855717423853291,0.6959494830519566,0.019035322546255715,0.021133814102564107,0.013641644881530354,0.014240935368062561,0.0920024960747212,0.44635674140159903,0.49271999535935956,0.4260874581746855,0.15547370612030662,0.4843394228223458,0.31462745037555717,0.3213852789445493,0.29165816665927535,0.4900880510088603,0.4831263807419821,0.4831263807419821,0.3304195804195804,0.3304195804195804,0.0,0.00014632005072428425,0.5019383193313608,0.5210301335162805,0.5052019420583684,0.5162482617287565,0.1729799130254711,0.38158116281780624,0.0
0.5865384615384616,0.3905345590738849,0.5,0.0055850802086408816,0.48968899558504575,0.5011920420914173,0.00019126618212567196,0.0018758091975818372,0.0,0.0,0.0019380425769972328,0.0,0.0,4.0448983719284053e-05,0.0,0.0,0.00017022469659951138,0.0,0.0,0.022254778847495462,0.0,0.0,0.0,0.0,0.0,0.0,0.0,0.0,0.00014085073846030021,0.0007960699284584524,4.037467700258398e-05,0.0,0.00017116736140478062,0.00017022469659951138,0.0,0.0,0.0,0.0,0.0,0.0,0.0005516438988184792,0.0,0.0005499505044545991,9.490624618680261e-05,0.0005516438988184792,0.005588435444290929,0.00028030833917309044,0.0,0.029586278123164778,0.0002404345307701555,0.6959494830519566,0.001539882968894364,0.007233796296296296,0.0,2.1692209243050358e-05,0.00028181488787793396,0.45350288786431203,0.4911115915814564,0.4317583939079266,0.15547370612030662,0.48437913688112255,0.31462745037555717,0.32132889803512527,0.2915694709299747,0.4955698473598499,0.48846978419614967,0.48846978419614967,0.3304195804195804,0.3304195804195804,0.0,0.00014632005072428425,0.4782951428633134,0.5260963639242175,0.5237688737128527,0.5166947229744565,0.17201076827500517,0.3812185107953736,0.0
0.9519230769230769,0.6666666666666666,0.25,0.04966292687727586,0.6176299372015269,0.6472017839526473,0.4453683384002094,0.0018758091975818372,0.0,0.0004661432777232581,0.4440914676177061,0.6005366323249288,0.07013180550381119,0.04263322884012539,0.013913914981181564,0.7173649916281698,0.0,0.11060723146378167,0.00010016226286584267,0.03468277222986306,0.1230320049472329,0.00046513038818164353,0.07740185512581434,0.0549082331980199,0.0,0.21257830783538237,0.0,0.4809987373223087,0.6805807074731377,0.07639128931904597,0.009255894702842377,0.0,0.0,0.0,0.0004440497335701599,0.0,0.0021659261358460778,0.0,0.0,0.01793851717902351,0.0002708070048745261,0.0,0.0002699757021868032,9.490624618680261e-05,0.0002708070048745261,0.02659146680964263,0.0,0.0,0.14830602863449505,0.11030480541196272,0.6870992016751735,0.012165075454265475,0.1686142272079772,0.007604049960579277,0.02962071172138526,0.0,0.3900253555041418,0.4911115915814564,0.36575516326295143,0.15548275581216459,0.48437913688112255,0.2852383669818159,0.32132889803512527,0.25776752849350304,0.4534433740925778,0.44694685979823484,0.44694685979823484,0.3304195804195804,0.3304195804195804,0.0,0.00014632005072428425,0.4019447983931927,0.5074410259116575,0.6137971509363496,0.5108248554490229,0.18118865189480224,0.383200145060809,0.0
0.5769230769230769,0.5961865849506299,0.25,0.02093789981301053,0.537645598182502,0.5554299572509043,0.1480299583241056,0.018258555830810166,0.0,0.0,0.16470364931419268,0.053079491223398806,0.08101658393161015,0.03343108504398827,0.004542013626040878,0.17103750176514496,0.4388092281811992,0.11875177939561557,0.0002103407520182696,0.22000637844086987,0.31976561470382503,0.0001921190733793745,0.0,0.01430408066165231,0.0,0.33698173753972877,0.0,0.033410044397376895,0.055686345526982976,0.008913888277870303,0.012718023255813954,0.0,0.10923498258120382,0.4388092281811992,0.13682787017600517,0.013108158187304781,0.0,3.1402103940964046e-05,0.0,0.0,0.5184048464423984,0.025946355180618642,0.4928256456918877,9.490624618680261e-05,0.49434314256484324,0.010063308106324624,0.4974872359595555,0.32087993497206474,0.029586278123164778,0.0978240674965301,0.6947307289621778,0.024057710075572714,0.018674323361823363,0.009367608614465329,0.044577489994468485,0.48245702322959866,0.4632622602462314,0.4911115915814564,0.441906080535364,0.15870444611360984,0.48437913688112255,0.3145734688526613,0.32132889803512527,0.2946738214554969,0.5033481465124624,0.4961366431237689,0.4961366431237689,0.34440559440559443,0.34440559440559443,0.002088259681233302,0.0006828269033799932,0.5138058009200268,0.48659559871233304,0.5265805900869658,0.5139134889848496,0.18157796645268173,0.3862373557486822,0.0
0.34615384615384615,0.47088866189989786,0.25,0.006163271331561854,0.4983488998676029,0.510065562315028,0.006925849121182226,0.0057599575904007504,0.0042173026259879325,0.0,0.01640343253314153,0.0019560453065153717,0.016604069960629523,0.004601071898068561,0.002814769007687305,0.02577111617679692,0.05754596066808187,0.03221214462927563,0.0006710871612011459,0.022274711475213774,0.03281596901896777,8.089224142289453e-05,0.0,0.0005871455614832511,0.0,0.03376562324350288,0.0,0.009928312492362836,0.0032999315867841762,0.004399333815165132,0.0036740956072351416,0.004667381974248926,0.024607825369016696,0.05754596066808187,0.004359761020507024,0.0009423473979564826,0.00030363450502515104,0.0,0.0,0.0,0.45366191249924775,0.00040017304780445596,0.45189932906038455,0.007199316675027455,0.4585464684760587,0.006165838368424309,0.45798378216037644,0.39318235602794555,0.029586278123164778,0.0238685916000918,0.7017160711948698,0.006396436947715051,0.01782852564102564,0.0023859911199634837,0.026789878415167192,0.45461773823422846,0.45670977657195805,0.4911115915814564,0.4350928810430367,0.15692165681758538,0.48437913688112255,0.3147971065903728,0.32132889803512527,0.29318373320324626,0.4977614618123603,0.4906299992382113,0.4906299992382113,0.3321678321678322,0.3321678321678322,0.0007677425298651845,0.00034141345168999654,0.5089896982916874,0.5229827431526729,0.497343008056341,0.5177340262021517,0.17368399254504038,0.38344623036174547,0.0
0.33653846153846156,0.9543752128021791,1.0,0.005462060820785357,0.4919814747080309,0.5034168447878987,0.0009663975517928688,0.002140869192892314,8.498342823149486e-05,0.0,0.00305691251835646,0.0011470003891608464,0.007028284313231904,5.056122964910507e-05,0.0006610442366538368,0.008805551633011237,0.014368967036488165,0.0020742668890063854,0.0,0.022254778847495462,0.0020681055544854573,0.0,0.0,0.00012147839203101748,0.0,0.0022074378391636266,0.0,0.00638466864893487,0.002696285564811461,0.002712922519351831,0.001433301033591731,1.072961373390558e-05,0.012263638011236633,0.014368967036488165,3.0276118197965443e-05,0.0,0.00017205955284758562,0.0,0.0,0.0,0.0266293554793284,0.0,0.026547610715035648,0.0017489865368710766,0.02785300194579848,0.0056193677437980745,0.027560316347982783,0.0,0.05171017192847451,0.0,0.6962930244732365,0.0018715500698869964,0.007701210826210826,0.00010373874434623843,0.003503291792752633,0.026520793912798424,0.4541631296570627,0.4911115915814564,0.43244490596515517,0.15547370612030662,0.48437913688112255,0.3146428736678131,0.3217517548558058,0.29185329726373677,0.496050125589997,0.48893774009946783,0.48893774009946783,0.3321678321678322,0.3321678321678322,0.00022520447542712078,0.00022760896779333106,0.4780629764810056,0.5258324977571376,0.5235074427786374,0.515662738783576,0.17469455373783394,0.38240360579725163,1.0
0.5576923076923077,0.5982294858699353,0.25,0.046771971262671,0.5854579549025567,0.6139068151923709,0.06127564476836658,0.010316950586700104,0.0,0.000662414131501472,0.07136791840241356,0.09524199659996313,0.06001228439378531,0.04178380018202043,0.007804586794042073,0.20293114926065645,0.4908879721232027,0.0786594541831049,0.0,0.05531304191831609,0.11297533479993106,0.04737251888328261,0.0,0.07975056436836298,0.00430070531567177,0.2458533893368489,0.0,0.0894464583927335,0.06439896977745584,0.012066744178738646,0.021428859819121446,0.07063304721030043,0.25137437322539724,0.4908879721232027,0.09952769255611174,0.017428132775689553,0.0010323573170855137,0.0,0.0,0.0003616636528028933,0.29578142865739904,0.019251568245727883,0.277075063244308,0.009802459427579756,0.2851096266875288,0.01177489534572,0.2903093402743018,0.23501630842996635,0.031418966809096616,0.0,0.6837946603847664,0.010388287413233516,0.027877938034188036,0.0038798290385493174,0.02477250295556351,0.2697471717863038,0.4656979421539418,0.4911115915814564,0.44443867543556015,0.15622483054452,0.48437913688112255,0.31815167265604516,0.32132889803512527,0.29635904031220894,0.50472273592978,0.4974915387043063,0.4974915387043063,0.34265734265734266,0.34265734265734266,0.0019449477423251337,0.0007153424702076118,0.48438546098524937,0.4496490579977835,0.5982820252894414,0.5211373783210129,0.17589563056533444,0.3881866103692575,0.0
0.23076923076923078,0.937010554988083,0.0,0.018231473280188957,0.8197287147177159,0.8356369204209141,0.22596589421973465,0.003180719943725724,0.0,0.002220314033366045,0.22907863058311106,0.45043319746840627,0.2817455922185414,0.3479320457073516,0.01547056753846318,0.0,0.0,0.11760279822670516,0.00020032452573168533,0.033367218800454464,0.12875984631137155,0.0629948330080791,0.0,9.110879402326311e-05,0.278697992185004,0.4253610080632799,0.006405988106445022,0.07948759724654801,0.6170369028934766,0.19901748211461312,0.6603682170542635,0.0,0.0,0.0,0.0,0.015352850865583143,0.01113326518425554,0.0,0.0,0.0,0.0002708070048745261,0.0,0.0002699757021868032,9.490624618680261e-05,0.0002708070048745261,0.02106489596436599,0.0,0.8132710491928099,0.029586278123164778,0.5523436902328936,0.7241689569428086,0.07101229537324394,0.09990429131054131,0.018662600107888293,0.09253896463085282,0.0,0.5329704777598385,0.4911115915814564,0.5143879081573786,0.19981719622446856,0.48437913688112255,0.3144809290991255,0.3214275646266174,0.3349239434121247,0.547655193353391,0.5398088998683194,0.5398088998683194,0.3531468531468531,0.3531468531468531,0.0075852961950680226,0.0021460274106228357,0.4665626417294776,0.46414586521716183,0.5654430987568692,0.4720412793676352,0.3053799958583558,0.44597780051548397,0.0
0.6346153846153846,0.3129043241402792,0.75,0.012547977561263654,0.48850411873496363,0.5029133097665242,0.0035233244075781674,0.0018758091975818372,0.0016784227075720235,0.0,0.006823108660253144,0.0,0.0,6.067347557892608e-05,0.0,2.017308506989974e-05,0.008441142307846356,0.0038434945296294785,0.0,0.02658015906236919,0.008231871128638192,0.0,0.0,0.0,0.0,0.008298331136115113,0.0,0.0,0.0,0.0008065445327802742,3.0281007751937984e-05,0.0003111587982832618,0.0003121287178557764,0.008441142307846356,0.0,0.0,0.0,0.0,0.0,0.0,0.0002708070048745261,0.0,0.0002699757021868032,9.490624618680261e-05,0.0002708070048745261,0.006588579795021961,0.0009710681749924917,0.0,0.029586278123164778,0.0,0.6959494830519566,0.0014806567008599654,0.007767984330484331,0.00013486036765010997,0.0002060759878089784,0.000815250211361166,0.45359165987006,0.4911115915814564,0.4318506980500749,0.15547370612030662,0.48437913688112255,0.31462745037555717,0.32132889803512527,0.2915694709299747,0.4956581743906815,0.48855684575955766,0.48855684575955766,0.3304195804195804,0.3304195804195804,0.0,0.00014632005072428425,0.4781709608448697,0.5257375059369888,0.524243717654591,0.5166800849008271,0.17203561814040175,0.3812249867243456,0.0
0.625,0.08750425604358189,0.25,0.012301938785552604,0.49885376043850743,0.5131330154554423,0.00028186595260625344,0.0018758091975818372,0.0,7.360157016683021e-05,0.0020878912298578434,0.03158347500153616,0.0010371250490872294,0.0008898776418242492,0.0006077342175688498,0.03357810009884812,0.056925141186366005,0.0010066295196648634,0.0,0.022254778847495462,0.0010036394602650014,0.012892200976773814,0.00019374682134121237,0.0006580079568346781,0.0,0.014787789598471145,0.0011480265423736598,0.01653700460266384,0.019749285685540664,0.002398684389697179,0.004047561369509044,0.0,0.04267101633138002,0.056925141186366005,0.0,0.0,0.004625365626549802,0.0,0.0,0.0,0.1180116747908768,0.0,0.11764941155296023,0.005341865856800032,0.12189324186074503,0.0061142845359124,0.12190409450395435,0.0,0.13668212470383348,0.0,0.6950579112681586,0.0019426215915282748,0.011140046296296297,0.00022822523756172456,0.012559789151726158,0.12116027215266316,0.4542740946642477,0.4911115915814564,0.4325602861428406,0.15589904163763224,0.48437913688112255,0.3146197387294292,0.32132889803512527,0.29197747128475765,0.4960832482265588,0.4889758295334588,0.4889758295334588,0.3321678321678322,0.3321678321678322,0.0,0.00014632005072428425,0.47850571237284845,0.5251306137527045,0.5245585018406872,0.5167166800849008,0.1727065645061089,0.3817883925449106,0.0
0.9038461538461539,0.2839632277834525,0.0,0.021147032772364925,0.6734582433943115,0.6909733640249918,0.01600595945156939,0.0018758091975818372,0.0,0.004612365063788027,0.021388397718304513,0.2989164942752391,0.05846163140777139,0.030549094953989282,0.0005437621946668657,0.38391398196526194,0.770637241158329,0.2227396591694798,0.007802640277249143,0.027277801032510113,0.23508480246550623,0.03460165626864313,0.0,0.023414960063978616,0.025152982231943177,0.3165118394293364,0.016795628314926644,0.2946621318887215,0.08375588554871423,0.029108925410342622,0.02121689276485788,0.02643776824034335,0.46306812460983915,0.770637241158329,0.17713547553689651,0.0107469956059082,0.0038561582138194185,0.0,0.02018896280648653,0.0,0.0002708070048745261,0.0014168288989833441,0.0002699757021868032,0.147728351207343,0.0002708070048745261,0.021704163487513663,0.0,0.6421302822335861,0.029586278123164778,0.0,0.7236127470226411,0.12480159200208477,0.047676282051282055,0.03645379476326818,0.44668597273289296,0.0,0.40518872373596987,0.4911115915814564,0.3815218645436713,0.15547370612030662,0.48437913688112255,0.3111032280950692,0.3216953739463817,0.2877466849971174,0.44987717022274976,0.44054239354003194,0.44054239354003194,0.28846153846153844,0.28496503496503495,0.0,0.00014632005072428425,0.5250415739800878,0.5136154942213309,0.4932508136370911,0.520895850106126,0.18788983226340858,0.3973435739356811,0.0
0.11538461538461539,0.42424242424242425,0.75,0.07239690975297706,0.4920432943697743,0.5012023183163433,0.0,0.12685159698647175,0.04447820175065862,0.007433758586849852,0.0017482342833737925,0.04319685394178973,0.1303253350518059,0.529598543836586,0.03773283150835368,0.7370034899437171,0.0,0.0,0.0019631803521705164,0.9275548645577947,0.0,0.11002355986531442,0.0,0.2701375742789751,0.0014868152662750975,0.0,0.3890891557412808,0.10430328703515133,0.05585737856654192,0.03766667714127099,0.11055595930232558,0.0730793991416309,0.7145633218550516,0.0,0.426398756660746,0.040055058499655884,0.0035930083094642875,0.0,0.0,0.0019168173598553347,0.0002708070048745261,0.2563162448626433,0.0002699757021868032,0.0010439687080548287,0.0002708070048745261,0.0512341987503351,0.0,0.3720997232197059,0.2187886029039509,0.0,0.6981497840596782,0.14711804979744617,0.09313790954415954,0.14022366073281048,0.0,0.0,0.5277773154235812,0.481355699813847,0.49831544940579203,0.17735586103293186,0.49131585914747156,0.321729876459429,0.32056775575790036,0.3114107055745266,0.5469099340307488,0.5390743179270642,0.5390743179270642,0.34440559440559443,0.34440559440559443,0.024086642303637055,0.006649433416248028,0.6697190246852257,0.2539975724312628,0.6217361148161981,0.5332064700285442,0.18348312279975149,0.40479736818246576,0.0
0.4423076923076923,0.5658835546475995,1.0,0.003690581635665781,0.5252507560029467,0.5358640249917791,0.00402665646580362,0.005148280678145802,0.0,1.226692836113837e-05,0.008950959530873819,0.025264731786248284,0.004782858236081882,0.005046010718980686,0.004264801526798947,0.03870206370660265,0.11318941002122804,0.03501850571440192,0.0,0.022912555562199764,0.03558358086394096,0.0,0.0,0.0008908415415607949,0.0,0.03678041103310135,0.0,0.03626125208749135,0.020534025514105193,0.007615037341964406,0.013091489018087854,0.001684549356223176,0.07758915805795526,0.11318941002122804,0.012191183594380752,0.0,4.0484600670020146e-05,3.1402103940964046e-05,0.0,0.000650994575045208,0.4323283384485767,0.04848583171101016,0.38617524422801947,0.00012202231652588907,0.3873844055284748,0.01142432928463902,0.39205125638202026,0.3310148267808085,0.029586278123164778,0.0,0.6948779609998692,0.007296676221837909,0.015079683048433051,0.00345450018672974,0.04746255382379418,0.38191956197914567,0.46024956030115904,0.4911115915814564,0.43877350871120335,0.15918407978208343,0.48437913688112255,0.314712278482965,0.321089279170073,0.29515277839372034,0.5000524441745563,0.49288815853910695,0.49288815853910695,0.3776223776223776,0.3776223776223776,0.0009212910358382214,0.0004389601521728528,0.49872038528821033,0.5235157528101746,0.5089259990396414,0.5204420698236112,0.17208531787119485,0.3845924697897914,0.0
0.5384615384615384,0.7882192713653388,0.25,0.016755240625922645,0.49299634748831866,0.5091509782966129,0.0,0.0018758091975818372,0.0,0.0,0.0017482342833737925,4.0964299612887366e-05,0.0013593386565706404,0.00012134695115785216,4.264801526798947e-05,0.0015230679227774303,0.017002443225057076,0.00018302354902997517,0.0,0.022254778847495462,0.00018247990186636388,0.0,0.0,0.0,0.0,0.00018395315326363553,0.005246481298647626,0.010468005376563073,0.0,0.000890341367354848,0.001897609819121447,0.0,0.016915362774119497,0.017002443225057076,0.0,0.0,0.0,0.0,0.0,0.0,0.0002708070048745261,0.0,0.0002699757021868032,9.490624618680261e-05,0.0002708070048745261,0.005846204606850473,0.00025027530283311644,1.028923026268405e-05,0.029586278123164778,0.0,0.6959494830519566,0.001492501954466845,0.007233796296296296,0.0,0.00023861430167355395,0.0002415556181810862,0.45350288786431203,0.4911115915814564,0.4317583939079266,0.15547370612030662,0.48437913688112255,0.31462745037555717,0.32132889803512527,0.2915694709299747,0.4955698473598499,0.48846978419614967,0.48846978419614967,0.3304195804195804,0.3304195804195804,0.0,0.00014632005072428425,0.4796881411571605,0.5247295371787429,0.5237688737128527,0.5166874039376418,0.1720936011596604,0.38127679415612176,0.0
0.22115384615384615,0.0017024174327545114,0.5,0.06002115933471115,0.6047147795356312,0.6387187602762249,0.0,0.0018758091975818372,0.0,0.003348871442590775,0.004475479765436909,0.0,0.008327207918399403,0.0051673576701385384,0.02371229648900214,0.03587783179681669,0.30634437457443825,0.01830235490299752,0.004757707486127527,0.02226474516135462,0.025202502002210036,0.08979038797941293,0.0,0.020651326645272968,0.0,0.13700422070290544,0.0,0.0015172498065251926,0.023451647953639982,0.11910672574343503,0.034459786821705425,0.0,0.17306027104855112,0.30634437457443825,0.009002099144195058,0.0,0.004655729077052316,0.0,0.020062847474014985,0.0,0.1009608633728511,0.0,0.10065094141527262,9.490624618680261e-05,0.1009608633728511,0.01783762604912049,0.11239363299629593,0.0,0.029586278123164778,0.03312532103474279,0.6959494830519566,0.029861884342943783,0.007545405982905984,0.006504419270509149,0.031258473519235566,0.0902210233906357,0.466058578427293,0.4953303555890713,0.44942886812045685,0.16032434095619047,0.48437913688112255,0.31462745037555717,0.32132889803512527,0.2963235620204887,0.5095199977918242,0.5022200698669046,0.5022200698669046,0.33916083916083917,0.33916083916083917,0.019981778910624533,0.005446357443626135,0.4833596095285403,0.5201910391049659,0.5236728378594675,0.5152309156115055,0.18144543383723338,0.38729940810009195,0.0
0.11538461538461539,0.014640789921688798,0.25,0.36108650723353997,0.5259462271975602,0.6858301134495232,0.3019992349352715,0.0018758091975818372,0.0,0.0009936211972522081,0.30225472273004267,0.028378018556827724,0.017762025112523033,0.1589948427545758,0.004382083568785918,0.208448488027274,0.8679356750911202,0.06358034733802416,0.0,0.5799896350335865,0.6307316430287608,0.0,0.17572836695647961,0.037719040725630926,0.0017571453146887517,0.7495171229726829,0.0,0.01163903710643151,0.005352328061491408,0.10932344530685353,0.0048752422480620155,0.008819742489270387,0.1343059666928452,0.8679356750911202,0.10599668981107703,0.0,0.0,0.0,0.0,1.2055455093429777e-05,0.0003008966720828068,1.081548777849881e-05,0.00029997300242978135,9.490624618680261e-05,0.0003008966720828068,0.007939290206833975,0.0023125437981779957,0.0,0.029586278123164778,0.0,0.6959494830519566,0.027125630759754563,0.01710514601139601,0.0007054234615544214,0.005878588704866647,0.03685736140746407,0.43446684088172793,0.5201630552288943,0.4437463943694473,0.15547370612030662,0.48437913688112255,0.32319508922374574,0.32132889803512527,0.3014235664552752,0.500908112285738,0.49373156743462215,0.49373156743462215,0.3321678321678322,0.3321678321678322,0.0,0.00014632005072428425,0.46439755523400217,0.5033933189086495,0.613834498212666,0.589921686306082,0.17496790225719613,0.44831561087437993,0.0
0.9711538461538461,0.9359891045284303,1.0,0.04164206278909556,0.9166310345005229,0.9420677819796119,0.041565161368257865,0.0018758091975818372,0.06723251465964136,0.0,0.10622271505779163,0.0,0.0,0.18599453938719787,0.009190647290251729,0.0,0.0,0.12780127709765324,0.0,0.022254778847495462,0.12742166036435154,0.013650565740113451,0.005618657818895158,0.06402923579968213,0.2525128406772996,0.41928033438595413,0.0526370169678323,0.1285181866319091,0.0,0.0007855953241366307,0.284328569121447,0.08746781115879827,0.0,0.0,0.0,0.0,0.02299525318057144,0.0,0.0,0.006919831223628692,0.0002708070048745261,0.11329223447977503,0.0002699757021868032,9.490624618680261e-05,0.0002708070048745261,0.15286742416431237,0.0,0.0,0.029586278123164778,0.0,0.5927152859573355,0.017578356352609507,0.18693242521367523,0.0075521805884061575,0.13649822666189437,0.0,0.6060797727436654,0.4911115915814564,0.5904061382254528,0.22250477371245508,0.48437913688112255,0.31265326896679363,0.32132889803512527,0.3549957869528582,0.6079052692594331,0.5991957688080183,0.5991957688080183,0.4353146853146853,0.4353146853146853,0.007329382018446294,0.002519956429140451,0.990410988488867,0.12183756398754551,0.4294723363388998,0.520895850106126,0.32527645475253675,0.5047598077944281,0.0
0.27884615384615385,0.1518556350017024,1.0,0.007356559393760457,0.4883495695806051,0.5005908829332456,0.0,0.0018758091975818372,0.001274751423472423,0.0,0.002947023506258679,0.0,0.0,5.056122964910507e-05,0.0,1.008654253494987e-05,2.002643489406016e-05,0.0,0.0,0.022254778847495462,0.0,1.0111530177861816e-05,0.0,0.0,0.0,1.021961962575753e-05,0.0,0.0,0.0,0.0007960699284584524,3.0281007751937984e-05,0.0,1.0068668317928272e-05,2.002643489406016e-05,0.0,0.0,0.0,0.0,0.0,0.003978300180831826,0.0002708070048745261,0.0,0.0002699757021868032,9.490624618680261e-05,0.0002708070048745261,0.005588435444290929,0.0,0.0,0.029586278123164778,0.0,0.6959494830519566,0.0014806567008599654,0.007233796296296296,0.0,5.42305231076259e-05,5.032408712105963e-05,0.4534751466125158,0.4911115915814564,0.43172954886350523,0.15547370612030662,0.48437913688112255,0.31462745037555717,0.32132889803512527,0.2915694709299747,0.495542245162715,0.4884425774575847,0.4884425774575847,0.3304195804195804,0.3304195804195804,0.0,0.00014632005072428425,0.4782951428633134,0.5260963639242175,0.5237688737128527,0.5166947229744565,0.17201076827500517,0.3812185107953736,0.0
0.8557692307692307,0.5161729656111679,0.0,0.00024603877571105205,0.49204844600825287,0.5013102186780665,0.0,0.0018758091975818372,0.0,0.0,0.0017482342833737925,0.0,0.0,4.0448983719284053e-05,0.0,0.0,0.00021027756638763168,0.0,0.0,0.022254778847495462,0.0,0.0001921190733793745,0.0,0.0,0.0,0.00019417277288939305,0.0,0.0,0.0,0.0007960699284584524,3.0281007751937984e-05,0.0,1.0068668317928272e-05,0.00021027756638763168,0.0,0.0,0.0,0.0,0.0,0.0,0.0002708070048745261,0.0,0.0002699757021868032,9.490624618680261e-05,0.0002708070048745261,0.005588435444290929,0.0,0.0,0.029586278123164778,0.0,0.6959494830519566,0.0014806567008599654,0.007233796296296296,0.0,0.0,0.0,0.45350288786431203,0.4911115915814564,0.4317583939079266,0.15547370612030662,0.48437913688112255,0.31462745037555717,0.32132889803512527,0.2915694709299747,0.4955698473598499,0.48846978419614967,0.48846978419614967,0.3304195804195804,0.3304195804195804,0.0,0.00014632005072428425,0.4782951428633134,0.5260963639242175,0.5237688737128527,0.5166947229744565,0.17201905156347072,0.3812185107953736,0.0
0.4326923076923077,0.4763363976847123,0.0,0.02995522094282059,0.7921468423031944,0.8130343636961527,0.09211983329642232,0.015261338960760925,0.0,0.0008709519136408243,0.10698194823228539,0.7660119206111874,0.13313463494205188,0.2316715542521994,0.013775308931560598,0.0,0.0,0.3852747386830439,0.0015825637532803141,0.042605991747892126,0.406433430318022,0.0043176233859469944,0.0,0.019244201937580353,0.0,0.4335162645246344,0.010010791449498313,0.0,0.14889935208660307,0.006001948276403859,0.04042514534883721,0.0,0.0,0.0,0.07350032294526078,0.013605802318809888,0.01443276013886218,0.0009263620662584393,0.6755577976059106,0.0,0.0002708070048745261,0.0,0.0002699757021868032,0.0008812722860203098,0.0002708070048745261,0.007753696409791103,0.0,0.0,0.03584374557015856,0.0,0.4989693757361602,0.037324394115278006,0.06016292735042736,0.03729407859247272,0.1142420199785247,0.0,0.5338415530662406,0.4955623876094901,0.5201626860505365,0.18559108062370477,0.48437913688112255,0.31833675216311674,0.32079327939559665,0.325034369595104,0.5593364431808772,0.5513227916290306,0.5513227916290306,0.33916083916083917,0.33916083916083917,0.007462457390289593,0.002113511843795217,0.3985540893678596,0.4757981951554171,0.6515819239182628,0.514169655273366,0.17897701387450818,0.3844370474944631,0.0
0.6153846153846154,0.8348655090228124,0.25,0.008709772660171243,0.4971176582712131,0.5099011427162118,0.00036239908192232576,0.002742351489943012,0.0,0.0,0.002957013416449386,0.003543411916514757,0.0018225207173280438,0.00048538780463140864,0.0018658506679745392,0.0075144741885376535,0.025633836664397006,0.006568511815186888,0.0,0.022523869321692678,0.006822720775336828,0.0006875840520946035,0.0,0.0,0.0,0.00757273814268633,0.0,0.010916052299295346,0.004859350476880357,0.0018016319433533396,0.001705830103359173,0.0,0.018314907670311527,0.025633836664397006,0.0,0.0,0.0,0.0,0.0,0.0,0.0319251369079858,0.0003460956089119619,0.03150716435520803,9.490624618680261e-05,0.031604180457764135,0.0058358938403480914,0.03152467714485935,0.004630153618207822,0.041888580628176825,0.0,0.6952215024211491,0.004311672312904219,0.0078125,0.00044607660068882524,0.012201867699215826,0.030566850517331618,0.45412429190454795,0.4911115915814564,0.4324045229029652,0.1557270974923304,0.48437913688112255,0.31490506963616455,0.32132889803512527,0.29213712359749877,0.49583482845234483,0.48873096888637374,0.48873096888637374,0.3321678321678322,0.3321678321678322,0.0,0.00014632005072428425,0.478467917845496,0.5258272204337959,0.5236194846075868,0.5163507282441631,0.17319527852557465,0.38184019997668667,0.0
0.6346153846153846,0.02076949267960504,0.75,0.014442476134238756,0.4957679289898152,0.5109493176586649,9.059977048058144e-05,0.0019981445800328263,0.000223081499107674,7.360157016683021e-05,0.002227749972527747,3.0723224709665525e-05,0.0019936966963036056,0.0005662857720699768,0.003966265419923021,0.0063141756268786185,0.025743982056314337,0.002247122463090251,0.0008313467817864941,0.022254778847495462,0.003984144524082279,0.007512866922151328,0.0,0.0029762206047599282,0.00017202821262687082,0.014757130739593873,0.0,0.003177059997556108,0.0004426737494466578,0.006347610219023975,0.0024426679586563305,1.072961373390558e-05,0.011347389194305162,0.025743982056314337,0.001584450185693525,0.0,0.000546542109045272,1.5701051970482023e-05,0.015386070561528518,0.0,0.018053800324968405,0.0003136491455764655,0.017708406243438092,9.490624618680261e-05,0.017762933541955028,0.007145361186150578,0.01898087896686355,0.0015433845394026073,0.029586278123164778,0.001508180238467339,0.6966529250098156,0.0026533368079410583,0.007233796296296296,0.0003734594796464583,0.008351500558574388,0.012872901485567051,0.4569261583359688,0.4911115915814564,0.4353178723895234,0.15688545805015341,0.48437913688112255,0.31465829696006914,0.32132889803512527,0.2929886025987849,0.498092688177979,0.49095103875327833,0.49095103875327833,0.3374125874125874,0.3374125874125874,0.0018016358034169662,0.000585280202897137,0.4837429540202579,0.5221119848013087,0.5229365629835139,0.5174119885823025,0.1755891488921102,0.3846507531505394,0.0
0.6153846153846154,0.9819543752128022,0.0,0.014909949808089754,0.4858046601721677,0.5012074564288064,0.0,0.0018758091975818372,0.0,0.0,0.0017482342833737925,0.0,2.013835046771319e-05,5.056122964910507e-05,0.0003625081297779105,0.0003832886163280951,0.00038050226298714303,0.0,0.0,0.022254778847495462,0.0,0.0,0.0,0.0,0.0,0.0,0.0,0.0,0.00012072920439454303,0.001057935036503996,3.0281007751937984e-05,0.0,0.00038260939608127434,0.00038050226298714303,0.0,0.0,0.0,0.0,0.0,0.0,0.00035104611742994125,0.0,0.0003499685028347449,0.0011659910245807178,0.001143407353914666,0.008083640937867322,0.0032936229852838124,7.202461183878835e-05,0.029586278123164778,0.0,0.6959494830519566,0.0026651820615479376,0.007267183048433049,0.0003734594796464583,0.0005206130218332086,0.0019425097628729016,0.4542574499131699,0.4911115915814564,0.43254297911618783,0.15547370612030662,0.48437913688112255,0.31462745037555717,0.32132889803512527,0.2915694709299747,0.49632062712191893,0.4892098074851179,0.4892098074851179,0.3321678321678322,0.3321678321678322,0.0,0.00014632005072428425,0.4767509664600566,0.5291941527257374,0.5221736114816198,0.5167093610480861,0.17203561814040175,0.3812444145112616,0.0
0.36538461538461536,0.6996935648621042,0.75,0.0059910441885641175,0.5255443993962279,0.5371125863202895,0.0154623608286859,0.0035681153214871903,0.002507011132829098,0.0004784102060843965,0.021498286730402293,0.01867972062347664,0.009072326885704791,0.007311153807260593,0.0009169323282617735,0.03561558169090799,0.1251351784355349,0.023366006426160164,0.00016025962058534827,0.022254778847495462,0.023458805162153668,4.0446120711447266e-05,0.0,0.0005365295648036605,0.0,0.0242307181326711,0.0,0.06838825302431673,0.02624854118878023,0.003833705181786758,0.005147771317829458,3.2188841201716734e-05,0.10195533538734168,0.1251351784355349,0.00989019861133538,0.0,0.0001113326518425554,0.0,0.0,0.0,0.0936189845740306,0.008392818516115076,0.08556229939305461,0.0007050178288162479,0.08627710577521013,0.005804961540840946,0.08605466012613874,0.04456265626768462,0.031591097790648226,0.008491710473109582,0.691148082711687,0.010506739949302315,0.009871349715099717,0.0013693514253703472,0.0227008969728522,0.07994484480051534,0.45712589534890175,0.4911115915814564,0.4355255567093573,0.15708455127102924,0.48437913688112255,0.3149204929284205,0.3212725171257012,0.29345868996407826,0.4979988407077203,0.49086397718987035,0.49086397718987035,0.34615384615384615,0.34615384615384615,0.0,0.00014632005072428425,0.4795207653931711,0.5213889915035094,0.5228885450568213,0.5106272414550245,0.18127976806792295,0.3830965301972568,0.0
0.23076923076923078,0.12802179094313926,0.5,0.0067660663320539315,0.4982922318443381,0.5102556724761592,0.028689927318850793,0.0018758091975818372,0.05896787626412849,0.0,0.08567346979550654,0.007557913278577719,0.006011297614612387,0.0005865102639296189,0.0,0.01401020758104537,0.11567268794809148,0.0011896530686948386,1.0016226286584267e-05,0.022254778847495462,0.0011962571344572744,0.00025278825444654537,0.0,0.012380672787827864,0.0,0.013960000408784786,0.0047987509471218975,0.09139138935277585,0.002827075536238883,0.00528967518251998,0.0008579618863049095,0.0,0.10255945548641737,0.11567268794809148,0.0,0.0,0.0,0.0,0.0,0.0,0.006760145232793726,0.0,0.006739393454589087,0.0011388749542416312,0.007532446691139596,0.0061349060689171635,0.0077785564120532585,0.0007614030394386196,0.029586278123164778,0.0360542507732156,0.6668629760502552,0.0022624434389140274,0.01244212962962963,0.0002489729864309722,0.003633445048210935,0.007156085188614679,0.45386907238802243,0.4911115915814564,0.43213914849428864,0.15567279934118244,0.48437913688112255,0.31462745037555717,0.32165308826431366,0.2919686017118276,0.49568025614838945,0.48857861115040974,0.48857861115040974,0.3304195804195804,0.3304195804195804,0.0,0.00014632005072428425,0.4614009891367731,0.5287877988284342,0.5389158619217841,0.5183049110737027,0.17374197556429902,0.38399668432436634,0.0
0.34615384615384615,0.47088866189989786,0.75,0.006163271331561854,0.500600165882759,0.5123160555738244,0.007590247438039824,0.0069119491084809,0.0016677997790430867,0.0,0.01577406819112696,0.007680806177416381,0.01493258687180933,0.005308929113156032,0.002441598874092397,0.030088156381755462,0.06558657427804702,0.03445926709236589,0.0004807788617560448,0.02242420618310112,0.03501586561369005,8.089224142289453e-05,0.0,0.0006377615581628417,0.0,0.03602415918079529,0.0,0.020233391715205086,0.0036621191999678055,0.00252437964155904,0.0023821059431524544,0.0029506437768240345,0.030447652993415092,0.06558657427804702,0.003643226223155175,8.470538408597597e-05,0.00023278645385261583,0.0,0.0,0.0,0.2881486830755651,0.0005407743889249405,0.2867641912227899,0.002738723104247732,0.2896030169906321,0.006537025962510053,0.28970867954750223,0.25635617199477306,0.029586278123164778,0.015256663861597143,0.6970619028922916,0.007355902489872308,0.012642450142450143,0.0026660857296983273,0.0075163505027169486,0.28563951849913444,0.45660435981513237,0.4911115915814564,0.4349832698742356,0.15703930281173925,0.48451151707704526,0.31500532103582835,0.32132889803512527,0.2933611246618475,0.49753512379585413,0.49040690398197817,0.49040690398197817,0.3321678321678322,0.3321678321678322,0.0005118283532434563,0.0002926401014485685,0.4806815973047103,0.5262441289777824,0.5212452648988956,0.5166727658640122,0.17208531787119485,0.3812638422981777,0.0
0.8557692307692307,0.8522301668369084,0.0,0.011145556539710659,0.4883392663036478,0.5021631453469254,0.0,0.0018758091975818372,0.0,0.00014720314033366043,0.0018681132056622813,0.0009319378161931877,0.0,0.04597026999696633,0.0,0.046730951564422744,0.04838386670404935,0.008795298328384918,0.00300486788597528,0.041380135143215924,0.031275027625429594,1.0111530177861816e-05,0.0,0.017563750847817944,0.0,0.04926878621577705,0.0,0.0,0.0,0.0008484429500675612,9.084302325581395e-05,0.0,0.00011075535149721098,0.04838386670404935,0.00011101243339253997,0.0,0.0004959363582077468,0.0,0.0,0.0,0.0002708070048745261,0.0,0.0002699757021868032,9.490624618680261e-05,0.0002708070048745261,0.00559874621079331,1.0011012113324657e-05,0.0,0.029586278123164778,0.0,0.6959494830519566,0.0014806567008599654,0.007233796296296296,0.0,0.0004446902894825323,0.0004126575143926889,0.4532754095995828,0.4911115915814564,0.43152186454367136,0.15547370612030662,0.48437913688112255,0.31462745037555717,0.32132889803512527,0.2915694709299747,0.49534350934334376,0.48824668893991663,0.48824668893991663,0.3304195804195804,0.3304195804195804,0.0,0.00014632005072428425,0.4778956007170162,0.5231991134096786,0.5271141226057728,0.5167239991217155,0.17201076827500517,0.38125089044023364,0.0
0.6153846153846154,0.29553966632618317,0.75,0.02494833185710068,0.6589718359924374,0.6781126685300888,0.2235700336225815,0.038382726243997925,0.0,0.004538763493621197,0.26308428487227903,0.07935808942506604,0.12712333732743952,0.03806249367984629,0.008849463168107816,0.25180044784248856,0.8569411623342812,0.33191320616586,0.009254993088803863,0.06126293129223225,0.3799839823197251,0.14707220643700009,0.0,0.0031888077908142085,0.003145658745177066,0.5375111138363431,0.0,0.12248991894423854,0.12256026399452694,0.023756402601891713,0.00319969315245478,0.06724248927038627,0.33211502446686403,0.8569411623342812,0.3662602938801873,0.010101117052252633,0.0351811179822475,0.0010833725859632594,0.0,0.0,0.0002708070048745261,0.021187540558079167,0.0002699757021868032,9.490624618680261e-05,0.0002708070048745261,0.009351865217660281,0.0,0.6043482287090103,0.029586278123164778,0.0603053518540781,0.6940027483313703,0.08111629669991234,0.028300836894586897,0.027387028507406944,0.14238766147138254,0.8897298603003342,0.5208198094730827,0.4911115915814564,0.5017537787008192,0.18226984371182164,0.48437913688112255,0.3228866233786264,0.32132889803512527,0.3273315889839904,0.5402909271578018,0.5325501420191753,0.5325501420191753,0.3374125874125874,0.3374125874125874,0.007267962616057079,0.002113511843795217,0.529063991534026,0.4424349569898147,0.5665901936723043,0.5282368440313254,0.17710499068130048,0.39541374710202176,0.0
0.10576923076923077,0.4651004426285325,0.5,0.05868024800708592,0.5129486433160066,0.5465615751397567,0.043598622883488695,0.009358656757500687,0.0,0.0004538763493621197,0.05272674598655358,0.017256211211928805,0.12582441372227202,0.027323288502376378,0.001183482423686708,0.1713703576687983,0.3096186966796171,0.12576768210843128,0.000941525270938921,0.024148378480735113,0.12827323323972792,0.0,0.0,0.0,0.0,0.12930884712471002,0.0,0.13970917681560832,0.014034770010865626,0.00504875928311808,0.002937257751937984,0.026373390557939913,0.18393443283191366,0.3096186966796171,0.01117188761504925,0.0,0.0,0.0,0.0,0.003182640144665461,0.5051854526488937,0.02445381786718581,0.4810267075963163,9.490624618680261e-05,0.4825078734629195,0.02602437465201163,0.501171288417259,0.15641687845332292,0.3187157003705879,0.0,0.6972009553723335,0.012496742555258109,0.025618767806267807,0.010156023071496741,0.020347292269981238,0.49665848061516166,0.45747543512153444,0.48952428162359135,0.43415253259490016,0.15657776852698166,0.4849285146942018,0.31582275552539446,0.32132889803512527,0.293290168078407,0.4967898644732121,0.48967232204072303,0.48967232204072303,0.3356643356643357,0.3356643356643357,0.0,0.00014632005072428425,0.4914044446364167,0.5264077260013721,0.5094755375340126,0.5152821488692088,0.17697245806585216,0.38384773795801014,0.0
0.5384615384615384,0.7592781750085121,0.25,0.0003075484696388151,0.49203814273129565,0.5013204949029925,2.01332823290181e-05,0.0018758091975818372,2.1245857057873714e-05,0.0,0.001788193924136622,0.0,0.0,4.0448983719284053e-05,0.0,0.0,0.0002803700885168423,0.0,0.0,0.022254778847495462,0.0,0.0,0.0,0.0001720943887106081,0.0,0.00017373353363787803,0.0,2.0365769215103257e-05,0.0,0.0007855953241366307,3.0281007751937984e-05,9.656652360515021e-05,0.00011075535149721098,0.0002803700885168423,0.0,0.0,0.0,0.0,0.0,0.0,0.0002708070048745261,0.0,0.0002699757021868032,9.490624618680261e-05,0.0002708070048745261,0.005588435444290929,0.0,0.0,0.029586278123164778,0.0,0.6959494830519566,0.0014806567008599654,0.007233796296296296,0.0,0.0,0.0,0.45350288786431203,0.4911115915814564,0.4317583939079266,0.15547370612030662,0.48437913688112255,0.31462745037555717,0.32132889803512527,0.2915694709299747,0.4955698473598499,0.48846978419614967,0.48846978419614967,0.32867132867132864,0.32867132867132864,0.0,0.00014632005072428425,0.4782951428633134,0.5260963639242175,0.5237688737128527,0.5166947229744565,0.17200248498653967,0.3812120348664016,0.0
0.4230769230769231,0.6077630234933605,0.5,0.3159260899517764,0.4920432943697743,0.5012023183163433,0.0,0.0018758091975818372,0.04567859267442849,0.0010549558390578998,0.045563980379816384,0.17921881080638224,0.00012083010280627914,0.10896956213975124,0.0019937947137785078,0.28717395251255773,0.0,0.014794403546589662,1.0016226286584267e-05,0.022254778847495462,0.014760596506523657,0.052185607247944826,0.0,1.0,0.0312108328623037,0.0,0.022730925538998463,0.15694880045619322,0.001509115054931788,0.2123935518335795,0.8796834625322997,0.018175965665236053,0.0,0.0,0.23419586630066205,0.0,8.096920134004029e-05,0.0,0.0,0.0,0.02685001303885579,0.0,0.026767590916817484,0.17864067139390158,0.15893362219413854,0.006784484358567216,0.15952547802582842,0.0,0.029586278123164778,0.0,0.7176253108231907,0.010044775058634006,0.030604522792022793,0.0017220631561475578,0.018676992158266358,0.07408712105962398,0.5010680381941555,0.4493721951811168,0.4355544017537787,0.1592112288576574,0.48437913688112255,0.31462745037555717,0.3216953739463817,0.2954543438733425,0.49678434403378513,0.48966688069301006,0.48966688069301006,0.3304195804195804,0.3304195804195804,0.0,0.00014632005072428425,0.41707340777055485,0.5971871866589266,0.5121858827295523,0.5164019615018663,0.19010147028370264,0.3951029025113653,0.0
0.75,0.3970037453183521,0.0,0.005855722861923039,0.5025217270352835,0.5140989805984874,1.006664116450905e-05,0.0019777553496243285,0.0,0.0,0.0018481333852808665,0.01095795014644737,0.0346581011549344,0.0003337041156840934,0.0012581164504056892,0.04699320167033145,0.07189490126967597,0.0010981412941798512,0.0,0.022254778847495462,0.0010948794111981834,0.00011122683195647997,0.0,2.0246398671836248e-05,0.0,0.001236573974716661,0.0,0.014490244796545966,0.0038029699384281054,0.0009008159716766698,0.052608204134366926,0.00040772532188841203,0.07107472965625566,0.07189490126967597,0.0,0.0,0.0,0.0,0.0,0.002917420132610006,0.06469278449780345,0.0,0.06449419552240299,9.490624618680261e-05,0.06469278449780345,0.011176870888581858,0.06972669936930624,0.061539886201113295,0.029586278123164778,0.0014316783423131989,0.6959494830519566,0.0030205396697543293,0.008012820512820514,8.299099547699075e-05,0.0009869955205587912,0.06452554450662265,0.45657661856333603,0.4911115915814564,0.43495442482981417,0.15705740219545525,0.48437913688112255,0.31465829696006914,0.32132889803512527,0.2931571244844561,0.4976400121449667,0.4905102895885253,0.4905102895885253,0.34615384615384615,0.34615384615384615,0.0010236567064869125,0.0004227023687590434,0.4749260307107531,0.526064699984168,0.525454836472283,0.5144038644514382,0.17467798716090288,0.3812832700850937,0.0
0.9230769230769231,0.710929519918284,0.5,0.015426631237082964,0.515452339616615,0.5309930943768497,0.05093720429241579,0.014812775891773964,0.03864621398827229,0.0005520117762512266,0.10176721511273615,0.07002847018823095,0.04607654587012778,0.04179391242795025,0.0005650862023008604,0.15731980391761313,0.3144751071414267,0.17148289746614065,0.0,0.022454105124678585,0.17118642349530117,0.0,0.0,0.008392132249476124,0.0,0.18104056167029464,0.0,0.09174779031404016,0.02268702965914121,0.006661848348678628,0.003986999354005168,0.015815450643776825,0.13785013794075596,0.3144751071414267,0.038632326820603906,0.0004447032664513738,0.0006983593615578474,0.0,0.0,0.0,0.2857415096989027,0.0,0.2848643622074013,0.005219843540274142,0.28953280776714607,0.008547625430474501,0.291580738812694,0.1712539484921133,0.029586278123164778,0.0,0.6870583038869259,0.030513373291322168,0.035701566951566954,0.012355284451636996,0.07431750886669053,0.28793429687185473,0.45637688155040307,0.4911115915814564,0.4347467405099803,0.1564148740735378,0.48506751389992053,0.3151672656045159,0.32132889803512527,0.2921903410350792,0.4980430042231362,0.4909075079715744,0.4909075079715744,0.35664335664335667,0.35664335664335667,0.0,0.00014632005072428425,0.48407230633004344,0.5249775713757981,0.5184922371018513,0.5157359291517236,0.17773452060468006,0.3848450310196998,0.0
0.46153846153846156,0.4014300306435138,0.0,0.10551372896368467,0.6050908491445703,0.6580226487997369,0.0,0.0018758091975818372,0.005821364833857398,0.04159715407262021,0.04109849052457019,0.0,0.06520797881445531,0.16547679239559104,0.011461654103272169,0.24117931855318636,0.5845916609925101,0.06374303493716191,0.00026042188345119094,0.044081006199047215,0.08600886041301285,0.00823078556477952,0.08038071250393547,0.003067329398783191,0.0,0.1320272659451615,0.0,0.011720500183291923,0.09545655760795202,0.2834323183441745,0.06844517118863049,0.011394849785407725,0.457751867737973,0.5845916609925101,0.4176893266591313,0.0,0.0001113326518425554,0.0,0.014839570787485155,0.0,0.3705241620027682,0.0,0.3693867551920327,0.0016676383258538172,0.3716876291348218,0.028323675582042768,0.39279207127840626,0.0,0.04302262003604625,0.04382465765401471,0.6964484360685774,0.16967141266494515,0.007233796296296296,0.005809369683389352,0.22046876864174234,0.40747413341921984,0.44657312316560976,0.4916020228973416,0.42508941963770625,0.15547370612030662,0.48437913688112255,0.31221370513749863,0.3212866123530572,0.2887755554570048,0.4909216373623341,0.48379566651068134,0.48379566651068134,0.32867132867132864,0.32867132867132864,0.0,0.00014632005072428425,0.44707146405200526,0.5402765317430999,0.5237635383876647,0.4940276659591597,0.42116380202940573,0.5559585022471474,0.0
0.125,0.7654068777664284,0.75,0.04882639503985828,0.521618850875521,0.5510933903321276,0.007962713161126659,0.009052818301373215,0.009348177105464435,0.000956820412168793,0.02625348398117901,0.017368863035864244,0.0047325123599126,0.007412276266558803,0.0012581164504056892,0.03038066611526901,0.1519605879761285,0.06723065034367756,0.0,0.05901054436006299,0.10488539248385559,0.0,0.0,0.007248210724517376,0.0011181833820746601,0.11398963730569948,0.0,0.021608081137224552,0.012575958791098234,0.002157768490295279,0.00526889534883721,0.0,0.04049618397470751,0.1519605879761285,0.006519457451961893,0.0,0.0,0.0,0.0,0.0,0.07259633708451184,0.009874540341769414,0.0632443080122789,9.490624618680261e-05,0.06343904836412509,0.005990555337883818,0.06343978376213835,0.05352457582648242,0.029586278123164778,0.006546376542332871,0.6883261353226018,0.0046907204283243705,0.011017628205128206,0.0029876758371716666,0.0021366826104404603,0.06002657111799992,0.455572385248312,0.4911115915814564,0.43391023422176067,0.15615243300965603,0.48487556261583264,0.31557598284929905,0.32132889803512527,0.29266042840037254,0.49694995721659446,0.48983012112440005,0.48983012112440005,0.3304195804195804,0.3304195804195804,0.0,0.00014632005072428425,0.48179383625251065,0.521869227927595,0.5245318252147468,0.5166215326063089,0.17316214537171257,0.382060381561735,0.0
0.34615384615384615,0.4790602655771195,0.5,0.003936620411376833,0.5113619386645922,0.5221144360407761,0.006925849121182226,0.003608893782304187,0.0,0.0003680078508341511,0.010629264442912659,0.019929131761669706,0.009203226163744927,0.013115582970977853,0.004499365610772889,0.04613584555486071,0.09544598870509072,0.039350063041444665,0.00043069773032312344,0.0225637345771293,0.039983374053385506,8.089224142289453e-05,0.0,0.0009920735349199762,0.0,0.04138945948431799,0.0,0.04823632438597206,0.000291762243953479,0.004724046549141605,0.003371285529715762,9.656652360515021e-05,0.05519643971888279,0.09544598870509072,0.0018771193282738578,0.00023293980623643388,5.060575083752518e-05,0.0,0.0,0.0023990355635925254,0.6997753304848447,0.00025957170668397143,0.6973872351488365,9.490624618680261e-05,0.6995346131471786,0.006701998226548161,0.6990289318250075,0.6222103324450299,0.029586278123164778,0.0,0.6959658421672557,0.029293312169813554,0.010728276353276354,0.004377775011411261,0.06075987808978406,0.6960827730584968,0.45719802260357195,0.4911115915814564,0.43560055382485285,0.1574646383290649,0.48437913688112255,0.3145349106220214,0.32123023144363316,0.2933522550889175,0.4981368516933948,0.4910000108826954,0.4910000108826954,0.35664335664335667,0.35664335664335667,0.0032757014607581202,0.0010242403550699897,0.4831652376735849,0.5220381022745263,0.5219548631489089,0.5151723633169875,0.1768316421619383,0.38364698415987775,0.0
0.5384615384615384,0.6281920326864147,1.0,0.013765869501033362,0.4886019998660574,0.5035196070371588,0.00028186595260625344,0.0023549561121815454,0.0,0.0005029440628066731,0.0029070638654958496,0.0,0.002205149376214594,0.0002730306401051674,0.0006930302481048289,0.00309656855822961,0.00875155204870429,0.004087525928336112,0.0,0.022454105124678585,0.004268002149207733,0.001365056574011345,0.0,0.0025307998339795306,0.0,0.008247233037986327,0.0,2.0365769215103257e-05,0.00027164070988772187,0.0010369858278603526,0.00011103036175710595,5.36480686695279e-05,0.0006746007773011942,0.00875155204870429,0.0,0.0,0.0,0.0,0.0,0.0,0.011414013761007803,0.0,0.011378975892169704,0.0001355803516954323,0.011444103428216085,0.0056296785103004555,0.011192311542696967,0.0004938830526088344,0.029586278123164778,0.0,0.6959494830519566,0.003364052024353841,0.007289440883190884,0.000331963981907963,0.00843826939554659,0.010276178590120377,0.4540410681491592,0.4911115915814564,0.43231798776970115,0.15579044533533634,0.48437913688112255,0.3146351620216851,0.3216953739463817,0.29211938445163865,0.4957630627397941,0.48866023136610476,0.48866023136610476,0.3321678321678322,0.3321678321678322,0.0,0.00014632005072428425,0.479229207610738,0.5252783788062695,0.5236995144854079,0.5167313181585302,0.17215986746738454,0.3813674571617299,1.0
0.5384615384615384,0.49846782431052095,0.5,0.004600925105796674,0.4955876216430635,0.5066589937520553,0.0006341983933640701,0.002059312271258321,0.0,0.0,0.0025574170088210908,0.0029903938717407777,0.00031214443224955444,9.101021336838912e-05,0.00013860604962096578,0.003429424461882956,0.014849601473945609,0.0012811648432098264,0.0,0.022254778847495462,0.0012773593130645472,0.0038423814675874897,0.0,0.0,0.0003809196136737853,0.0054879357390317934,2.2960530847473195e-05,0.00169035884485357,0.00206245724174011,0.00625333878012758,0.0004542151162790697,9.656652360515021e-05,0.009524960228760145,0.014849601473945609,0.0,0.0,0.0,0.0,0.0,0.0,0.007361938576959339,0.0,0.0073393394594486495,9.490624618680261e-05,0.007361938576959339,0.00559874621079331,0.007087796576233858,0.005638498183950859,0.029586278123164778,0.0,0.6959494830519566,0.0020255383667764325,0.007667824074074074,9.336486991161458e-05,0.0005423052310762589,0.006964853657554652,0.45359165987006,0.4911115915814564,0.4318506980500749,0.15552800427145458,0.48437913688112255,0.3146351620216851,0.3213148028077693,0.2916226883675551,0.49562505175411964,0.4885241976732797,0.4885241976732797,0.3321678321678322,0.3321678321678322,0.0,0.00014632005072428425,0.4783437358270523,0.5240804264077259,0.5285066424798591,0.5204567078972406,0.17206875129426383,0.3845924697897914,0.0
0.8269230769230769,0.5849506298944501,0.0,0.04924466095856707,0.7924610922503902,0.8213992107859256,0.4691054782661217,0.03356067325238809,0.007829098325826464,0.0,0.5056892538536079,0.6116789218196341,0.08319152578212319,0.11219536859136414,0.01007559360706251,0.8071957394444332,0.0,0.6546243950054906,0.0,0.060505491438936396,0.6915886903011933,0.14243101408536155,0.0,0.02239251693105089,0.0,0.8637418115297748,0.0,0.7441244755814427,0.17560062779186283,0.0032576019440865617,0.09265988372093023,0.08936695278969958,0.0,0.0,0.38574802196027774,0.04516914606384668,0.017448862888778678,0.0,0.0026904604260596316,0.0019288728149487644,0.0002708070048745261,0.0033852476746701276,0.0002699757021868032,0.007267106850875171,0.0002708070048745261,0.010692264862969914,0.0,0.7461338217287965,0.044774305907130274,0.28833564660495514,0.6093688653317629,0.09903816540712136,0.11657540954415956,0.07734760778455538,0.05286391392531373,0.0,0.47976275681463854,0.4911115915814564,0.45906311295719393,0.1639170686238134,0.48437913688112255,0.3196168854203619,0.32132889803512527,0.30558339615947494,0.5129757928731127,0.5056263535352435,0.5056263535352435,0.34440559440559443,0.34440559440559443,0.00409462682594765,0.0012030759726218926,0.39893743385957714,0.47505409256425135,0.6539454729765779,0.5169069750420844,0.17371712569890246,0.3827403541037962,0.0
0.028846153846153848,0.045284303711270006,1.0,0.013027753173900206,0.5040157021940828,0.5186051052285433,0.014375163582918923,0.0018758091975818372,0.0,0.0025269872423945043,0.01807174753498966,0.006994654158900518,0.012364947187175897,0.01256952169076752,0.0008956083206277788,0.032619878558027886,0.08266912324268035,0.02062065319071054,8.012981029267414e-05,0.022254778847495462,0.020640504455550938,0.0008999261858297016,0.0,0.010042213741230778,0.009510702612371285,0.039764539963822544,0.0005969738020343031,0.012392570567390331,0.022797698096502877,0.001749258921744231,0.0074794089147286824,0.0,0.043949737207756905,0.08266912324268035,0.010959954787663491,0.00016941076817195193,0.0007287228120603625,0.0,0.0,0.0,0.12070971495055265,0.007397793640493186,0.11349978501934825,0.01129384329622951,0.12213395919841126,0.006877281257088651,0.12288517369106017,0.055016514214571606,0.065571778619307,0.009595523546190752,0.6945507786938883,0.014356447371538223,0.012798254985754987,0.002116270384663264,0.008937190208136749,0.12301219855871814,0.4537969451333522,0.4911115915814564,0.43206415137879306,0.15562755088189248,0.48437913688112255,0.31462745037555717,0.32132889803512527,0.2917202536697858,0.4957630627397941,0.48866023136610476,0.48866023136610476,0.3304195804195804,0.3304195804195804,0.0,0.00014632005072428425,0.47622184307712245,0.5248825795556493,0.5267246438670437,0.5162555807655712,0.17288051356388487,0.38151640352808613,0.0
0.0,0.804562478719782,0.75,0.008008562149394745,0.5028462802594365,0.5155273758632029,0.01483822907648634,0.006636694497966174,0.0035374352001359736,0.0,0.024465290057042385,0.013897138643672039,0.01585895099332414,0.004105571847507331,0.0026015289313473574,0.036089649190050636,0.08650418552489286,0.032507015902712814,0.00013021094172559547,0.02432777213019992,0.03465090580995732,0.0,0.0,0.00032394237874937997,0.0,0.03525768770886348,0.0,0.025426662865056415,0.018652662078956897,0.0009322397846421351,0.0023821059431524544,0.006341201716738198,0.0522463199017298,0.08650418552489286,0.004501049572097529,0.0,0.0,0.0,0.0,0.0,0.08470241319131011,0.009030932295046507,0.07609315161635452,0.0007999240750030506,0.07684901004994885,0.0056193677437980745,0.07646411052157373,0.05819588636574098,0.029586278123164778,0.0,0.6943135715220522,0.006135841368363696,0.012965188746438748,0.0017428109050168054,0.010997950086226532,0.07594911228310318,0.4540133268973629,0.4911115915814564,0.43228914272527974,0.15563660057375048,0.48449827905745296,0.3150130326819563,0.32132889803512527,0.29202181914940795,0.49579618537635595,0.4886928794523827,0.4886928794523827,0.3321678321678322,0.3321678321678322,0.0,0.00014632005072428425,0.47514739865667455,0.5255422449733496,0.5274449127674331,0.5167093610480861,0.17201905156347072,0.3812379385822896,0.0
0.5769230769230769,0.073203949608444,0.25,0.007528786536758193,0.489282016145235,0.5015928148635318,0.02690813183273269,0.0018758091975818372,0.0007223591399677064,0.0,0.029120588205912026,0.0,0.0,4.0448983719284053e-05,0.0,1.008654253494987e-05,0.028207233548283736,0.025308089640867126,0.0,0.022254778847495462,0.025232915319187765,0.0,0.0,0.0017006974884342446,0.00011058956526013122,0.027255725541895332,0.0,0.0014867011527025377,0.0,0.0008379683457457395,3.0281007751937984e-05,0.0,0.0015103002476892407,0.028207233548283736,9.082835459389634e-05,0.0,0.0,0.0,0.0,0.0,0.0002708070048745261,0.0,0.0002699757021868032,0.00012202231652588907,0.0002908667830133799,0.005588435444290929,2.0022024226649315e-05,0.0,0.029586278123164778,0.0,0.6959494830519566,0.0015043472080737248,0.0076900819088319096,0.0,0.0002060759878089784,0.0006340834977253513,0.4531644445923978,0.4911115915814564,0.4314064843659859,0.15547370612030662,0.48437913688112255,0.31462745037555717,0.32132889803512527,0.2915694709299747,0.4952331005548042,0.48813786198565656,0.48813786198565656,0.3129370629370629,0.3129370629370629,0.0,0.00014632005072428425,0.4779225968079822,0.5260963639242175,0.5241370111508297,0.5166947229744565,0.17204390142886727,0.3812444145112616,0.0
0.6153846153846154,0.9795709908069459,0.25,0.021380769609290425,0.5554239025722131,0.5733465554094048,0.26269906782902813,0.0018758091975818372,0.0055876604062207865,0.00677134445534838,0.2732140538056563,0.057974725027138845,0.06056608903164742,0.1359692587723733,0.002366964847373416,0.2555929878356297,0.66641967396964,0.20855533411965674,0.0017728720527254152,0.034921963762482806,0.22640686935452806,0.106979989281778,0.0,0.16204205177004138,1.2287729473347913e-05,0.4999437920920583,0.0,0.04498798419616309,0.08016419171797658,0.018602897275555415,0.0357921511627907,5.36480686695279e-05,0.17755089711834715,0.66641967396964,0.2061803649281447,0.0,0.0046456079268848115,0.0,0.0029111622578848356,0.0,0.34710437102565644,0.0054510058403634005,0.3409993100620944,0.005233401575443686,0.3458506348919781,0.016744684799868025,0.35576133747121835,0.13858564240809146,0.07272027702962677,0.0,0.691303494307028,0.07440003790481155,0.046285167378917386,0.009782563591850283,0.11025065347780345,0.38179878417005514,0.44020373175319166,0.4952407068539095,0.42244721356870885,0.15547370612030662,0.48437913688112255,0.31462745037555717,0.32132889803512527,0.2915694709299747,0.48665985812470675,0.47968744898736515,0.47968744898736515,0.3111888111888112,0.3111888111888112,0.0,0.00014632005072428425,0.492279117983716,0.5227769275423505,0.5186522968574934,0.5240357168996559,0.1750838682957134,0.39010996127394476,0.0
0.5384615384615384,0.7660878447395302,0.25,0.00850063970081685,0.5104604019308341,0.5231163679710622,0.0,0.0018860038127860863,0.0,0.0014842983316977428,0.002967003326640093,0.0,0.0,0.00011123470522803116,0.00039449414122890255,0.0004538944140727442,0.044388592942684345,0.00036604709805995034,0.0,0.022254778847495462,0.00036495980373272777,0.0028817861006906176,0.0,0.0024498142392921857,0.0,0.005753645849301489,0.030216058595274726,0.0018940165370046028,0.0,0.0010893588494694613,0.010346010981912145,0.0,0.03895567772206448,0.044388592942684345,0.0,0.0,0.0,0.0,0.0,0.0,0.0007923612364847245,0.0,0.0007899289063984242,9.490624618680261e-05,0.0007923612364847245,0.007434062648217268,0.0023125437981779957,0.0,0.029586278123164778,0.0008415208576955444,0.695704096322471,0.0019189310843145152,0.007233796296296296,3.1121623303871525e-05,0.00024946040629507914,0.0011171947340875238,0.45416867790742194,0.4911115915814564,0.43245067497403944,0.15568184903304041,0.48437913688112255,0.3146351620216851,0.32132889803512527,0.29178234068029624,0.4960998095448398,0.48899215357659787,0.48899215357659787,0.3321678321678322,0.3321678321678322,0.0,0.00014632005072428425,0.47889445608275927,0.5254261438598342,0.5237582030624767,0.5165556612749761,0.17240008283288466,0.3813998368065899,0.0
0.5480769230769231,0.35308137555328567,0.5,0.16055260309024702,0.7629834168757372,0.8384885728378824,0.8220922506996315,0.0018758091975818372,0.0,0.11830225711481844,0.9139169438866745,0.0,0.012868405948868728,0.1672363231873799,0.00014926805343796316,0.1798027072280164,0.0,0.009202017326229309,7.011358400608988e-05,0.022254778847495462,0.0,0.0005055765088930907,0.0,0.10810564570826964,0.045968395959794545,0.0,0.03111151929832618,0.039896541892387276,0.014980482111956215,0.09219746724067497,0.016281088501291993,0.0008583690987124464,0.1866126986044826,0.0,0.11105280155013726,0.00041293874741913283,0.02016133113367003,0.0,8.407688831436349e-05,0.0,0.10920543218792,0.0,0.10887020168184862,9.490624618680261e-05,0.10920543218792,0.017579856886560948,0.120382420662729,0.0,0.029586278123164778,0.03523458760013552,0.6958104305719147,0.01325483878609841,0.018997061965811968,0.09071953193078551,0.022483974880421698,0.14311163895486936,0.4413300265761192,0.18948578540202182,0.08912541825314411,0.15547370612030662,0.48437913688112255,0.28139796721008065,0.32132889803512527,0.25335048117433145,0.19148748240359934,0.18874402812088495,0.18874402812088495,0.256993006993007,0.256993006993007,0.0,0.00014632005072428425,0.5188648683670605,0.358652171618555,0.6534172757829589,0.5173241601405255,0.264874715261959,0.4543770803921823,0.0
0.5384615384615384,0.4821246169560776,0.25,0.006458517862415116,0.5039538825323394,0.5157791433738902,0.0015099961746763576,0.005270616060596792,0.0015934392793405287,0.00020853778213935232,0.0082516658175243,0.0,0.0005638738130959694,0.004297704520173931,0.0028574170229552945,0.007524560731072603,0.042395962670725366,0.02933460771952658,3.00486788597528e-05,0.025583527676453586,0.032663902434079135,3.0334590533585446e-05,0.0,0.004525070103155401,0.000995306087341181,0.038354232455468006,0.0,0.0001120117306830679,0.003289870819751298,0.001057935036503996,0.0012011466408268733,2.145922746781116e-05,0.004843029460923498,0.042395962670725366,0.007690134022283223,0.0,8.096920134004029e-05,0.0,0.0,0.0,0.023640448536639186,0.0,0.02356787889089982,0.0002440446330517781,0.02375077731640288,0.0058358938403480914,0.023676043648012814,0.0,0.029586278123164778,0.0,0.6959494830519566,0.007569117054796143,0.008146367521367522,0.002894310967260052,0.0049458237074154815,0.013386207174201862,0.45924532698613496,0.4911115915814564,0.43772931810314986,0.15859584981131392,0.48437913688112255,0.31448864074525346,0.32132889803512527,0.29446982127810545,0.4994783184741506,0.4923222583769548,0.4923222583769548,0.3531468531468531,0.3531468531468531,0.0013409902854978554,0.0004877335024142808,0.4813618987970542,0.5245764948018364,0.5216774262391293,0.5158749908512039,0.17314557879478154,0.3813804090196739,0.0
0.21153846153846154,0.19169220292815797,0.25,0.024148705836039758,0.5140150324810806,0.5332024827359422,0.0,0.0020491176560540722,0.0,0.0007973503434739941,0.002567406919011798,0.00311328677057944,0.00042290535982197696,0.004014561634138943,0.0029320510496742757,0.010227754130439169,0.07334681779949534,0.0010879733192337415,0.0,0.022254778847495462,0.0010847416388722743,0.04142693913869986,0.0,0.0,0.0,0.04296328090668465,0.0,0.0,0.024347056219566177,0.003697535325603075,0.0009286175710594316,0.0035836909871244634,0.03142431382025414,0.07334681779949534,0.0,0.0,0.00024290760402012084,0.0,0.0,0.010018083182640145,0.031152835449639926,0.0,0.031057204851563356,9.490624618680261e-05,0.031152835449639926,0.007712453343781577,0.032896185804384824,0.0,0.029586278123164778,0.0019671916153921817,0.6959494830519566,0.018502286133946125,0.007834757834757835,0.011753599734428815,0.0037310599898046615,0.03168404525141914,0.4542685464138884,0.4891182255878584,0.43037960078458515,0.15547370612030662,0.48437913688112255,0.31462745037555717,0.32132889803512527,0.2915694709299747,0.49425046233680203,0.48798550424969256,0.48798550424969256,0.3304195804195804,0.3304195804195804,0.0,0.00014632005072428425,0.4762488391680885,0.5299435326402449,0.5224510483913994,0.5174485837663763,0.1734520604680058,0.38301234312062066,0.0
0.6538461538461539,0.06196799455226421,0.25,0.09125578191122923,0.4920432943697743,0.5012023183163433,0.1376814512069903,0.0018758091975818372,0.0,0.005103042198233562,0.142536038601013,0.4676177211560125,0.2769123881062902,0.15368591364141976,0.003785011355034065,0.894787274817938,0.0,0.05733721072111278,0.003976441835773954,0.30819828978054176,0.3532810900132805,0.30048434229551957,0.012811508561187667,0.04804470404826741,0.09589344081000713,0.7934921462223177,0.0,0.02014174575373712,0.7831703489074008,0.017995370224889753,0.1169452519379845,0.5145171673819742,0.0,0.0,0.7910645083158405,0.00035999788236539785,0.0005262998087102619,0.0,0.052054103477630294,0.06255575647980711,0.9582455718039758,0.0,0.9553040226379625,0.017869490353457976,0.9713947563739945,0.014208236240282102,0.9776654319751727,0.5182993960221836,0.031945485105607414,0.2444672735817095,0.701560659599529,0.07206652294425624,0.08972133190883191,0.007251338229802067,0.07237605613943753,0.9501590241153025,0.4715568945333089,0.4911115915814564,0.4505307488173531,0.1663514357336133,0.48437913688112255,0.31794345821058967,0.3163673780058072,0.30293139385338597,0.5064616743492782,0.49920556323390175,0.49920556323390175,0.3356643356643357,0.3356643356643357,0.0,0.00014632005072428425,0.4790294365375894,0.3913768536598237,0.6335645307581497,0.4814681987850399,0.22547939531994204,0.3918519861674157,0.0
0.07692307692307693,0.7735784814436499,0.0,0.03385493553784076,0.5122737786753077,0.5355197714567577,0.01948901729448952,0.006483775269902436,0.005343333050055239,0.0004906771344455348,0.031028661052337137,0.0,0.016614139135863383,0.011942562443118615,0.007442078664264162,0.035555062435698295,0.1315236111667401,0.04846056859315898,0.0,0.02307201658394626,0.04913778246368143,0.0,0.0,0.00507172286729498,0.004263842127251726,0.05821095338831489,0.00011480265423736599,0.025233188057512936,0.028280816129421706,0.01965035770773759,0.0034621285529715757,0.0,0.07490082361706842,0.1315236111667401,0.0002119328273857581,0.0,0.0,0.0,2.101922207859087e-05,0.0,0.18258410061984717,0.007776335712740645,0.17484426401623854,9.490624618680261e-05,0.17538264026799866,0.006537025962510053,0.17570327360096105,0.08463920814083899,0.029586278123164778,0.0,0.6993767177071065,0.004809172964393168,0.010027154558404559,0.003101788455952529,0.06407878610397076,0.15484721607150045,0.4655203981424458,0.49112741194648496,0.44427137417791623,0.15935602392738527,0.48437913688112255,0.3163702824004812,0.32132889803512527,0.29737904119916625,0.5039277926522951,0.496707984633634,0.496707984633634,0.3409090909090909,0.3409090909090909,0.00210873281536304,0.0009592092214147522,0.4924194976567393,0.5226186078421025,0.5197993917729286,0.5255653955939398,0.1768730586042659,0.39287518294499346,0.0
0.028846153846153848,0.005788219271365339,0.75,0.018588229504969984,0.635840979223442,0.6523861394278199,0.011012905433972901,0.013232610535115352,0.0,0.0013616290480863592,0.02490484610543351,0.0740327304753907,0.09216316091548941,0.037273738497320255,0.007676642748238104,0.20962861350386316,0.525954259622702,0.16784276243543336,0.0012420120595364491,0.04542645857003329,0.192171612209933,0.0,0.0,0.00900964740896713,0.0007126883094541789,0.2034010894114521,0.0,0.1163496395258849,0.17405126966879955,0.0015292922309859743,0.03831556847545219,0.00033261802575107295,0.3284600978674561,0.525954259622702,0.020436379783626675,0.00204351739107417,0.00012145380201006042,0.0016800125608415766,0.0,0.0,0.7535856853423202,0.08122431321652605,0.676179143877051,0.0013964776224629526,0.679224087781589,0.01141401851813664,0.6833316648313145,0.4976180431941886,0.029586278123164778,0.0,0.6831484753304542,0.07364194167397124,0.015113069800569801,0.03058218183327109,0.09897070467141726,0.6609666250654214,0.46785066329333047,0.4911115915814564,0.4466770508826583,0.1630754472810201,0.48437913688112255,0.3140799235004704,0.32132889803512527,0.29838130294026344,0.5056060062380965,0.4983621543383865,0.4983621543383865,0.3513986013986014,0.3513986013986014,0.0038694223505205292,0.0011868181892080833,0.475158197093061,0.5130402659770964,0.5399295737075174,0.5165117470540876,0.17260716504452267,0.38152287945705815,0.0
0.33653846153846156,0.20599250936329588,0.75,0.0037274874520224384,0.5081318613384987,0.5188054916146004,0.0008455978578187602,0.0023243722665687986,0.0001699668564629897,0.00038027477919528945,0.0035064584769382923,0.014255576265284804,0.03356056105444403,0.0010314490848417435,0.002612190935164355,0.051118597567125945,0.08680458204830377,0.025277585716028794,3.00486788597528e-05,0.022254778847495462,0.0252734664084914,5.055765088930908e-05,0.0,0.00023283358472611683,0.0001597404831535229,0.02589651613166958,0.0,0.024031607673821842,0.0325566421183951,0.002231090720548031,0.00380531330749354,0.00030042918454935627,0.061781348798807874,0.08680458204830377,0.005994671403197159,0.0,0.001093084218090544,0.0,0.0,0.0,0.1086437584000321,0.004239671209171534,0.10439060484556388,0.0007050178288162479,0.10516338689294095,0.005763718474831419,0.10486535188707578,0.06893784275998313,0.04700188331544521,0.007289537819258806,0.6942154168302579,0.003932624197484068,0.008981036324786326,0.0007157973359890451,0.006399201726699856,0.09961149804742542,0.45670977657195805,0.4911115915814564,0.4350928810430367,0.15728364449190507,0.48437913688112255,0.31446550580686955,0.32132889803512527,0.2931571244844561,0.49777802313064123,0.49064632328135027,0.49064632328135027,0.3531468531468531,0.3531468531468531,0.00030709701194607373,0.00022760896779333106,0.47954776148413714,0.5254366985065174,0.5233740596489356,0.5169362511893435,0.17287223027541934,0.3821057130645391,0.0
0.7980769230769231,0.7705141300646918,0.5,0.04816209034543844,0.5602458361881997,0.5893414995067412,0.09514989228693954,0.024059291882027913,0.022520608481346138,0.007691364082433758,0.14535319327479246,0.05387829506585011,0.06731243643833133,0.08627768227323289,0.0021004147519484814,0.20849892073994877,0.5226999639524172,0.24116402977183066,0.03709008593922154,0.026759552711834,0.2825701280400645,0.00328624730780509,0.0,0.008209914661429597,0.027057580300312106,0.31896454813951824,0.04449750878240305,0.10559651338031038,0.008601955813111193,0.004231740146015984,0.054213097545219635,0.0020493562231759656,0.21134134799331442,0.5226999639524172,0.026168658162441467,0.0,0.0001416961023450705,0.0,0.0,0.01682941531042797,0.3577260235501795,0.009560891196192947,0.3477886990170884,0.00020337052754314846,0.34893984072536155,0.006124595302414781,0.3485333867253979,0.28959038574324253,0.029586278123164778,0.0426115561578562,0.6543155346158881,0.033131174338442586,0.03352029914529915,0.01795717664633387,0.008091194047657783,0.3468939973428882,0.45544477549004925,0.4911115915814564,0.4337775470174224,0.15610718455036607,0.484842467566852,0.31549886638801916,0.32132889803512527,0.2925717326710719,0.49687267106461674,0.48975394225641805,0.48975394225641805,0.3321678321678322,0.3321678321678322,0.0,0.00014632005072428425,0.48406690711185024,0.522333632381656,0.5230379341620871,0.5182902730000731,0.17292193000621248,0.3833426154981932,0.0
0.028846153846153848,0.6734763363976847,0.0,0.017222714299773643,0.5719039940653124,0.5880466951660638,0.005385653023012341,0.00922612675984545,0.011929548737996091,0.004035819430814524,0.0288109009900001,0.0,0.008649421525882816,0.0019617757103852764,0.016206245801835998,0.025902241229751266,0.22208314975768015,0.11653516085736365,0.004707626354694606,0.026311068588171976,0.12507983495706654,0.002750336208378414,0.0,0.03171598351943148,0.0,0.1608874717683008,0.0,0.02297258767463647,0.021087367700913517,0.015701431878410794,0.005420300387596899,0.001351931330472103,0.06480194929418635,0.22208314975768015,0.010929678669465526,0.004341150934406268,0.0029958604495814905,0.00017271157167530226,0.0,0.007233273056057866,0.2254217568353694,0.02443218689162881,0.20214180723734862,0.0026573748932304728,0.20465988646165575,0.008960056090569773,0.20727800580638706,0.10167817345584376,0.029586278123164778,0.0,0.6954914278235834,0.030430456516074008,0.00849136396011396,0.016608572969832775,0.032690159329276894,0.17109183139417852,0.47406470369568965,0.4911115915814564,0.4531383408330449,0.16588085175699768,0.48437913688112255,0.31339358699507996,0.32132889803512527,0.30035034813073747,0.5105688812829501,0.5032539259323748,0.5032539259323748,0.36363636363636365,0.36363636363636365,0.00573247755632671,0.0016908094750361735,0.5027967950240806,0.5279328724470949,0.5038307634850344,0.525111615311425,0.17426382273762683,0.39043375772254535,0.0
0.15384615384615385,0.35274089206673476,0.0,0.4149074894203326,0.36370567659043956,0.5464947796777376,0.1198030964988222,0.0018758091975818372,0.005173366193592249,0.06268400392541708,0.17654169289018093,0.03132744812895561,0.061623352431202365,0.11651329760339774,0.022464842042413453,0.23001351596699685,0.49393199022709977,0.17678041241306383,0.002854624491676516,0.05513364826885128,0.21258908567431392,0.011254133087960201,0.0,0.030227873217051515,0.0,0.2561956443981155,0.0,0.11218483972139628,0.05172240331602881,0.03324639411746221,0.0449874838501292,0.005879828326180258,0.24425582472462193,0.49393199022709977,0.1421564669788471,0.0,0.0,0.0,0.0,0.0,0.7405167398848568,0.0764438676184296,0.6675699187073163,0.0013964776224629526,0.670598383181882,0.0150021652609655,0.6782060266292923,0.3905277346201731,0.029586278123164778,0.0,0.6724414343672295,0.14365923574423728,0.031038550569800573,0.026121415826382836,0.14445926745409385,0.6553806513949837,0.46808923805877817,0.4911115915814564,0.44692511826468206,0.15547370612030662,0.48437913688112255,0.31462745037555717,0.32132889803512527,0.2915694709299747,0.510083082613376,0.5024649305139897,0.5024649305139897,0.3374125874125874,0.3374125874125874,0.0,0.00014632005072428425,0.5132712783188994,0.5218059000474958,0.4946326628608013,0.5181878064846666,0.1959826050942224,0.4012809387506638,0.0
0.5384615384615384,0.13040517534899557,0.0,0.0036413738805235706,0.49371242523684655,0.5043828099309439,0.0022851275443435543,0.0018758091975818372,0.005215857907707997,0.0,0.008910999890110988,9.216967412899657e-05,0.0,0.0012134695115785215,0.0,0.0012608178168687337,0.014639323907557976,9.151177451498758e-05,0.0,0.022254778847495462,9.123995093318194e-05,0.0,0.00014531011600590925,0.012694491967241326,0.0,0.012968697305086305,0.0,0.0014663353834874343,7.042536923015011e-05,0.0012045794970095003,4.037467700258398e-05,0.0,0.001933184317042228,0.014639323907557976,0.0,0.0,0.0,0.0,0.0,0.0,0.00035104611742994125,0.0,0.0003499685028347449,9.490624618680261e-05,0.00035104611742994125,0.005866826139855236,0.000350385423966363,0.0,0.029586278123164778,0.0,0.6959494830519566,0.0014806567008599654,0.0074563746438746446,3.1121623303871525e-05,0.00013015325545830215,0.00035226860984741734,0.45350288786431203,0.4911115915814564,0.4317583939079266,0.15547370612030662,0.48437913688112255,0.3146351620216851,0.32132889803512527,0.29157834050290476,0.4955698473598499,0.48846978419614967,0.48846978419614967,0.3304195804195804,0.3304195804195804,0.0,0.00014632005072428425,0.4781493639720969,0.5260963639242175,0.5237688737128527,0.5164971089804582,0.17255746531372954,0.381471072025282,0.0
0.7980769230769231,0.1348314606741573,0.5,0.014073417970672178,0.9714341646360624,0.985207374219007,0.045249552034468184,0.09510556524044,0.010367978244242373,0.0027109911678115796,0.14997852169308998,0.37648239559224134,0.1321176482434324,0.07932045707351604,0.050271347997142585,0.6297734562546651,0.0,0.6798308048968967,0.0,0.05465526520361179,0.7107693555418133,0.00044490732782591987,0.0,0.1004929998076592,0.0,0.8184075788699146,0.0,0.7737159382509878,0.10126162018592298,0.004378384606521488,0.0370437661498708,0.014334763948497854,0.9202058035804185,0.0,0.16971782657839496,0.012949335592143575,0.000283392204690141,0.0,0.0,0.0,0.0002708070048745261,0.030672723339822624,0.0002699757021868032,0.005341865856800032,0.0002708070048745261,0.007578413379250613,0.0,0.9496650855549497,0.04881432129766509,0.0,0.57859736945426,0.07649664779322925,0.057491987179487176,0.062191377235569945,0.21733424440612154,0.0,0.550236632877822,0.4911115915814564,0.5323410638052383,0.18712952823956344,0.48844320889594917,0.3169640791523358,0.32132889803512527,0.31983679985808683,0.5742305887548649,0.5660035477587089,0.5660035477587089,0.548951048951049,0.548951048951049,0.01463829090276285,0.004096961420279959,0.5637755652981449,0.4959945115837247,0.4690231019580643,0.5157286101149088,0.17593704700766205,0.3834332785038014,0.0
0.22115384615384615,0.5859720803541029,0.25,0.0406210018698947,0.7240318783389057,0.7495478461032555,0.07569107491594354,0.0018758091975818372,0.0148720999405116,0.000662414131501472,0.09138769842459117,0.013497736722446387,0.14263993636281252,0.15527353625240164,0.04035568444733503,0.34920618910249945,0.9204950534705811,0.1521434091186399,0.056421402672329174,0.022254778847495462,0.22573777638101802,0.2067100114260291,0.025138650069022307,0.05912960732109775,0.07617163500528372,0.570132139681761,0.0,0.011476110952710684,0.2716407098877218,0.01993317202442678,0.03442950581395349,0.0298068669527897,0.3638816730099277,0.9204950534705811,0.1673764734377523,0.0011435226851606755,0.03137556551926561,3.1402103940964046e-05,0.15537408960494373,0.03428571428571429,0.7406070088864817,0.0,0.7383335499805017,9.490624618680261e-05,0.7406070088864817,0.053286041284309076,0.7852537791570727,0.0,0.1632409226220611,0.1405667697620791,0.6978880382148934,0.2126341474970979,0.031483707264957264,0.0709573011328271,0.24322389613770215,0.760588187930271,0.4694263663953573,0.5362787337379831,0.4977270104995961,0.18238748970597554,0.4870333598093725,0.3087126177953946,0.3213852789445493,0.30762339793338955,0.5487040768445168,0.5408427559337896,0.5408427559337896,0.3409090909090909,0.3409090909090909,0.02704501018538423,0.004714757190004714,0.5298522773902339,0.5684785476806163,0.42651123085952086,0.5119373490448657,0.18870987782149512,0.39006462977114065,0.0
0.4423076923076923,0.1198501872659176,1.0,0.18406160810943806,0.4920432943697743,0.5012023183163433,0.45230425416255615,0.0018758091975818372,0.0,0.0005397448478900883,0.45104444511043845,0.0,0.01720822047466092,0.24258266761047628,0.012271966393363969,0.0,0.0,0.0059279293935819745,0.0007712494240669886,0.022254778847495462,0.006690929735100009,0.0,0.0,0.1144630148912262,0.010739475559706077,0.0,0.0,0.0,0.030685339450279688,0.03937403764572794,0.020399305555555556,0.0,0.08813105378682616,0.0,0.0,0.0,0.04474560489053976,0.0,0.0,0.019204339963833635,0.012707869450963872,0.0,0.012668859802617763,0.04646338652602465,0.04701009006840385,0.014404140803827356,0.05520072079287216,0.0,0.029586278123164778,0.01649162304237112,0.6959494830519566,0.018277226315415413,0.2126624821937322,0.0018361757749284203,0.02764672068026768,0.04336929828092919,0.4601885295472073,0.4911115915814564,0.4387100496134763,0.15547370612030662,0.48437913688112255,0.31462745037555717,0.32132889803512527,0.2915694709299747,0.5022219768693588,0.4950266081903165,0.4950266081903165,0.3374125874125874,0.3374125874125874,0.009090071553603784,0.0030889788486237785,0.49716001123037384,0.5123067180326139,0.5328442618577602,0.5355924760301545,0.1811306688755436,0.40506935719929027,0.0
0.21153846153846154,0.5978890023833844,0.0,0.03983367778761933,0.614796536038287,0.6403835087142388,0.0,0.0018758091975818372,0.0,0.010831697742885182,0.010569324981768415,0.0,0.02086333108455086,0.025594094448376983,0.012783742576579844,0.058471687075104396,0.33812632675131177,0.03340179769797047,0.001312125643542539,0.022254778847495462,0.0346306302653055,0.015895325439598776,0.012181831391828728,0.024052721622141462,0.0,0.08039774759583448,0.14250453470484237,0.0,0.040917139522717215,0.04948203081628592,0.012314276485788112,0.03812231759656653,0.26078857810266015,0.33812632675131177,0.00018165670918779268,0.00014823442215045795,0.030424177403520134,0.0,3.1528833117886304e-05,0.03414104882459313,0.20041724338528819,0.0,0.19980201781839635,9.490624618680261e-05,0.20041724338528819,0.03714969170808158,0.2304134548002803,0.0,0.029586278123164778,0.022032546092392434,0.6959494830519566,0.1271114164554263,0.007478632478632479,0.008402838292045313,0.05144307421989392,0.1831394178509602,0.48023990634553393,0.4911115915814564,0.4595592477212414,0.15988995574700682,0.4855573206248345,0.3128923299967611,0.323555943957376,0.29372477715198014,0.520831378177703,0.5133693913308448,0.5133693913308448,0.3548951048951049,0.3548951048951049,0.008291619322543992,0.00013006226731047488,0.4920091570740557,0.5184336904322128,0.5194899429120204,0.51868550098807,0.20826672188858977,0.4113186286572809,0.0
0.47115384615384615,0.5481784133469527,1.0,0.5127694124594036,0.4920432943697743,0.5012023183163433,0.0,0.732319988582031,0.8833708676808023,0.25846418056918546,0.0017482342833737925,0.0,0.1891091800670607,4.0448983719284053e-05,0.4872962224520477,0.0,0.0,0.0,0.05794386906788998,0.6832107476728658,0.0,0.0,0.0,0.0,0.5876115111449706,0.0,0.23290014465134437,0.18274204716712153,0.7535313292285404,0.520147901413024,3.0281007751937984e-05,0.7138412017167381,0.0,0.0,0.0,0.06319021652813807,0.20996326022489195,0.0,0.0,0.217251356238698,0.0002708070048745261,0.0,0.0002699757021868032,0.4720501104979866,0.0002708070048745261,0.7666879755841048,0.0,0.0,0.029586278123164778,0.9677927017191069,0.6959494830519566,0.1881144725308569,0.7960403311965812,0.5068882526245903,0.28074057202355773,0.0,0.45350288786431203,0.4911115915814564,0.4317583939079266,0.5632528212414368,0.8224715382578766,0.35820596264478616,0.2772249316381473,0.26055257439354296,0.4955698473598499,0.48846978419614967,0.48846978419614967,0.34965034965034963,0.34965034965034963,0.23309686863413487,0.07551740395714449,0.4782951428633134,0.5260963639242175,0.5237688737128527,0.7733440679206616,0.24849865396562434,0.6681021642554625,0.0
0.6346153846153846,0.5427306775621382,0.25,0.0067660663320539315,0.4914508559447332,0.5034373972377507,0.0,0.0018758091975818372,0.0,0.0,0.0017482342833737925,0.0002457857976773242,5.034587616928298e-05,4.0448983719284053e-05,1.0662003816997368e-05,0.0003025962760484961,0.004666159330316017,0.002582665636311872,8.012981029267414e-05,0.022254778847495462,0.0026662341217140945,0.0,0.0,0.0,0.0,0.00268775996157423,0.0,0.00012219461529061954,0.000704253692301501,0.0007855953241366307,0.0012415213178294574,0.0,0.002043939668539439,0.004666159330316017,0.0,0.0,0.0,0.0,0.0,0.0,0.0002708070048745261,0.0,0.0002699757021868032,9.490624618680261e-05,0.0002708070048745261,0.005588435444290929,0.0,0.0,0.029586278123164778,0.0,0.6959494830519566,0.0014806567008599654,0.007233796296296296,6.224324660774305e-05,0.00023861430167355395,0.00029187970530214583,0.4533419886038938,0.4911115915814564,0.43159109265028267,0.15547370612030662,0.48437913688112255,0.31462745037555717,0.32132889803512527,0.2915694709299747,0.4954097546164675,0.48830110241704666,0.48830110241704666,0.32517482517482516,0.32517482517482516,0.0,0.00014632005072428425,0.4781655616266765,0.5260963639242175,0.5238969215173664,0.5166947229744565,0.17200248498653967,0.3812120348664016,0.0
0.25,0.9489274770173647,0.75,0.012843224092116917,0.49431516693884486,0.5088375534363696,6.03998469870543e-05,0.0019063930431945846,0.0,9.813542688910696e-05,0.0019280526668065253,0.04574688159269197,0.0005135279369266864,0.031378299120234605,0.0017805546374385602,0.07850356054951484,0.09299275043056836,0.000915117745149876,5.008113143292133e-05,0.022254778847495462,0.0009630883709613649,0.002558217134999039,0.0,0.001650081491754654,0.01696935440269347,0.019335520331933247,0.0,0.05160685919107165,0.0,0.0008274937414239177,0.0006964631782945737,0.024216738197424894,0.07445780221107957,0.09299275043056836,0.0,0.0,3.0363450502515105e-05,0.0,0.00024172105390379503,0.0,0.017963531323343565,0.0,0.017908388245057943,9.490624618680261e-05,0.017963531323343565,0.007258779617676778,0.019291220342376614,0.0,0.029586278123164778,0.024611752877017737,0.6859377044889413,0.0021676814100589892,0.00913684116809117,0.00015560811651935764,0.002993524875540949,0.01558033737268006,0.4556001265001082,0.4911115915814564,0.433939079266182,0.15600763793992817,0.48437913688112255,0.3150824374971081,0.32132889803512527,0.2926160805357222,0.4970106820502912,0.4898899759492431,0.4898899759492431,0.3409090909090909,0.3409090909090909,0.00016378507303790602,0.0005365068526557088,0.4736518152171566,0.5266399282284026,0.5277810382542816,0.5166581277903828,0.17206875129426383,0.3812379385822896,0.0
0.8653846153846154,0.9577800476676881,1.0,0.00605255388249188,0.4963449124994204,0.5080257316672148,0.0,0.0021510638080965636,0.0,0.0001594700686947988,0.0021578206011927956,0.0006349466439997542,0.0015808605117154854,0.0002932551319648094,0.0011941444275037052,0.0036008956849771035,0.01727280009612689,0.005541546345629805,0.0,0.022254778847495462,0.005525085917620462,0.00027301131480226903,0.0,0.0003846815747648887,0.0,0.006223748352086335,0.0,0.005590403649545844,0.0008853474988933156,0.004535503671348815,0.0010901162790697674,0.00018240343347639487,0.011236633842807951,0.01727280009612689,2.018407879864363e-05,3.1764519032240984e-05,0.0001113326518425554,0.0001413094677343382,0.00015764416558943154,0.0001687763713080169,0.019257387013299633,0.0,0.019198272155506003,0.0022641918733137196,0.020862169264407936,0.0061349060689171635,0.021083191510661726,0.006862916585210261,0.029586278123164778,0.0,0.6960149195131529,0.005342209376702755,0.007333956552706553,0.0010788829412008798,0.007483812188852374,0.018156930633278313,0.4551784594728053,0.4911115915814564,0.4335006345909772,0.15646917222468576,0.48437913688112255,0.3145040640375094,0.3213429932624813,0.29240321078540066,0.49671809876066136,0.48960158452045405,0.48960158452045405,0.3374125874125874,0.3374125874125874,0.0009110544687733522,0.0004389601521728528,0.4804278340496297,0.5257269512903054,0.5224777250173398,0.5173022030300812,0.17235866639055705,0.38202800191687497,0.0
0.9711538461538461,0.5352400408580184,0.0,0.003506052553882492,0.49162601165300623,0.5022504932587964,0.0,0.0018758091975818372,0.0,0.0,0.0017482342833737925,0.0,0.0,5.056122964910507e-05,0.0,1.008654253494987e-05,0.0020627227940881966,0.00010167974946109734,0.0,0.022254778847495462,0.00010137772325909106,0.00020223060355723633,0.0,0.001569095897067309,0.0,0.001890629630765143,0.0,0.00020365769215103255,0.0,0.0007855953241366307,3.0281007751937984e-05,0.0,0.00020137336635856544,0.0020627227940881966,0.0,0.0,0.0,0.0,0.0,0.0,0.000280836893943953,0.0,0.0002799748022677959,9.490624618680261e-05,0.000280836893943953,0.005588435444290929,1.0011012113324657e-05,1.028923026268405e-05,0.029586278123164778,0.0,0.6959494830519566,0.0014806567008599654,0.007233796296296296,0.0,1.0846104621525179e-05,2.012963484842385e-05,0.4534973396139528,0.4911115915814564,0.4317526248990423,0.15547370612030662,0.48437913688112255,0.31462745037555717,0.32132889803512527,0.2915694709299747,0.4955643269204229,0.48846434284843665,0.48846434284843665,0.3304195804195804,0.3304195804195804,0.0,0.00014632005072428425,0.4782951428633134,0.5260963639242175,0.5237688737128527,0.5166947229744565,0.17201076827500517,0.3812120348664016,0.0
0.4326923076923077,0.17943479741232551,0.5,0.0025465013286093885,0.49195056487715916,0.5021734215718514,0.0,0.0018758091975818372,0.0,0.0,0.0017482342833737925,0.0,9.062257710470934e-05,4.0448983719284053e-05,1.0662003816997368e-05,0.00010086542534949871,0.001982617054511956,4.067189978443893e-05,0.0,0.022254778847495462,4.0551089303636424e-05,0.0,0.0,0.001801929481793426,0.0,0.0018599707718878703,0.0,0.00015274326911327441,0.0,0.0007855953241366307,5.046834625322998e-05,0.0,0.00016109869308685235,0.001982617054511956,0.0,0.0,0.0,0.0,0.0,0.0,0.00034101622836051434,0.0,0.0003399694027537522,9.490624618680261e-05,0.00034101622836051434,0.00559874621079331,8.008809690659726e-05,0.0,0.029586278123164778,0.0,0.6959494830519566,0.001492501954466845,0.007233796296296296,1.0373874434623843e-05,6.507662772915107e-05,8.05185393936954e-05,0.45350288786431203,0.4911115915814564,0.4317583939079266,0.15547370612030662,0.48437913688112255,0.31462745037555717,0.32132889803512527,0.2915694709299747,0.4955698473598499,0.48846978419614967,0.48846978419614967,0.3304195804195804,0.3304195804195804,0.0,0.00014632005072428425,0.4782951428633134,0.5260963639242175,0.5237688737128527,0.5166947229744565,0.17200248498653967,0.3812120348664016,0.0
0.9519230769230769,0.609805924412666,1.0,0.017591772463340222,0.5328494227589085,0.5492488079579086,0.021019146751494897,0.009287294451070943,0.0,0.0004293424926398429,0.030229468237080552,0.021895418143088298,0.002406532880891726,0.004378602487612499,0.005693510038276593,0.03368905206673257,0.1556254255617415,0.07867979013299711,0.0,0.023281309174988538,0.07949027280745329,0.0046715269421721585,0.0,0.0006580079568346781,0.0,0.08551777702833901,0.0,0.02397051036617653,0.0305847317799509,0.007855953241366308,0.010820413436692504,0.0003969957081545064,0.07223262651281741,0.1556254255617415,0.0006357984821572743,0.009656413785801258,0.0126615588595488,0.0,0.0,0.007655213984327908,0.15184249062205374,0.0,0.15137637612614865,0.00860935233265995,0.15814126095765382,0.006609201328026726,0.15856442086294922,0.0777865807858914,0.029586278123164778,0.0,0.6932829472582124,0.014237994835469427,0.008647168803418804,0.004958711979750197,0.03344938665278365,0.1207778090905431,0.47480816924382896,0.4911115915814564,0.4539113880235375,0.16502113103048843,0.48437913688112255,0.31584589046377837,0.3207228032588165,0.3019468712581489,0.5103094206298822,0.5029981825898638,0.5029981825898638,0.36363636363636365,0.36363636363636365,0.006643532025100062,0.0023086052447609294,0.49230071485648885,0.5172779566204021,0.5196500026676626,0.5177998975334845,0.17634292814247257,0.38558328692250904,0.0
0.4326923076923077,0.7412325502213143,0.25,0.023755043794902075,0.49559277328154216,0.514669311081881,0.001650929150979484,0.0030685791764789834,0.0010198011387779382,6.133464180569185e-05,0.005564379976224014,5.1205374516109214e-05,0.00023159103037870168,0.0006269592476489029,0.0,0.0008674426580056888,0.03093082869387592,0.00569406596982145,0.0,0.02330124180270685,0.006741618596729555,1.0111530177861816e-05,0.0,0.020145166678477065,0.0,0.027143309726011998,0.0,0.0,0.0017606342307537525,0.003456619426201175,6.056201550387597e-05,1.072961373390558e-05,0.004359733381662942,0.03093082869387592,0.0025734700468270626,0.0,0.00012145380201006042,0.0,0.0,0.0006751054852320676,0.008936631160859361,0.0,0.008909198172164505,9.490624618680261e-05,0.008936631160859361,0.006073041469902872,0.009120032035238762,0.0,0.0329681456430611,0.0,0.6965384112027222,0.002049228873990192,0.007244925213675214,0.0007780405825967882,0.0016160695886072516,0.006844075848464109,0.45478453369729854,0.4911115915814564,0.43309103496019374,0.15588999194577427,0.48437913688112255,0.31552971297253113,0.32132889803512527,0.29302408089050513,0.49594523724088435,0.48883979584063375,0.48883979584063375,0.3339160839160839,0.3339160839160839,0.0,0.00014632005072428425,0.47977992786644497,0.5254208665364927,0.5243237475324121,0.5185391202517748,0.17202733485193622,0.3828633967542644,0.0
0.9711538461538461,0.9836567926455567,0.5,0.0031369943903159134,0.5168638885597564,0.5272679628411707,0.013489299160442128,0.0018758091975818372,0.0003611795699838532,1.226692836113837e-05,0.015484360795596447,0.0024885812014829077,0.0001812451542094187,0.004196582060875721,0.000757002271006813,0.0074943011034677535,0.0720050466615933,0.045094968885996664,1.0016226286584267e-05,0.022254778847495462,0.0449812958100587,0.008038666491400144,0.0004359303480177278,0.0001720943887106081,0.0002580423189403062,0.0540209093417543,0.00022960530847473197,0.0008655451916418883,0.003400539257112962,0.0015292922309859743,0.013313549741602067,0.0007939914163090128,0.01918081314565336,0.0720050466615933,0.009082835459389633,0.0,0.0003947248565326964,0.0,0.0,0.00218203737191079,0.012497241780505907,0.0,0.012458878700916916,0.013002155727591957,0.02204569617460031,0.006021487637390964,0.022144358794674142,0.0,0.0399647637755412,0.0,0.6960230990708023,0.003624647603705195,0.009415064102564104,0.0009958919457238888,0.004045597023828892,0.01892185675751842,0.455350455233942,0.4911115915814564,0.4336794738663897,0.15608003547479207,0.48437913688112255,0.3145734688526613,0.32132889803512527,0.2921105148787086,0.497071406883988,0.4899498307740861,0.4899498307740861,0.34965034965034963,0.34965034965034963,0.00038898954846502677,0.00026012453462094976,0.47387858238127123,0.5310887118053723,0.5220669049778583,0.5152967869428383,0.17220956719817768,0.3801370306570478,0.0
0.5384615384615384,0.550561797752809,0.5,0.0009226454089164452,0.49204844600825287,0.5015928148635318,0.0,0.0018758091975818372,0.0,0.0,0.0017482342833737925,0.0,0.0,0.00017190818080695724,0.0,0.00013112505295434832,0.0008811631353386471,0.0,0.0,0.022254778847495462,0.0,0.0,0.0,2.0246398671836248e-05,0.0,2.043923925151506e-05,0.0,0.0,0.00013078997142742163,0.0007855953241366307,0.0007772125322997416,0.0,0.0008659054753418314,0.0008811631353386471,0.0,0.0,0.0,0.0,0.0,0.0,0.000752241680207017,0.0,0.0007499325060744533,9.490624618680261e-05,0.000752241680207017,0.005588435444290929,0.0004805285814395835,0.0,0.029586278123164778,0.0002076480038469525,0.6959494830519566,0.0016109544905356424,0.007233796296296296,0.0,0.00016269156932287768,0.0004629816015137486,0.4535139843650305,0.4911115915814564,0.4317699319256951,0.15548275581216459,0.48437913688112255,0.31462745037555717,0.32132889803512527,0.29157834050290476,0.49557536779927686,0.4884752255438627,0.4884752255438627,0.3356643356643357,0.3356643356643357,0.0,0.00014632005072428425,0.4778956007170162,0.5260963639242175,0.524169023101958,0.5166947229744565,0.17200248498653967,0.3812120348664016,0.0
0.21153846153846154,0.6200204290091931,1.0,0.01792392481055014,0.5063184845940252,0.5229313959223939,0.005818518593086231,0.0018758091975818372,0.0,0.0004661432777232581,0.007902018960849543,0.005519939372836572,0.00609185101648324,0.014500960663363333,0.0066211043703553645,0.03222650339916484,0.08053630792646294,0.006110952942611949,0.00450730182896292,0.022254778847495462,0.01065479871453047,0.028747080295661143,0.0034147877261388676,0.002713017422026057,0.018603622422648743,0.05944752736303155,0.0,0.0003258523074416521,0.011942130468026882,0.0020425478427552398,0.0009790859173126614,0.008508583690987124,0.022412855675708332,0.08053630792646294,0.015127967059583402,0.0,0.012975314514741456,0.0,0.0,0.0072212176009644365,0.08725000501494454,0.0,0.08698217160455558,9.490624618680261e-05,0.08725000501494454,0.006217392200936218,0.0874161577735509,0.0,0.029586278123164778,0.0032895815346280365,0.6956877372071718,0.06177299755987775,0.009448450854700856,0.0049275903564463255,0.026063189405525006,0.08489673497322758,0.4551562664713683,0.4911115915814564,0.4334775585554401,0.15602573732364416,0.48437913688112255,0.3140645002082144,0.32324584895554365,0.29267816754623266,0.49652488338071715,0.48941113735049896,0.48941113735049896,0.3321678321678322,0.3321678321678322,0.0,0.00014632005072428425,0.4847310109496145,0.5232255000263866,0.5204609720962492,0.5168996560052697,0.17276454752536757,0.381989146343043,0.0
0.08653846153846154,0.9380320054477358,1.0,0.009853852967227635,0.49568035113567865,0.5089505919105558,0.000603998469870543,0.002140869192892314,1.0622928528936857e-05,0.0001594700686947988,0.0027572152126352383,0.011592896790447125,0.0034839346309143817,0.0004146020831226615,0.00030919811069292363,0.015573621673962599,0.03157167461048584,0.0038536625045755887,0.0,0.022254778847495462,0.0038422157115195507,0.0,0.0,0.00024295678406203495,8.601410631343541e-05,0.004200263666186345,0.0,0.022483809213473992,0.004547466698861121,0.0012045794970095003,0.0002321543927648579,0.00023605150214592275,0.02760828852775932,0.03157167461048584,0.0,0.0,0.0,0.0,0.0,0.003496081977094635,0.03928707548494514,0.004163962794722042,0.035316821486066255,9.490624618680261e-05,0.03542556819321578,0.005804961540840946,0.03530883972369607,0.031135210774881933,0.029586278123164778,0.0008415208576955444,0.693904593639576,0.0030205396697543293,0.010294248575498577,0.0004771982239926968,0.001681146216336403,0.03482426828777326,0.4538746206383817,0.4911115915814564,0.4321449175031729,0.15566374964932445,0.48437913688112255,0.3147277017752209,0.32132889803512527,0.2918621668366668,0.4957575423003671,0.48865479001839174,0.48865479001839174,0.3321678321678322,0.3321678321678322,0.0,0.00014632005072428425,0.4749800228926852,0.5258430524038208,0.5265699194365896,0.515692014930835,0.17346862704493685,0.381471072025282,0.0
0.4519230769230769,0.5808648280558393,0.5,0.004121149493160122,0.49761736720363914,0.5084830236764222,0.0,0.0018758091975818372,0.00019121271352086342,0.0016805691854759569,0.003296670362933437,0.004700653380578825,0.0,4.0448983719284053e-05,0.0,0.00462972302354199,0.02033684463491809,0.0065583438402407775,0.0,0.022254778847495462,0.006538863150211373,0.009777849681992376,0.0003148385846794701,0.0010021967342558943,0.0,0.01761862423480598,0.0,0.0006822532687059591,8.04861362630287e-05,0.0030166860446846615,0.0002220607235142119,0.0,0.003091081173603979,0.02033684463491809,0.0,0.0,0.0,0.0,0.0,0.0,0.014443040259974725,0.0,0.014398704116629503,9.490624618680261e-05,0.014443040259974725,0.006382364464974325,0.01491640804885374,0.004156849026124356,0.029586278123164778,0.0,0.6959494830519566,0.0022150624244865083,0.007367343304843305,0.0007572928337275405,0.007093352422477467,0.01212810499617537,0.45508413921669805,0.4911115915814564,0.4334025614399446,0.15614338331779806,0.48437913688112255,0.31462745037555717,0.32137118371719336,0.2922524280455896,0.49671809876066136,0.48960158452045405,0.48960158452045405,0.3409090909090909,0.3409090909090909,0.0011976783465896877,0.00047147571900047153,0.47938578493834094,0.5241279223178004,0.5247078909459532,0.5167239991217155,0.17373369227583352,0.38259140773743994,0.0
0.15384615384615385,0.2791964589717399,1.0,0.004687038677295542,0.4913375198982036,0.5024611558697797,0.0,0.0018758091975818372,0.0,0.0,0.0017482342833737925,0.0,0.0,4.0448983719284053e-05,1.0662003816997368e-05,1.008654253494987e-05,0.0024632514919693997,0.0,0.0,0.022254778847495462,0.0,0.0019515253243273304,0.0,0.0004757903687881518,0.0,0.0024424890905560496,0.0,0.0,0.0,0.0008274937414239177,6.056201550387597e-05,0.0,7.04806782254979e-05,0.0024632514919693997,0.0,0.0,0.0,0.0,0.0,0.0,0.0002708070048745261,0.0,0.0002699757021868032,9.490624618680261e-05,0.0002708070048745261,0.005588435444290929,0.0,0.0,0.029586278123164778,0.0,0.6959494830519566,0.0015517282225012438,0.007233796296296296,0.0,7.592273235067626e-05,0.00013084262651475502,0.45343076060964177,0.4911115915814564,0.431683396792431,0.15547370612030662,0.48437913688112255,0.31462745037555717,0.32132889803512527,0.2915694709299747,0.49549808164729914,0.48839904667588063,0.48839904667588063,0.3304195804195804,0.3304195804195804,0.0,0.00014632005072428425,0.4778254108805045,0.5265291044382289,0.5238008856639812,0.5167093610480861,0.17201905156347072,0.3812379385822896,0.0
0.46153846153846156,0.035069799114742936,0.25,0.02995522094282059,0.915698587935893,0.9362565767839527,0.5986128168475306,0.010082474437002375,0.03058341123480921,0.008267909715407262,0.6393342723848913,0.029453331421666017,0.010965331829669833,0.23222772777833958,0.013167574713991747,0.2840572108692582,0.0,0.9997458006263472,0.0,0.22178038230779962,0.0,0.10582727484150176,0.0,0.4448032556209064,0.011783932564940649,0.0,0.0,0.005651500957191153,0.011710732826270675,0.004326011584912379,0.00904392764857881,1.072961373390558e-05,0.0297025715378884,0.0,0.06787905699983854,0.01088464185504791,0.019726121676467312,0.0052598524101114775,0.15732887725825268,0.007197106690777577,0.2269462999739223,0.00025957170668397143,0.22600965913067822,9.490624618680261e-05,0.22670558263625604,0.057668117047821335,0.2765842426669336,0.0,0.029586278123164778,0.02920186664626616,0.6959494830519566,0.06689014711804979,0.05942841880341881,0.011919581725382796,0.0883523682469441,0.22322758565159628,0.483735304071861,0.4911115915814564,0.46319372331833386,0.17230613297617217,0.48437913688112255,0.3150130326819563,0.3209483268965128,0.30827087675728415,0.5152502139170277,0.5078736301407132,0.5078736301407132,0.3618881118881119,0.3618881118881119,0.002989077582941785,0.0009266936545871334,0.560681813273438,0.4493324185972874,0.5196553379928506,0.5162702188392007,0.1740898736798509,0.3824683650869718,0.0
0.5673076923076923,0.36193394620360914,0.0,0.0007504182659187088,0.5064627304714264,0.5158973199605393,0.0,0.0018758091975818372,1.0622928528936857e-05,3.680078508341511e-05,0.001788193924136622,0.0003379554718063208,0.00033228278271726767,0.007796541611892001,1.0662003816997368e-05,0.008412176474148192,0.03703889133656427,0.004646764550372148,2.0032452573168534e-05,0.022254778847495462,0.004653237497592279,0.010495768324620566,0.00024218352667651545,0.0001720943887106081,0.0,0.015574700309654474,0.0023190136155947926,1.0182884607551629e-05,0.00020121534065757174,0.0036451623039939663,0.016977551679586565,0.0,0.02189935359149399,0.03703889133656427,0.0004541417729694817,0.0,8.096920134004029e-05,0.0,0.0,0.0,0.005335900984935107,0.00014060134112048453,0.0051895329420352165,9.490624618680261e-05,0.005205512427032557,0.008083640937867322,0.0073480828911802985,0.00021607383551636503,0.031115206253417307,0.0,0.6970455437769926,0.0021558361564521095,0.007267183048433049,0.0006120585916428066,0.0020499137734682586,0.006179797898466122,0.45416867790742194,0.4911115915814564,0.43245067497403944,0.15562755088189248,0.48437913688112255,0.3146351620216851,0.321046993488005,0.2915428622111846,0.4962488614093682,0.48915539400798785,0.48915539400798785,0.36713286713286714,0.3618881118881119,0.0,0.00014632005072428425,0.47966114506619445,0.5271940471792707,0.5190471109214106,0.5135914513650003,0.17777593704700767,0.38297996347576063,0.0
0.028846153846153848,0.7507660878447395,0.25,0.021700620017714792,0.5462179246109224,0.5643034774745149,0.005687652257947613,0.007544015251144344,0.0,0.0006133464180569185,0.013446419116692141,0.10663007189234582,0.046207445148167915,0.017120032359186976,0.009968973568892538,0.17777531217849146,0.3116714062562583,0.07401268963273275,0.0035156954265910772,0.026639956945524127,0.08945570300382194,0.03368150702245771,0.0,0.012269317595132764,0.0,0.13660565553750087,0.008277271370514087,0.04849089650116085,0.09063745019920319,0.008316835831526464,0.025738856589147287,2.145922746781116e-05,0.17880948065808816,0.3116714062562583,0.058564104634264494,0.002382338927418074,0.0066799591105533235,0.0,0.0002942691091002722,0.010632911392405063,0.40801588734428595,0.03864373783257624,0.3710366067053965,9.490624618680261e-05,0.3721790936992237,0.009228136019631699,0.37474221643808187,0.23625101606148846,0.029586278123164778,0.0,0.6915243423635651,0.03025277771197081,0.025652154558404562,0.008361342794306817,0.06079241640364862,0.33130359515278396,0.47855878648668143,0.4896139303587531,0.4561728395061728,0.1594646202296812,0.48437913688112255,0.31506701420485217,0.3141544273109125,0.29148077520067406,0.5189875514090921,0.5115519811947022,0.5115519811947022,0.3723776223776224,0.3723776223776224,0.0072270163477976025,0.0019997073598985514,0.4978889056864566,0.5083909441131458,0.5251613935869391,0.5206104076703506,0.17352661006419548,0.3858682277972776,0.0
0.5096153846153846,0.21178072863466121,0.75,0.21844552701505757,0.4920432943697743,0.5012023183163433,0.4491634621192293,0.0018758091975818372,0.000297441998810232,0.007556427870461236,0.45392153924536216,0.04983307047907748,0.17482102041021821,0.5979371018303165,0.00019191606870595259,0.8207520526114059,0.0,0.6218428437792329,0.004988080690718965,0.09721142538220813,0.7012905384170882,0.5016936813047919,0.04376256327044634,0.08542967919581304,0.10504779926765132,0.0,0.4149771542718068,0.0,0.28528310998430517,0.7752464150666708,0.09598070090439277,0.18396995708154507,0.0,0.0,0.23538672694978202,0.35815554026152785,0.003026223900084006,0.0,0.0,0.08737793851717902,0.7413492206776193,0.0,0.7390734833864951,0.16599102458071774,0.8640649134420574,0.08332130410574723,0.937651416558214,0.0,0.029586278123164778,0.0,0.6959494830519566,0.0608135320177205,0.0993812321937322,0.08839578405742976,0.7838262887883816,0.9468778936350095,0.4511892674645051,0.4911115915814564,0.42935271720318446,0.15779042723595263,0.48437913688112255,0.30545059148325804,0.32132889803512527,0.2832941593862256,0.49842391454359763,0.49128296096377144,0.49128296096377144,0.3304195804195804,0.3304195804195804,0.0,0.00014632005072428425,0.46641686283826106,0.5260963639242175,0.5237688737128527,0.5290492571177633,0.27063160074549597,0.4692522892408916,0.0
0.6346153846153846,0.6840313244807626,0.25,0.013519830725322311,0.4565227470597023,0.4714218184807629,0.1314804002496527,0.0018758091975818372,0.0,0.0,0.13222645128420296,0.00027650902238698976,0.001097540100490369,0.00012134695115785216,0.00030919811069292363,0.0017348853160113777,0.0787940080906797,0.05830316834099321,0.0,0.022254778847495462,0.058129986516762815,0.0,0.0,0.008058066671390826,0.0,0.06674433577582242,0.0,0.004959064803877642,0.0032496277516197835,0.005551540290565524,0.0006661821705426356,0.00011802575107296138,0.013471878209388027,0.0787940080906797,0.0,0.0,0.0017408378288108661,0.0,0.0028060661474918814,0.0012055455093429777,0.04731098674048665,0.003277092796885139,0.04414602685758282,0.0002711607033908646,0.04440231891035286,0.006392675231476708,0.04483932325558114,0.02819249091975429,0.029586278123164778,0.004393394607709205,0.6969801073157964,0.004228755537656061,0.007256054131054131,0.0012759865554587326,0.006561893296022733,0.04257417770441644,0.4548788539534058,0.491006122481266,0.433073727933541,0.15547370612030662,0.48437913688112255,0.31462745037555717,0.32132889803512527,0.2915694709299747,0.49682850754920094,0.48985732786296504,0.48985732786296504,0.3304195804195804,0.3304195804195804,0.0,0.00014632005072428425,0.4804278340496297,0.5260541453374847,0.5233580536733714,0.5189636243870306,0.17320356181404017,0.3841585825486666,0.0
0.6346153846153846,0.3537623425263875,0.25,0.01621395531935833,0.5251683297872888,0.5410072755672476,0.024411604823934445,0.004404073768235618,0.0,0.0006501472031403337,0.02898072946324213,0.03739016447166294,0.007199460292207466,0.012852664576802507,0.0028894030344062864,0.05955094712634403,0.16399647534745865,0.057398218570789444,0.00026042188345119094,0.027048575813749524,0.062367575348992815,0.034470206376330935,0.0,0.007966957877367562,0.0,0.10576284350696466,0.0,0.019306749215917886,0.029256710531610927,0.007887377054331773,0.004643087855297158,0.0009656652360515021,0.06070400128878955,0.16399647534745865,0.09015218795414177,0.0,0.0,7.850525985241012e-05,0.0,0.0,0.25639405428175965,0.026562837983993077,0.23104920557149858,0.0009897365673766556,0.2324226194058294,0.0066504443940362526,0.23274602062268496,0.15072693411805865,0.029586278123164778,0.02806526704626179,0.6961130742049471,0.017637582620643907,0.020933493589743595,0.007043860741109589,0.013861321706309179,0.21930230685615362,0.4616033333888159,0.4911115915814564,0.44018114687896615,0.15915693070650944,0.48437913688112255,0.31456575720653335,0.32080737462295267,0.2947802563306577,0.5016312898506722,0.4944443839850254,0.4944443839850254,0.34440559440559443,0.34440559440559443,0.0021599156506873856,0.0006990846867938026,0.4926948577845928,0.5180853870916671,0.5200021341300752,0.519937056283393,0.17394905777593705,0.3856027147094251,0.0
0.6153846153846154,0.05856315968675519,0.0,0.020827182363940558,0.5332770087526338,0.5510265948701085,0.002134127926875919,0.004332711461805873,0.0036436644854253423,0.000956820412168793,0.010479415790052047,0.03879319173340434,0.022987927058894603,0.004955000505612297,0.0010448763740657418,0.06712594057009139,0.17248768374254014,0.07319925163704397,0.0,0.031214495006876758,0.08209568029521194,0.0009909299574304578,0.0,0.0011236751262869117,6.143864736673958e-05,0.08495569794892234,0.00904644915390444,0.035996497087695006,0.03445812708760916,0.003938451225004975,0.008751211240310077,0.0,0.08974204071769468,0.17248768374254014,0.0217887130631358,0.0,0.0004250883070352115,0.0,0.0,0.010331525015069318,0.11553429219072837,0.00445598096474151,0.11106000459958602,0.0002847187385604078,0.11154239634109646,0.006825727424576743,0.11227350085093604,0.07118089495724826,0.04826755229744234,0.0,0.6921623478602278,0.006135841368363696,0.011729878917378917,0.005985725548777957,0.008969728522001322,0.10569064777164944,0.4574643386208159,0.4911115915814564,0.435877466251298,0.15671351390485155,0.48437913688112255,0.31519040054289993,0.32132889803512527,0.2934320812452881,0.49835214883104695,0.49122310613892844,0.49122310613892844,0.3356643356643357,0.3356643356643357,0.0008701082005138757,0.0003739290185176153,0.488078526229402,0.5169507625732228,0.5239822867203756,0.5175656883554124,0.17351004348726445,0.3831612894869769,0.0
0.8942307692307693,0.6128702757916241,1.0,0.0052037201062887515,0.4930324089576689,0.5043622574810918,0.0,0.0018758091975818372,0.0,0.0,0.0017482342833737925,0.0,1.0069175233856595e-05,4.0448983719284053e-05,0.0,1.008654253494987e-05,0.0061681419473705295,0.0022674584129824702,0.0,0.022254778847495462,0.0022607232286777305,0.0029626783421135123,0.0,0.00037455837542897056,0.0,0.005651449653043914,0.0,0.0,0.0,0.0009008159716766698,0.0005551518087855298,0.0,0.0006443947723474094,0.0061681419473705295,2.018407879864363e-05,0.0,0.0,0.0,0.0,0.0009644364074743822,0.0004914645644019177,0.0,0.0004899559039686428,9.490624618680261e-05,0.0004914645644019177,0.00588744767286,0.0005105616177795575,0.0,0.029798910512140297,0.0,0.6959494830519566,0.0015043472080737248,0.007233796296296296,0.00015560811651935764,0.0001084610462152518,0.0004831112363621724,0.45351953261538974,0.4911010446714374,0.43176416291681086,0.15547370612030662,0.48439899391051094,0.31462745037555717,0.32132889803512527,0.2915428622111846,0.49559192911755773,0.48849154958700164,0.48849154958700164,0.3304195804195804,0.3304195804195804,0.0,0.00014632005072428425,0.47821415459041533,0.5261808010976832,0.5237688737128527,0.5167020420112712,0.17208531787119485,0.3812832700850937,0.0
0.15384615384615385,0.00749063670411985,1.0,0.01256027950004921,0.5768444153663073,0.591021662282144,0.056383257162415185,0.0230602195920115,0.0,0.0027477919528949954,0.08069849452053426,0.06193802101468569,0.03895763897979116,0.038173728385074324,0.011962768282671047,0.14938169494260758,0.40247126206592704,0.15142148289746613,0.0016226286584266512,0.05315035181087922,0.18411208321083528,0.00228520582019677,0.0,0.01724993166840448,0.003293111498857241,0.20807145558042328,0.0,0.07183006802166919,0.09953116825626786,0.00901863432108852,0.019440406976744186,0.0019098712446351932,0.19970196741778934,0.40247126206592704,0.02262635233327951,0.0002011752872041929,0.002520166391708754,0.0,0.0,0.004400241109101868,0.5096888728410663,0.04317542721176725,0.46820786129248365,0.011470097753433573,0.4780646326051634,0.007506238013733941,0.4787466212834118,0.26083198715904066,0.029586278123164778,0.0,0.7005627535662872,0.03841415744711094,0.018618678774928777,0.01177434748329806,0.1078211260425818,0.4139860702926849,0.4906262310180485,0.4911115915814564,0.4703588323526018,0.17493054361498991,0.48437913688112255,0.31484337646714067,0.3209201364418008,0.310630183156681,0.5206436832371857,0.5131843855086027,0.5131843855086027,0.3688811188811189,0.3688811188811189,0.008353038724933207,0.002845112097416638,0.5110683972960716,0.5098474853554277,0.504641732913621,0.512347215106492,0.18179333195278524,0.3850198811019441,0.0
0.23076923076923078,0.6554307116104869,1.0,0.02486221828560181,0.8625182239211181,0.8810886632686616,0.5771205379613038,0.055693182860812915,0.0,0.0,0.6272065214133725,0.6919791901357967,0.6304914764431645,4.0448983719284053e-05,0.02558880916079368,0.0,0.0,0.8978626916663277,0.004447204471243415,0.022254778847495462,0.8996968806074553,0.008210562504423794,0.0,0.1019406173126955,0.0459315327713745,0.0,0.0,0.979084355016089,0.8503963942210954,0.2029245095266526,0.8119246608527131,0.06606223175965666,0.0,0.0,0.0,0.06139022711631108,0.06307500784389138,0.0,0.050656325209404,0.009644364074743821,0.0002708070048745261,2.163097555699762e-05,0.0002699757021868032,0.18475534525536555,0.0002708070048745261,0.027364774297321263,0.0,0.0,0.10163828193029707,0.35379941202828386,0.42334118570867696,0.1005898936296226,0.2166243767806268,0.0580833229594589,0.2335491708153017,0.0,0.5139288825268952,0.4827478919363599,0.4854332525672089,0.1737721830571669,0.48437913688112255,0.32203063065842036,0.3224847066783187,0.31874584238768905,0.530022909823622,0.5224292352729923,0.5224292352729923,0.3409090909090909,0.3409090909090909,0.0020677865471035633,0.0008128891706904681,0.4742727253093752,0.4756187661618027,0.6003414608120364,0.546278269779697,0.18389728722302753,0.41668069784610606,0.0
0.8653846153846154,0.7419135171944161,0.25,0.011059442968211791,0.5050820913591567,0.5188260440644524,0.0038857234895004933,0.0018758091975818372,0.0,0.0,0.0056043396169868425,0.018618274174057307,0.0033832428785758157,0.00020224491859642028,4.264801526798947e-05,0.021928143470981015,0.059989185725157206,0.02669093423353805,0.0,0.022254778847495462,0.0266116523555114,0.0007179186426281888,0.0,0.0010123199335918124,0.0,0.028563836853992292,0.0,0.020620341330292048,0.009567789448267536,0.0015083430223423308,0.0015443313953488371,0.0,0.032169395275780825,0.059989185725157206,0.0,0.0,0.001113326518425554,0.0,0.0,0.0,0.06943692202764236,0.0,0.06922376986071252,9.490624618680261e-05,0.06943692202764236,0.005980244571381436,0.06941635799379317,0.039510644208706744,0.029586278123164778,0.014939727434672844,0.6933238450464599,0.004240600791262941,0.010594729344729345,0.0022303830034441263,0.013123786592045467,0.06890374008615484,0.45399113389592594,0.4911115915814564,0.43226606668974266,0.15561850119003448,0.48437913688112255,0.31462745037555717,0.3212443266709892,0.29165816665927535,0.49600044163515417,0.4888942093177638,0.4888942093177638,0.3321678321678322,0.3321678321678322,0.0,0.00014632005072428425,0.48184242921624953,0.5257533379070135,0.5207917622579096,0.5169435702261582,0.1722924000828329,0.3816588739654704,0.0
0.6153846153846154,0.7276132107592782,0.75,0.016275465013286094,0.5500146821696641,0.5658192206511016,0.00036239908192232576,0.003608893782304187,0.0032506161298546782,0.0017419038272816485,0.008281635548096421,0.01400979046760748,0.037276086715737115,0.00528870462129639,0.008401659007793926,0.06432188174537533,0.19632915448391877,0.08855289380566966,0.01899076503936377,0.023091949211664572,0.10836264839164242,0.0,0.0,0.005223570857333752,0.0,0.11451083790661311,0.0,0.0384607551627225,0.03656082739748079,0.0015188176266641526,0.009326550387596898,0.0,0.08459695120723333,0.19632915448391877,0.007982803164863555,0.0015458732595690612,0.004878394380737427,0.0,0.0016289897110907925,0.0,0.23936330264187278,0.00973393900064893,0.2296293333599976,0.008161937172065025,0.23630418647569762,0.00824861320190543,0.23817198918810692,0.06771342435872373,0.04925983677932808,0.0,0.6890050386075122,0.07513444362843809,0.010127314814814815,0.011006680775135896,0.08465384657100403,0.23861669149321635,0.4539633926441297,0.5249355320125086,0.4692396446290527,0.16905729359915295,0.4862456976436325,0.3131622376112405,0.3231330871366955,0.30183156681005807,0.5250489938999144,0.517526580983578,0.517526580983578,0.38636363636363635,0.38636363636363635,0.0033883036984716807,0.0010567559218976085,0.47529317754789113,0.5573908913399124,0.4951448540788561,0.5167605943057894,0.17216815075585007,0.3813998368065899,0.0
0.9711538461538461,0.02519577800476677,0.5,0.13529672276350754,0.4920432943697743,0.5012023183163433,0.0,0.07589891019563466,0.36250743604997027,0.006366535819430814,0.0017482342833737925,0.0,0.0,0.6424613206593184,0.19485878175944388,0.0,0.0,0.9105014845243421,0.021564935195015927,0.18519404413083776,0.0,0.0,0.0,0.0,0.0,0.0,0.023637866507473654,0.750183291922936,0.0,0.0007855953241366307,3.0281007751937984e-05,0.07218884120171674,0.0,0.0,0.0,0.0010164646090317115,0.04057569102152769,0.002779086198775318,0.0,0.05044002411091019,0.0002708070048745261,0.0,0.0002699757021868032,0.01121249508521225,0.0002708070048745261,0.6380508527003896,0.0,0.010587617940301886,0.029586278123164778,0.0,0.6065878157309254,0.14741418113761814,0.34396144943019946,0.059701647371260214,0.0,0.0,0.6799602745274278,0.5981574548196742,0.7843313718703127,0.2474547741649397,0.524556526343659,0.35313169949257367,0.32194908803879,0.3725575413543838,0.7825443705318943,0.7713328037088225,0.7713328037088225,0.33916083916083917,0.33916083916083917,0.15761242309778992,0.014030467086117476,0.33084789322506103,0.5260963639242175,0.5237688737128527,0.6063309668447632,0.2536922758335059,0.5243883485085936,0.0
0.6153846153846154,0.7167177391896493,1.0,0.0037028835744513334,0.4907811429425128,0.5014900526142716,0.0,0.0018758091975818372,0.0,0.0,0.0017482342833737925,1.0241074903221842e-05,9.062257710470934e-05,4.0448983719284053e-05,0.0,0.00010086542534949871,0.0006608723515039853,0.00015251962419164598,0.0,0.022254778847495462,0.00015206658488863656,5.055765088930908e-05,0.0,4.0492797343672497e-05,0.0,0.0002350512513924232,0.0,0.0,0.00025151917582196464,0.0007855953241366307,0.0002018733850129199,0.0,0.0004329527376709157,0.0006608723515039853,0.0,0.0,0.0,0.0,0.0,0.0,0.0003008966720828068,0.0,0.00029997300242978135,9.490624618680261e-05,0.0003008966720828068,0.005588435444290929,3.003303633997397e-05,0.0,0.029586278123164778,0.0,0.6959494830519566,0.0014806567008599654,0.007233796296296296,0.0,3.253831386457554e-05,3.0194452272635774e-05,0.45350288786431203,0.4911115915814564,0.4317583939079266,0.15547370612030662,0.48437913688112255,0.31462745037555717,0.32132889803512527,0.2915694709299747,0.4955698473598499,0.48846978419614967,0.48846978419614967,0.3304195804195804,0.3304195804195804,0.0,0.00014632005072428425,0.478284344426927,0.5261069185709008,0.5237742090380408,0.5166947229744565,0.17200248498653967,0.3812120348664016,0.0
0.5384615384615384,0.2703438883214164,0.0,0.003223107961814782,0.6293499147403832,0.6394894771456757,0.007922446596468622,0.008696006769224496,0.0,0.0012021589793915603,0.017262564809542365,0.05362226819326956,0.005417216275814848,0.016725654767923957,0.005213719866511712,0.07982489762159327,0.36430087715784837,0.26077805344287636,8.012981029267414e-05,0.027556857820566483,0.26547784389858176,0.00015167295266792723,0.0,0.005851209216160676,0.0,0.27368141357778664,0.0,0.07598468494155025,0.009809247857056622,0.004179367124406875,0.008236434108527133,0.00028969957081545066,0.09667935318874726,0.36430087715784837,0.003663410301953819,0.002795277674837207,0.00019230185318259567,0.0,0.0,0.002362869198312236,0.3078072656516419,0.002422669262383734,0.3046225839674429,0.003457298968233523,0.30804798298930813,0.007959911739838739,0.30951046150765843,0.1882826245768554,0.036137380773981896,0.0,0.6863139641408194,0.05515150079363199,0.012542289886039887,0.006245072409643553,0.051692534626189,0.2832541567695962,0.46889373436086934,0.4879791593058023,0.44433483327564316,0.1621252296359309,0.48437913688112255,0.31490506963616455,0.32132889803512527,0.2984079116590536,0.5033426260730355,0.4961312017760559,0.4961312017760559,0.42482517482517484,0.42482517482517484,0.0018732917728710502,0.0006340535531385651,0.46594173163725894,0.5210143015462557,0.5411246865496452,0.5167166800849008,0.17466970387243735,0.3833102358533332,0.0
0.21153846153846154,0.21756894790602654,0.25,0.01385198307253223,0.4950673061567231,0.5100039049654719,0.003462924560591113,0.0018758091975818372,0.0004036712840996006,0.00022080471050049064,0.005744198359656747,0.0075476722036744975,0.006353649572563511,0.002426939023157043,4.264801526798947e-05,0.01621916039619939,0.03725918212039893,0.012343921584577216,0.0002103407520182696,0.022254778847495462,0.012520148822497744,0.0,0.0016226296287326536,0.0001316015913669356,0.0,0.013438799807871151,0.0,0.01162885422182396,0.010644291520785545,0.0008065445327802742,0.0020893895348837207,0.0,0.024215147304617494,0.03725918212039893,0.0019477636040691102,0.0,1.0121150167505037e-05,0.0,0.0,0.0,0.03749172534151773,0.0,0.03737663610275076,0.00017625445720406197,0.03755190467593429,0.005588435444290929,0.03721093202522775,0.015444134624288756,0.032066989327879145,0.0,0.6965302316450728,0.005022387529317003,0.008814102564102564,0.007282459853105937,0.00938188049761928,0.03849792664761061,0.45290922507587233,0.49103248975631364,0.4310545748240452,0.15547370612030662,0.48437913688112255,0.314249579715286,0.32132889803512527,0.2911348618564016,0.4951668552816804,0.48807256581310055,0.48807256581310055,0.32867132867132864,0.32867132867132864,0.0,0.00014632005072428425,0.47976912943005856,0.5217689587841047,0.5262818118764339,0.5161384761765351,0.1726568647753158,0.3812249867243456,0.0
0.40384615384615385,0.4725910793326524,0.75,0.03557720696781813,0.4920432943697743,0.5012023183163433,0.0,0.03273490942084391,0.013884167587320473,0.030225711481844945,0.0696596437598026,0.0,0.3145912418313816,0.10269996966326221,0.10856052286466718,0.5202336043251095,0.0,0.5468235246268353,0.005228470121596987,0.04173892244214555,0.5930394055210308,0.010111530177861816,0.0,0.09683852484739276,0.03568356639060234,0.7354855852265179,0.6861869446421602,0.16987088102317624,0.17843776409513462,0.055703945783448026,0.10270308462532299,0.03783261802575107,0.0,0.0,0.4442212982399483,0.0032293927682778335,0.013562341224456749,0.0,0.0,0.0,0.0002708070048745261,0.2033744321868916,0.0002699757021868032,0.04489065444635763,0.0002708070048745261,0.044563132823294084,0.0,0.0,0.21818108179259227,0.2173856023431438,0.6971436984687869,0.1940607898415105,0.007701210826210826,0.101985559566787,0.23130402715864595,0.0,0.5885694946098747,0.4911115915814564,0.572199146186685,0.21927403371915188,0.48437913688112255,0.3116738899085399,0.31896089983931436,0.3492128254024569,0.5940820889342792,0.5855706341346625,0.5855706341346625,0.3513986013986014,0.3513986013986014,0.07402061644606865,0.020127135866295987,0.6607941170118566,0.4077154467254208,0.4787120524995998,0.5380955866208007,0.1912031476496169,0.4151588545376834,0.0
0.6153846153846154,0.264896152536602,1.0,0.03690581635665781,0.49536094955000437,0.5199256001315358,0.0,0.0019573661192158302,0.0,0.0,0.0018281535648994515,0.0,0.0,4.0448983719284053e-05,0.0010022283587977523,0.0009481349982852878,0.037509512556574684,0.00048806279741326713,0.0,0.022254778847495462,0.00048661307164363704,0.0,0.0,0.0,3.6863188420043744e-05,0.000521200600913634,0.0,0.0,0.0,0.02247850087462946,0.01517078488372093,0.0013304721030042918,0.03719366076642703,0.037509512556574684,0.0,0.0,3.0363450502515105e-05,0.0,0.0,0.0,0.0002708070048745261,0.0,0.0002699757021868032,0.004880892661035562,0.003811357846382219,0.005588435444290929,0.003533887276003604,0.0,0.029586278123164778,0.0,0.6959494830519566,0.0018715500698869964,0.007278311965811966,5.1869372173119215e-05,0.00023861430167355395,0.0006441483151495632,0.455106332218135,0.4911115915814564,0.4334256374754817,0.1563243771549579,0.48437913688112255,0.31462745037555717,0.32132889803512527,0.29240321078540066,0.4966463330481107,0.489530847000185,0.489530847000185,0.3321678321678322,0.3321678321678322,0.0,0.00014632005072428425,0.4788674599917932,0.5266240962583777,0.5269700688256949,0.5225938666471491,0.182472561606958,0.3946236837674365,0.0
0.5096153846153846,0.4576098059244127,1.0,0.008229997047534693,0.49461396197060475,0.5072087717855969,0.00014093297630312672,0.0018758091975818372,0.0,8.58684985279686e-05,0.0019580223973786476,0.002273518628515249,0.00016110680374170551,5.056122964910507e-05,0.0,0.002400597123318069,0.014288861296911924,0.00023386342376052386,0.0,0.022254778847495462,0.0002331687634959094,7.078071124503271e-05,0.0,0.008655335432209995,0.0,0.009044363368795412,0.0,0.004327725958209442,0.00011066843736166445,0.0008170191371020959,0.0010699289405684755,0.0,0.005467286896635051,0.014288861296911924,0.00961771354755369,0.0,0.0,0.0,0.0,0.0,0.0002708070048745261,0.0,0.0002699757021868032,9.490624618680261e-05,0.0002708070048745261,0.0057327861753242735,0.00014015416958654522,0.0,0.033889552661955,0.0,0.6924731710509097,0.001492501954466845,0.007767984330484331,5.1869372173119215e-05,0.004110673651558043,0.004348001127259552,0.45118371921414585,0.4911643261315516,0.4294046382831429,0.15547370612030662,0.48437913688112255,0.31462745037555717,0.32132889803512527,0.2915694709299747,0.49331750807364266,0.486249714329245,0.486249714329245,0.32867132867132864,0.32867132867132864,0.0,0.00014632005072428425,0.47729088827937716,0.5268879624254578,0.5236088139572107,0.5162116665446826,0.17258231517912612,0.38123146265331764,0.0
0.5769230769230769,0.42458290772897517,1.0,0.16806908768821968,0.8224590831113835,0.9009474679381783,0.0,0.03571173706048465,0.041981813546358465,0.0021957801766437682,0.0017482342833737925,0.2500768080617741,0.23926374190690042,0.38581251896046115,0.0012687784542226865,0.8719715156038813,0.0,0.0,0.00368597127346301,0.04962227670473798,0.0,0.028332507558368806,0.0,0.0953504145450128,0.03286967634120567,0.0,0.0,0.38041220316891367,0.14680671254376432,0.018959033822497355,0.14444040697674418,0.17395922746781114,0.8478322157111501,0.0,0.7886323268206039,0.009614061093758272,0.034027306863151925,0.0,0.0,0.0,0.0002708070048745261,0.1309322950465066,0.0002699757021868032,0.02759060157002047,0.0002708070048745261,0.0181160167446848,0.0,0.0,0.09680848909499605,0.0,0.6752306635257166,0.19811186657506336,0.23418580840455844,0.11783683970289223,0.4362628661916073,0.0,0.4251901662810633,0.4911115915814564,0.402319141571478,0.15547370612030662,0.4835252846174212,0.2841047550010025,0.32132889803512527,0.25760787618076186,0.4885368075298794,0.48153750720978566,0.48153750720978566,0.32867132867132864,0.32867132867132864,0.0,0.00014632005072428425,0.6154190873161566,0.4996991925695287,0.41976204449661203,0.523289175144551,0.17891074756678402,0.3924477716328408,0.0
0.8653846153846154,0.8004766768811713,0.75,0.0038259029623068596,0.5002859159355633,0.511021251233147,0.0011878636574120679,0.0018860038127860863,0.0,0.00977674190382728,0.010898992018061758,0.001618089834709051,0.0035946955584868043,4.0448983719284053e-05,9.595803435297629e-05,0.005285348288313732,0.0335542916649978,0.006426160165941351,0.0,0.022952420817636387,0.007116716172788191,0.0012234951515212797,0.0,0.008058066671390826,2.4575458946695827e-05,0.01657622303297871,0.0,0.004663761150258646,0.006459012435108052,0.0064523562622421935,0.00024224806201550387,0.0007403433476394849,0.01741879619001591,0.0335542916649978,0.0009385596641369289,0.0,0.00019230185318259567,0.0,0.0,0.0,0.03801327957312793,0.0,0.03789658930696238,9.490624618680261e-05,0.03801327957312793,0.0060008661043862,0.038081890079086994,0.02005370978197121,0.03668414977420465,0.0024152741500092895,0.6962275880120404,0.0038852431830565487,0.00811298076923077,0.0017946802771899248,0.0019089144133884316,0.035589194412013365,0.45498981896059076,0.4911115915814564,0.4333044882889119,0.15646917222468576,0.48437913688112255,0.314712278482965,0.32132889803512527,0.29264268925451237,0.49638135195561567,0.48926966230996094,0.48926966230996094,0.33916083916083917,0.33916083916083917,0.0,0.00014632005072428425,0.4803036520311859,0.5256847327035727,0.5229579042842661,0.5177340262021517,0.17530751708428247,0.38471551244025953,0.0
0.9711538461538461,0.6023152877085461,0.5,0.02168831807892924,0.49206390092368874,0.5102762249260112,0.0,0.0018758091975818372,0.0,0.0,0.0017482342833737925,0.0,0.010633049046952565,8.089796743856811e-05,2.1324007633994736e-05,0.010711908172116761,0.028317378940201067,0.00014235164924553627,0.0,0.022254778847495462,0.00014192881256272749,0.0,0.0,0.0,0.0,0.00014307467476060542,0.0,0.0,0.01074489919111433,0.005740083168358315,0.01274830426356589,0.00015021459227467814,0.02834330131496808,0.028317378940201067,0.0,0.0,0.0,0.0,0.0,0.0,0.010571503079175943,0.0,0.010539051485366316,9.490624618680261e-05,0.010571503079175943,0.00559874621079331,0.010291320452497747,0.0,0.0398736356088374,0.0,0.6959494830519566,0.0014806567008599654,0.007233796296296296,1.0373874434623843e-05,5.42305231076259e-05,0.0102963082249688,0.45353617736646745,0.4911115915814564,0.4317930079612322,0.1554918055040226,0.48437913688112255,0.31462745037555717,0.32132889803512527,0.2915872100758348,0.49559192911755773,0.48849154958700164,0.48849154958700164,0.3304195804195804,0.3304195804195804,0.0,0.00014632005072428425,0.4714813295034879,0.5260224813974352,0.5331003574667876,0.5201566273878357,0.17200248498653967,0.3842751492701628,0.0
0.5096153846153846,0.15219611848825332,0.25,0.029180198799330773,0.4804778659852766,0.501854858599145,0.0,0.0018758091975818372,0.016040622078694652,0.0,0.016832998671341946,0.0,0.00016110680374170551,4.0448983719284053e-05,0.0,0.00016138468055919793,0.016551848439940724,0.0025013218367429943,0.0,0.022254778847495462,0.00249389199217364,0.0,0.0009202974013707587,0.0017918062824575079,0.0,0.004711244647474222,0.0,0.010376359415095108,0.0011167451406495232,0.0014350207920895788,3.0281007751937984e-05,0.0,0.0120018526349705,0.016551848439940724,0.0,0.0,0.0,0.0,0.0,0.0,0.000661972678582175,0.0,0.000659940605345519,9.490624618680261e-05,0.000661972678582175,0.005588435444290929,0.00039042947241966163,0.0,0.029586278123164778,0.009901531130807315,0.6959494830519566,0.0014806567008599654,0.007233796296296296,0.00013486036765010997,0.00035792145251033094,0.009581706187849752,0.44843733528631746,0.4911115915814564,0.4264912887965847,0.15547370612030662,0.48437913688112255,0.31462745037555717,0.32132889803512527,0.2915694709299747,0.4905296861630186,0.47995951637301526,0.47995951637301526,0.3304195804195804,0.3304195804195804,0.0,0.00014632005072428425,0.4780197827354599,0.5250778405192886,0.5253694712692738,0.5171045890360828,0.17204390142886727,0.38161354246266627,0.0
0.15384615384615385,0.41198501872659177,0.5,0.03608158645802578,0.5041702513484413,0.5283675189082538,0.06857395961263565,0.005556065286315768,0.0,0.0006256133464180569,0.07392533541123465,0.0322593859451488,0.014288159656842507,0.027282839518657096,9.595803435297629e-05,0.0733392507716205,0.1980914807545961,0.15683084556879653,3.00486788597528e-05,0.02287269030676314,0.15702395555600612,0.0006066918106717089,0.0,0.010204184930605468,0.0,0.16920624214366742,0.0,0.006099547879923425,0.01964867801521188,0.002974787627397375,0.004198966408268734,0.0005472103004291846,0.0324815239936366,0.1980914807545961,0.012927902470531246,0.0,0.0,0.0,0.0003047787201395676,0.0,0.15110027883091615,0.018743240320138434,0.13330800227979483,0.0007185758639857912,0.13417985597079296,0.00842389623244592,0.13642006206827512,0.09099795244317772,0.029586278123164778,0.0,0.6956304803036253,0.015623889507474354,0.025284900284900286,0.009533590605419312,0.010162800030369092,0.13564354442610413,0.45432957716784017,0.4911115915814564,0.43261797623168335,0.1557451968760464,0.4845777071750066,0.31511328408162004,0.32132889803512527,0.2921282540245687,0.496050125589997,0.4889431814471808,0.4889431814471808,0.3304195804195804,0.3304195804195804,0.0,0.00014632005072428425,0.49296481869425307,0.5237321230671803,0.510190471109214,0.5146746688135841,0.17601987989231724,0.3825655040215519,0.0
0.8942307692307693,0.6125297923050732,0.75,0.004010432044090149,0.49203814273129565,0.5028722048668202,0.001006664116450905,0.0018758091975818372,0.0002761961417523583,4.906771344455348e-05,0.0030469226081657527,0.0008295270671609692,0.0013593386565706404,0.00011123470522803116,1.0662003816997368e-05,0.002259385527828771,0.006798974646533424,0.0019929230894375075,0.0,0.022254778847495462,0.0019870033758781847,0.0,0.0,7.086239535142686e-05,0.0,0.0020643631644030208,0.0,0.0021078571137631867,0.0011569882087810372,0.001057935036503996,0.0007772125322997416,0.0005793991416309013,0.004792686119333857,0.006798974646533424,0.0003128532213789763,0.0,0.0,0.0,0.0,0.0,0.006629756674891176,0.0,0.006609405153536181,0.00043385712542538335,0.0068805039016268475,0.005794650774338565,0.006797477224947442,0.0,0.03659302160750086,0.0,0.6942563146185055,0.0017767880410319585,0.007233796296296296,0.00020747748869247686,0.0012364559268538704,0.0064716776037682675,0.453702624877245,0.4911115915814564,0.43196607822776045,0.15547370612030662,0.48437913688112255,0.31462745037555717,0.32132889803512527,0.2915694709299747,0.49576858317922107,0.4886656727138177,0.4886656727138177,0.3339160839160839,0.3339160839160839,0.0,0.00014632005072428425,0.47756624840723066,0.5260594226608264,0.5245851784666276,0.5167752323794188,0.172135017601988,0.3813804090196739,0.0
0.9519230769230769,0.9843377596186585,0.5,0.12305629367188269,0.9867757440253873,0.5012023183163433,0.933811834343353,0.24173471572315502,0.000669244497323022,0.005605986261040236,0.0017482342833737925,0.686182741740573,0.26597726380232195,0.17379917079583376,0.026207205382179525,0.0,0.0,0.0,0.0031751437328472122,0.07621240208096633,0.0,0.3811440185243233,0.0,0.14551086725448711,0.14779681010542872,0.0,0.04523224576952219,0.5193372978697406,0.11437079962976378,0.15571546784820203,0.20668806524547803,0.039506437768240345,0.0,0.0,0.0,0.026099846471491342,0.0025100452415412486,1.5701051970482023e-05,0.0,0.0,0.0002708070048745261,0.0036556348691325975,0.0002699757021868032,0.2448852312322898,0.0002708070048745261,0.056286474336502176,0.0,0.0,0.037797938478362124,0.0,0.699605745321293,0.2167918315131127,0.1612913995726496,0.13777542636623927,0.7645744530851744,0.0,0.5795369430250171,0.4911115915814564,0.5628071997230875,0.18107528438656664,0.48437913688112255,0.32934127118774775,0.32132889803512527,0.3335846378996851,0.5948218278174943,0.5817399253447094,0.5817399253447094,0.36013986013986016,0.36013986013986016,0.03876587947465938,0.01038872360142418,0.7958123663693498,0.36552324660931973,0.4251453876113749,0.5891239112932738,0.2006295299233796,0.46767863850069297,0.0
0.18269230769230768,0.018386108273748723,0.75,0.013593642358035627,0.49461396197060475,0.5094438507070043,0.0,0.0018758091975818372,0.0,0.0,0.0017482342833737925,0.0,0.00013089927804013575,0.0012943674790170897,2.1324007633994736e-05,0.001391942869823082,0.0174430247927264,2.0335949892219465e-05,0.0,0.022254778847495462,2.0275544651818212e-05,0.005045653558753046,0.0017437213920709113,0.0,0.0,0.005866061665184822,0.0,0.005091442303775813,0.0,0.0009008159716766698,0.0066416343669250645,2.145922746781116e-05,0.011770273263658149,0.0174430247927264,6.0552236395930885e-05,0.0,0.0,0.0,0.0,0.002929475587703436,0.0002708070048745261,0.0,0.0002699757021868032,9.490624618680261e-05,0.0002708070048745261,0.006155527601921926,0.0005506056662328562,0.0,0.029586278123164778,0.0012021726538507776,0.6950497317105091,0.0016820260121769206,0.007278311965811966,0.0,0.00011930715083677698,0.00033213897499899354,0.45362494937221554,0.4911115915814564,0.4318853121033806,0.15551895457959658,0.48437913688112255,0.3146351620216851,0.32132889803512527,0.2916315579404852,0.4956526539512545,0.4885514044118447,0.4885514044118447,0.3304195804195804,0.3304195804195804,0.0,0.00014632005072428425,0.4770695203334558,0.527294316322761,0.5237475324121005,0.5166581277903828,0.172135017601988,0.3812832700850937,0.0
0.9903846153846154,0.6833503575076609,1.0,0.016287766952071646,0.5307166444287605,0.5465769894771456,0.030179790211198133,0.0018758091975818372,0.04294850004249171,0.02189646712463199,0.08992917153674788,0.0,0.003353035352874246,0.02601880877742947,0.012964996641468798,0.04152629561638862,0.21803780990908,0.015770529141416197,0.0,0.023679961729354777,0.017173386320090026,0.16017674954750902,0.01397398948923494,0.020843667432655415,0.0,0.20613994747115513,0.0,6.109730764530977e-05,0.0001509115054931788,0.005331573599807266,0.011627906976744186,0.0,0.016150143981956945,0.21803780990908,0.042053528176974005,0.0,0.0,0.0,0.0,0.0003616636528028933,0.0002708070048745261,0.0,0.0002699757021868032,0.05432704692435972,0.040390363282582095,0.0071659827191553425,0.0415757333066373,0.0,0.029586278123164778,0.0,0.6959494830519566,0.008007391438250692,0.016159188034188036,0.0009543964479853936,0.004175750279287194,0.018418615886307825,0.46639702169920716,0.4911115915814564,0.44516557055497863,0.16440575198414495,0.48437913688112255,0.3133318938260561,0.32132889803512527,0.2988336511596967,0.5038781086974523,0.496659012504217,0.496659012504217,0.3339160839160839,0.3339160839160839,0.0067766073969433615,0.002341120811588548,0.49255447811156944,0.5261808010976832,0.5097956570452968,0.5169728463734172,0.17403189066059224,0.38304472276548074,0.0
0.028846153846153848,0.7504256043581886,0.25,0.012301938785552604,0.5456873058476248,0.5598435958566261,0.062211842396665926,0.014761802815752718,0.0,0.0011776251226692834,0.07707215712130748,0.06523564713352313,0.036309445893286885,0.06985539488320357,0.0040515614504589995,0.17410381069576972,0.36260864340930027,0.26405214137552363,0.0002103407520182696,0.022254778847495462,0.2634807027503776,0.0,0.0,0.0015286030997236366,0.0,0.2671408570173018,0.0,0.05327685226671012,0.028552456839309428,0.002231090720548031,0.016997739018087855,0.001963519313304721,0.10142169596649148,0.36260864340930027,0.023746568706604233,0.01934459209063476,0.000546542109045272,0.0,0.0,0.0,0.37280094682152815,0.02041964092580575,0.35277824995750384,0.010385454939870113,0.3614772020621452,0.005660610809807601,0.36059665632195415,0.12411898465875768,0.029586278123164778,0.03665533710014098,0.6875245386729487,0.03019355144393641,0.0373375178062678,0.030519938586663346,0.11618347270577772,0.33384999396110954,0.4693154013881723,0.4911115915814564,0.44820006922810657,0.16063203047936217,0.4851337039978819,0.3187300461156439,0.32132889803512527,0.3003326089848774,0.5058544260123106,0.49860701498547155,0.49860701498547155,0.36363636363636365,0.36363636363636365,0.0032757014607581202,0.000991724788242371,0.522714510938816,0.5048762467676394,0.4977164808195059,0.5117397350508672,0.17874508179747362,0.3821057130645391,0.0
0.75,0.7381681988423562,0.75,0.0015377423481940755,0.5017232230710977,0.5114990956922065,0.009200910024361273,0.0025384591858580298,0.0,0.0,0.011528356360076323,0.03046719783708498,0.007491466373989307,0.007098796642734352,0.0006930302481048289,0.045217970184180264,0.07475868145952658,0.014702891772074674,0.0,0.022862723992903983,0.015277622895145022,0.002891897630868479,0.0,0.009779010558496908,0.0,0.028195930547465022,0.0,0.02109893690684697,0.017686828443800554,0.0031319066922247014,0.0066113533591731265,0.0,0.04738315310417045,0.07475868145952658,0.051378572581947356,0.0,0.00032387680536016117,0.0,0.0,0.0,0.19778941244909834,0.01880813324680943,0.17979381855632992,0.002548910611874127,0.18216284527893123,0.009310622151650754,0.18516368004805286,0.16424698268322546,0.03048743443834673,0.006633807280794746,0.6962521266849889,0.0046907204283243705,0.01230858262108262,0.0018361757749284203,0.007071660213234417,0.18369298280929183,0.45485666095196886,0.4911115915814564,0.4331660320756894,0.15592619071320624,0.4843658988615303,0.31446550580686955,0.3213429932624813,0.2918444276908067,0.49674570095779624,0.489628791259019,0.489628791259019,0.4807692307692308,0.4807692307692308,0.0,0.00014632005072428425,0.48255512601775263,0.5243601245448308,0.5213679773782212,0.5167679133426041,0.1737751087181611,0.38266264295613206,0.0
0.5384615384615384,0.891726251276813,1.0,0.038997145950201755,0.4920432943697743,0.5012023183163433,0.10195494171414766,0.004220570694559133,0.03681907028129514,0.0006256133464180569,0.14035823817943877,0.05151260676320586,0.21204676124978603,0.27204975224997474,0.024320030706570992,0.5574731193641445,0.0,0.05482572090942368,0.009275025541377031,0.022583667204847613,0.06523656491722508,0.0,0.0,0.05534353076946438,0.0018185839620554912,0.0,0.1435721993892499,0.0,0.21741317558050624,0.17304046339649518,0.12884568798449614,0.05318669527896996,0.6874886727481423,0.0,0.1254238656547715,0.0,0.017195834134591054,0.010927932171455488,0.07613162236865613,0.016732971669680533,0.4802009989769513,0.0,0.47872691457768796,0.030451346990794093,0.5026579206033981,0.018672798135813417,0.5141455601161278,0.0,0.029586278123164778,0.0,0.6959494830519566,0.2569353959868281,0.06081953347578348,0.015332586414374039,0.20212800572674325,0.4679737509561577,0.4804784811109817,0.4911115915814564,0.4598073151032652,0.1696817223373544,0.48437913688112255,0.31440381263784567,0.32132889803512527,0.30523748281520247,0.5139032266968451,0.5065404999510279,0.5065404999510279,0.3321678321678322,0.3321678321678322,0.013962677476481488,0.004779788323659952,0.5599367211627756,0.21003219167238377,0.7835458571199914,0.5453853472882968,0.24865603644646925,0.46652592314367497,0.0
0.9230769230769231,0.8644875723527409,1.0,0.007098218679263852,0.5288981160458084,0.5409250657678395,0.05992671485232238,0.01764687891855522,0.0,0.0,0.07667256071367919,0.03667328922843742,0.0033429661776403895,0.030943472545252298,0.008454969026878912,0.0782917431562809,0.23023390875956265,0.14171106682393134,0.0,0.023869321692678747,0.14293245202299248,0.0,0.0,0.005628498830770476,0.0,0.1497685256154766,1.1480265423736597e-05,0.022249602867500308,0.03645015896011911,0.0014769192093768658,0.0029069767441860465,0.023369098712446353,0.08395255643488592,0.23023390875956265,0.0004844178911674471,0.0030282174810736403,0.0004453306073702216,0.0,0.0,0.0013140446051838459,0.37833744558785176,0.012470257408609128,0.3656470917617414,9.490624618680261e-05,0.3667729834908026,0.02238467407667086,0.38212033236560217,0.25095432610686397,0.03916486097891902,0.0,0.6974218034288706,0.025834498116604675,0.01914173789173789,0.009004523009253496,0.0731461295675658,0.3648798260799549,0.46413888380299273,0.4911115915814564,0.4428175839390792,0.15983565759585885,0.48437913688112255,0.31593843021731416,0.32132889803512527,0.29735243248037607,0.5025532032349775,0.4953530890530966,0.4953530890530966,0.3793706293706294,0.3793706293706294,0.0007882156639949227,0.0005690224194833276,0.488996393322247,0.5178901261280279,0.5213252947767166,0.5164678328331992,0.17281424725616068,0.38163944617855433,0.0
0.6153846153846154,0.5931222335716718,0.5,0.006889085719909457,0.49757615409581013,0.5098446234791187,0.009533109182790071,0.0039657053144529055,0.0,0.00026987242394504416,0.013466398937073557,0.009636851483931752,0.012405223888111326,0.0032156942056830824,0.001098186393150729,0.026114058622985215,0.05451195578163175,0.02657908650913084,0.001312125643542539,0.023111881839382883,0.028710171226974585,0.0,0.0,0.0,0.00011058956526013122,0.02903393935677714,0.0,0.011119709991446377,0.010593987685621151,0.0023253621594444265,0.003159318475452196,0.0,0.02620874363156729,0.05451195578163175,0.0017661068948813176,0.0,0.0,0.0,0.0,0.0,0.04360995767386813,0.003990914990266061,0.03978641922227,9.490624618680261e-05,0.03990892860724961,0.005743096941826655,0.03971368505355892,0.028151333998703558,0.029586278123164778,0.0,0.69298030362518,0.003660183364525834,0.009904736467236469,0.0013486036765010996,0.007147582945585093,0.036092435283223964,0.4556112230008267,0.4911115915814564,0.43395061728395057,0.15617958208523,0.48437913688112255,0.3150747258509801,0.3214134693992614,0.2928378198589738,0.4968837119434707,0.489792031690409,0.489792031690409,0.3374125874125874,0.3374125874125874,0.0,0.00014632005072428425,0.4801848692309354,0.5216106390838566,0.5264898895587686,0.5167752323794188,0.173137295506316,0.38216399642528726,0.0
0.9711538461538461,0.6860742254000681,1.0,0.006581537250270642,0.49212056894695355,0.5040334182834594,0.0,0.0018758091975818372,0.0,0.0,0.0017482342833737925,0.0,1.0069175233856595e-05,4.0448983719284053e-05,3.19860114509921e-05,4.034617013979948e-05,0.005557335683101694,1.0167974946109733e-05,0.0,0.022254778847495462,1.0137772325909106e-05,0.0,0.0,0.0,0.0,1.021961962575753e-05,0.0,0.00034621807665675535,2.0121534065757174e-05,0.0009950874105730655,0.00506702196382429,0.0,0.005578042248132262,0.005557335683101694,0.0,0.0,0.0,0.0,0.0,0.0,0.010511323744759384,0.0,0.01047905688488036,9.490624618680261e-05,0.010511323744759384,0.005866826139855236,0.010491540694764242,0.0,0.03981288349770155,0.0,0.6959249443790081,0.0016227997441425222,0.007233796296296296,4.149549773849537e-05,0.00015184546470135252,0.010437215668907766,0.4535639186182638,0.4911115915814564,0.4318218530056536,0.15550085519588058,0.48437913688112255,0.31462745037555717,0.32132889803512527,0.2915960796487649,0.4956140108752657,0.4885133149778537,0.4885133149778537,0.3304195804195804,0.3304195804195804,0.0,0.00014632005072428425,0.4782681467723474,0.5260963639242175,0.5237688737128527,0.5166581277903828,0.17220956719817768,0.38134155344584186,0.0
0.23076923076923078,0.5246850527749404,0.75,0.02154069481350261,0.7201990593108137,0.7377558780006577,0.06213130926734985,0.036721003965705316,0.16134103849749298,0.001189892051030422,0.25024725027722,0.4112815681133892,0.11623855889964053,0.19621802002224695,0.01602499173694704,0.7323636803776402,0.0,0.16911375930369707,0.0,0.022254778847495462,0.16861142932452022,0.1677806202412611,0.0,0.0013362623123411924,0.06398220736772259,0.3941196308673391,0.0,0.5690806891776303,0.37635317316592215,0.014811090511055945,0.09771681201550388,0.0069313304721030046,0.0,0.0,0.4628108348134991,0.0,0.007398560772446181,0.0,0.0,0.00436407474382158,0.0002708070048745261,0.0,0.0002699757021868032,9.490624618680261e-05,0.0002708070048745261,0.009568391314210297,0.0,0.0,0.029586278123164778,0.0,0.6959494830519566,0.033202245860083864,0.0847133190883191,0.010104153699323623,0.18934044837796504,0.0,0.5093515759805145,0.4911115915814564,0.48982923733702544,0.17456855594067022,0.48437913688112255,0.3180437096102534,0.32132889803512527,0.3142134906204266,0.5370504292141655,0.5293560709116434,0.5293560709116434,0.40559440559440557,0.40559440559440557,0.005374197709056291,0.0015932627745533173,0.5661404228667689,0.4694390205287878,0.49274929306941256,0.5146527117031399,0.17891903085524954,0.3848061754458677,0.0
0.8942307692307693,0.7303370786516854,1.0,0.05000738116327133,0.4659914585834024,0.4961053107530418,0.5371559725382029,0.0018758091975818372,0.0003399337129259794,0.00030667320902845924,0.5353792669403902,0.10528849108002376,0.029301299930522693,0.0681868743047831,1.0662003816997368e-05,0.20103487926408586,0.7245163615973085,0.37483222841338915,0.0,0.022254778847495462,0.37371883902231323,0.00010111530177861816,0.15160688769949868,0.00015184799003877184,0.008183627829249711,0.4477624142829404,0.0,0.08273593743635697,0.14450279689323514,0.025264745624234045,0.03409641472868217,0.0036802575107296137,0.28737993113030874,0.7245163615973085,0.020890521556596157,0.0009952882630102175,0.00036436140603018127,0.0,0.0,0.0,0.21167077892118516,0.029742591390871726,0.18352348288654022,0.0005152053364426427,0.18439951054141343,0.013950467077722557,0.19190109120032037,0.2162281739703053,0.0,0.0,0.6572356366967674,0.009452512378290019,0.08634926994301995,0.043995601477239715,0.049566698120370074,0.3014714763074198,0.3936705559901685,0.4911115915814564,0.36954540209991915,0.15547370612030662,0.48437913688112255,0.28919444144547096,0.32132889803512527,0.26231761940662557,0.4542438378094896,0.44773585521662,0.44773585521662,0.32517482517482516,0.32517482517482516,0.0,0.00014632005072428425,0.4541552383214911,0.5135785529579396,0.5554660406551779,0.5100929517675473,0.1795485607786291,0.3812638422981777,0.0
0.46153846153846156,0.03915560095335376,1.0,0.014098021848243283,0.634073967225276,0.6487483558040119,0.15610340453804183,0.03189895097409548,0.002453896490184414,0.003152600588812561,0.19095713329537167,0.0021711078794830305,0.0044908521543000415,0.02586712508848215,0.002921389045857279,0.035161687276835246,0.5120859534585653,0.2612864521901818,0.0,0.022324543044509558,0.26058129986516765,0.1996117172411701,0.0,0.03769879432695909,0.0,0.5024884773788719,0.0,0.0032788888436316244,0.005462996498853072,0.003624213095350323,0.007741844315245478,0.0007725321888412017,0.01985541392295455,0.5120859534585653,0.04247739383174552,0.0009423473979564826,0.012044168699330993,0.0,0.07933705373564123,0.0,0.1350424264307637,7.570841444949168e-05,0.13455788978991892,9.490624618680261e-05,0.1349722172072777,0.007640277978264904,0.1364500951046151,0.0,0.029586278123164778,0.014098206576977301,0.6959494830519566,0.03950392077894388,0.031572738603988605,0.013216316029710776,0.06498985889217887,0.1404243327026048,0.45171635124863374,0.4911115915814564,0.42990077304719043,0.1557451968760464,0.48437913688112255,0.3135632432098956,0.32132889803512527,0.29061155705352787,0.4943884733224765,0.48730533578556734,0.48730533578556734,0.3269230769230769,0.3269230769230769,0.0011772052124599493,0.0005202490692418995,0.49561043560892387,0.5086706422502506,0.5252360881395721,0.5180121496011124,0.17275626423690205,0.3829670116178166,0.0
0.4326923076923077,0.3421859039836568,1.0,0.028540497982482038,0.5795232673751887,0.6003730269648142,0.05611145785097345,0.02105188039677442,0.010622928528936856,0.0019259077526987242,0.08777135093555509,0.08882084263564304,0.07806631558809018,0.0685711396501163,0.01563049759571814,0.24882491779467836,0.5265149997997357,0.28285272705088055,0.0024840241190728983,0.031224461320735912,0.2936405754199572,0.0009707068970747343,0.0,0.021106870615389288,0.0008970042515543977,0.31905652471615004,1.1480265423736597e-05,0.14191886277544705,0.024387299287697693,0.04339628570530748,0.00786296834625323,0.001684549356223176,0.21508689260758374,0.5265149997997357,0.06736436299047312,0.0,2.0242300335010073e-05,0.0,0.0,0.01398432790837854,0.0002708070048745261,0.001146441704520874,0.0002699757021868032,0.053635587130713015,0.0002708070048745261,0.012836904295465324,0.0,0.0,0.4567141208156983,0.0,0.6544055097500328,0.13263130463623227,0.02496216168091168,0.035260799203286446,0.1817373290382759,0.0,0.4752187397704134,0.4911115915814564,0.45433829468097375,0.16605279590229954,0.48437913688112255,0.3140413652698305,0.32132889803512527,0.30126391414253406,0.5111430069833559,0.5038198260945271,0.5038198260945271,0.3513986013986014,0.3513986013986014,0.007124650677148911,0.0024549252954852133,0.5061605079584477,0.5010396326982954,0.5195646374646534,0.5139500841689233,0.20819217229240009,0.40707689518061363,0.0
0.5384615384615384,0.6213823629553966,0.5,0.006630745005412853,0.49885891207698607,0.5107694837224598,0.021864744609313657,0.002711767644330265,0.0,0.0003680078508341511,0.024555199248758753,0.013866415418962373,0.01103581605630683,0.006896551724137932,0.0011408344084187184,0.03262996510056283,0.07389754475908199,0.00609061699271973,0.00010016226286584267,0.022254778847495462,0.006184041118804553,0.0006471379313831562,0.0,0.0009313343389044673,0.0,0.007828228633330268,0.0,0.01276933729786974,0.015423155861402874,0.030543946202432202,0.009992732558139534,0.0,0.06660424092309553,0.07389754475908199,0.0,0.0,0.000273271054522636,0.0,0.0,0.0,0.0002708070048745261,0.0,0.0002699757021868032,0.0926556123486584,0.06874485968185191,0.007928979440331593,0.07061767944739214,0.035003961353651136,0.04882444664952107,0.0015409667653905421,0.6961376128778957,0.007616498069223662,0.009203614672364673,0.0007572928337275405,0.007928502478334905,0.07010145335963607,0.4539966821462852,0.4911115915814564,0.4322718356986269,0.1558175944109103,0.48437913688112255,0.3144423708684856,0.32132889803512527,0.29170251452392565,0.49598388031687324,0.4888778852746248,0.4888778852746248,0.3321678321678322,0.3321678321678322,0.0,0.00014632005072428425,0.4782951428633134,0.5260963639242175,0.5237688737128527,0.5166947229744565,0.17200248498653967,0.3812120348664016,0.0
0.27884615384615385,0.2700034048348655,0.5,0.02130695797657711,0.9166310345005229,0.9335744820782638,0.16112665847913185,0.0109184328837508,0.0004249171411574743,0.01496565260058881,0.18308508406509427,0.00823382422219036,0.01047194224321086,0.047001719081808065,0.027838491966180125,0.09177745052550887,0.0,0.0700980192784805,0.0,0.045974605832286866,0.09401770055048103,0.7529348716341243,0.0,0.03932862942004191,0.0006020987441940478,0.8959642722097884,0.0,0.0012321290375137469,0.028280816129421706,0.014580649215975865,0.19665495801033592,0.0,0.23891943051611994,0.0,0.2030922008719522,0.0,4.0484600670020146e-05,0.0,0.00012611533247154522,0.0033634719710669077,0.16204288780566087,0.0,0.16154546090851823,9.490624618680261e-05,0.16204288780566087,0.013960777844224939,0.169596556211833,0.0,0.07660841214232195,0.08545261800417482,0.6949597565763643,0.016559664542417852,0.01388888888888889,0.002168139756836383,0.009305957765268604,0.15423326220862354,0.4624799569455772,0.4911115915814564,0.44109265028268135,0.15598048886435417,0.48437913688112255,0.3145966037910452,0.30765652749978856,0.2834272029801765,0.5095696817466671,0.5022690419963216,0.5022690419963216,0.3356643356643357,0.3339160839160839,0.0,0.00014632005072428425,0.4790780295013283,0.5088606258905483,0.519687349943979,0.4882895410963917,0.21505901843031683,0.3897408333225401,0.0
0.21153846153846154,0.9193054136874361,0.25,0.012486467867335893,0.8096005934687527,0.8231410309108846,0.0,0.0018758091975818372,0.0021352086343163082,0.0,0.0037562062317059767,0.0,0.005316524523476283,0.011335827687329355,0.0,0.016592362469992537,0.6458825649857812,0.054703705210070355,0.0,0.03311806095397556,0.07201873460325829,0.47107596792622625,0.014385701484585019,0.0,0.002383819517829495,0.5567750968308959,0.0,0.0,0.0472151796852992,0.044202830238087756,0.011981185400516795,0.0,0.10090819388227713,0.6458825649857812,0.008356208622638462,0.00017999894118269892,0.0019128973816584516,0.0,0.014871099620603042,0.0,0.037210888447573774,0.0,0.037096661300482954,9.490624618680261e-05,0.037210888447573774,0.006093663002907636,0.037361097206927624,0.0,0.029586278123164778,0.026808450180872342,0.6959494830519566,0.009642036436000095,0.007233796296296296,0.014450807087431013,0.006583585505265784,0.05175329119529772,0.4456798548577706,0.4911115915814564,0.4236240913811007,0.15547370612030662,0.48437913688112255,0.31192066258463536,0.32132889803512527,0.2884562508315225,0.48972370200667975,0.482707396968081,0.482707396968081,0.32867132867132864,0.32867132867132864,0.0,0.00014632005072428425,0.4858540483338013,0.5299224233468784,0.5231393053406606,0.5313840298616702,0.18971215572582315,0.40805476045538736,0.0
0.7019230769230769,0.2516172965611168,1.0,0.018957287668536563,0.49254300330220024,0.5096236846432095,0.002385793955988645,0.0024365130338155384,2.1245857057873714e-05,0.0003434739941118744,0.004964985364781571,0.006400671814513651,0.007461258848287737,0.0021134593993325916,0.000874284312993784,0.016683141352807084,0.03619778107101374,0.008876642127953797,0.00010016226286584267,0.022603599832565928,0.00929633722285865,0.0,0.0,0.002459937438628104,1.2287729473347913e-05,0.011854758765878734,0.0,0.008472159993482954,0.010080888566944344,0.0018121065476751615,0.004289809431524547,0.0010836909871244636,0.02470851205219598,0.03619778107101374,0.007680041982883901,0.0,1.0121150167505037e-05,0.0,0.0,0.0,0.09442137569958477,0.007181483884923209,0.08748212660860522,0.0006236696177989886,0.08814266514212353,0.00669168746004578,0.08878766643307638,0.03977816419553653,0.05588181689313704,0.006426159276947793,0.695565043842429,0.008860249697946033,0.008947649572649572,0.000985518071289265,0.009262573346782502,0.08787592093079433,0.4542685464138884,0.4916600309024463,0.4331544940579208,0.1559352404050642,0.4844320889594917,0.31494362786680447,0.32132889803512527,0.2923145150561,0.49644207678931246,0.48932951713480394,0.48932951713480394,0.3356643356643357,0.3356643356643357,0.00026615074368659727,0.00022760896779333106,0.4814374878517591,0.5248614702622829,0.5222749826601931,0.5171924174778598,0.17225098364050528,0.3818466759056587,0.0
0.21153846153846154,0.20360912495743957,1.0,0.03625381360102352,0.6909995724140062,0.7147782390660967,0.03900823451247257,0.0018758091975818372,5.311464264468429e-05,0.007507360157016683,0.04661292094984066,0.013118816951027179,0.009887930079647176,0.01968854282536151,0.00704758452303526,0.04909120251760102,0.5099230984900068,0.0921421889616464,0.005759330114785953,0.033187825150989655,0.10881884814630834,0.26608491663043365,0.0021554333874209877,0.0445218306793679,0.009436976235531198,0.4323307886480465,0.017427042913232153,0.0,0.04297959676445732,0.011228775832992909,0.014211886304909561,0.004603004291845494,0.08680198956885962,0.5099230984900068,0.020194170838042952,0.00046587961247286777,0.01954394097345222,6.280420788192809e-05,0.00018917299870731784,0.017166968053044,0.18940442518705744,0.0,0.18882300592946635,9.490624618680261e-05,0.18940442518705744,0.013775184047182067,0.19672639903894285,0.0,0.029586278123164778,0.0,0.6959494830519566,0.12230224349103314,0.012931801994301996,0.008734802273953275,0.05626959077647263,0.16850517331615605,0.46964274815936796,0.4911115915814564,0.4485404407522787,0.16133790644428558,0.48564998676198035,0.31384086247050297,0.3216108025822456,0.2948955607787485,0.5095586408678131,0.5022581593008957,0.5022581593008957,0.3374125874125874,0.3374125874125874,0.006029338001207914,0.001446942723829033,0.48757639893743393,0.5294316322761096,0.5150296110547937,0.5211520163946425,0.17498446883412716,0.38748721004028036,0.0
0.21153846153846154,0.24378617637044603,0.5,0.00618787520913296,0.4918166222767151,0.5035607119368629,0.0,0.0018758091975818372,0.0,0.0,0.0017482342833737925,0.0,9.062257710470934e-05,5.056122964910507e-05,0.0,9.077888281454883e-05,0.004686185765210077,0.0,0.0,0.022254778847495462,0.0,0.0,0.0,0.0,0.0,0.0,0.0,0.0,0.003682240734033563,0.0007960699284584524,0.0007772125322997416,0.00028969957081545066,0.004712136772790431,0.004686185765210077,0.0,0.0,3.0363450502515105e-05,0.0,0.0,0.0,0.00043128522998535644,0.0,0.0004299613034826866,9.490624618680261e-05,0.00043128522998535644,0.005588435444290929,0.00016017619381319452,0.0,0.029636904882444665,0.0,0.6959494830519566,0.0015043472080737248,0.007233796296296296,0.0,9.76149415937266e-05,0.0001610370787873908,0.45350288786431203,0.4911115915814564,0.4317583939079266,0.15547370612030662,0.48437913688112255,0.31462745037555717,0.32132889803512527,0.2915694709299747,0.4955698473598499,0.48846978419614967,0.48846978419614967,0.3304195804195804,0.3304195804195804,0.0,0.00014632005072428425,0.4782897436451202,0.5260963639242175,0.5237688737128527,0.5166874039376418,0.17201905156347072,0.3812185107953736,0.0
0.75,0.4640789921688798,1.0,0.02878653675819309,0.5312524148305369,0.5523316754357119,0.0018522619742696652,0.006361439887451448,0.013129939661765955,0.0017419038272816485,0.021738044574979274,0.09775105995125248,0.05757554398719201,0.009252705025786226,0.002271006813020439,0.16529825906275847,0.28376456923138543,0.048450400618212874,0.0,0.022324543044509558,0.04836731176691234,0.0034581433208287406,0.0,0.005466527641395787,0.002801602319923324,0.06010158301908003,0.0,0.06604618956457986,0.13524689122298683,0.011249725041636552,0.013343830749354003,0.002263948497854077,0.22612215308403313,0.28376456923138543,0.020496932020022604,0.0,1.0121150167505037e-05,0.0,0.0,0.0,0.0002708070048745261,0.046603936837551374,0.9681728644422002,9.490624618680261e-05,0.9711540390363282,0.005980244571381436,0.9694363800180198,0.24358723723878217,0.6327534881837145,0.0,0.6873036906164115,0.030063253654260734,0.021690259971509977,0.005622639943566122,0.0998492391457608,0.962669592173598,0.4601053057918186,0.4911115915814564,0.43862351448021225,0.15928362639252136,0.48437913688112255,0.3143652544072058,0.32132889803512527,0.2950019956539093,0.5000027602197135,0.49283918640968993,0.49283918640968993,0.3356643356643357,0.3356643356643357,0.0016787969986385364,0.0006828269033799932,0.48118912381487167,0.5243601245448308,0.5232300058688577,0.5174705408768205,0.17936632843238767,0.3876555841935526,0.0
0.9038461538461539,0.9952332311882873,0.0,0.01577108552307844,0.5675766177432732,0.5831243834265045,0.0005234653405544707,0.005025945295694814,0.0,0.0007114818449460254,0.005934006653280187,0.03601786043463122,0.023078549635999316,0.012033572656487005,0.011067159962043268,0.08101510964071736,0.24428245283774586,0.05486639280920812,0.00044071395660970775,0.038220813649863454,0.07251548544722783,0.01147658675187316,0.0,0.02347569925999413,0.0,0.10839950537041011,0.017013753357977637,0.07019062359985338,0.021379129944866997,0.006504729283851302,0.027596091731266148,0.00011802575107296138,0.138826798767595,0.24428245283774586,0.012231551751978039,0.0002435279792471809,0.00833982773802415,0.004773119799026535,0.004865949911193787,0.010114526823387584,0.28265230386551926,0.0007138221933809215,0.28112469877711005,0.018696530498800115,0.2957513389901908,0.01141401851813664,0.30058063870257284,0.1126876498369157,0.04880419594580912,0.0,0.6909517733280984,0.060576626945582905,0.009526353276353277,0.005425536329308271,0.10687751494050912,0.27991263738475786,0.46578671415968975,0.49564676288964243,0.4494923272181839,0.1610935647641198,0.48437913688112255,0.31557598284929905,0.32132889803512527,0.2981684331899419,0.5084324712247095,0.5011481243674433,0.5011481243674433,0.3513986013986014,0.3513986013986014,0.00656163948858111,0.001837129525760458,0.4790672310649418,0.5168504934297324,0.5305500720268901,0.5142208885310693,0.17601987989231724,0.38216399642528726,0.0
0.20192307692307693,0.3714674838270344,0.0,0.011748351540202737,0.9178159113506049,0.9363490628082868,0.17599508747911174,0.002293788420956051,0.0,0.0005274779195289499,0.17723099669333972,0.6724597013702558,0.27063929193559755,0.10916169481241784,0.07386636244415776,0.0,0.0,0.14831008256395659,0.028716520763637093,0.022254778847495462,0.17693454040409162,0.0020425290959280866,0.0,0.3780306328011905,0.19378978152416995,0.7232220416756088,0.0,0.4962934300028512,0.6277818020845909,0.07049408708586033,0.23998708010335915,0.0020493562231759656,0.0,0.0,0.4953879379945099,0.0,0.0025606509923787736,0.0,0.0,0.0,0.0002708070048745261,0.002411853774605235,0.0002699757021868032,9.490624618680261e-05,0.0002708070048745261,0.016961210896418038,0.0,0.619370504892529,0.029586278123164778,0.0,0.5618865331762859,0.05195328231977447,0.11672008547008547,0.028922361923731273,0.6880551849803143,0.0,0.5498316106015968,0.4911115915814564,0.5319199261566863,0.20910218007076858,0.48437913688112255,0.3059364251893209,0.32132889803512527,0.334125681848419,0.5649231278809793,0.5568294355145882,0.5568294355145882,0.3758741258741259,0.3723776223776224,0.0,0.00014632005072428425,0.40695527287648753,0.5252942107762942,0.5962599370431628,0.518326868184147,0.22528059639676953,0.424309342175135,0.0
0.8653846153846154,0.6884576098059244,0.75,0.006692254699340617,0.4895499013461231,0.5015054669516607,0.0004227989289093801,0.0018758091975818372,0.0,0.0,0.0021678105113835024,0.0,0.00015103762850784893,4.0448983719284053e-05,3.19860114509921e-05,0.00018155776562909766,0.0011915728761965794,0.0,0.0,0.022254778847495462,0.0,0.0,0.0,0.0,0.0,0.0,0.0,0.0,0.0011771097428467945,0.0007960699284584524,3.0281007751937984e-05,1.072961373390558e-05,0.0011981715298334643,0.0011915728761965794,0.0,0.0,0.0,0.0,0.0,0.0,0.0007923612364847245,0.0,0.0007899289063984242,9.490624618680261e-05,0.0007923612364847245,0.005588435444290929,0.0005205726298928822,0.0005144615131342025,0.029586278123164778,0.0,0.6959494830519566,0.0015280377152874843,0.007233796296296296,0.0,9.76149415937266e-05,0.0006340834977253513,0.4534418571103603,0.4911115915814564,0.43169493481019955,0.15547370612030662,0.48437913688112255,0.31462745037555717,0.32132889803512527,0.2915694709299747,0.4955091225261531,0.4884099293713067,0.4884099293713067,0.3304195804195804,0.3304195804195804,0.0,0.00014632005072428425,0.47822495302680174,0.5260963639242175,0.5238382329402976,0.5166947229744565,0.17201076827500517,0.3812185107953736,0.0
0.9134615384615384,0.863806605379639,1.0,0.0067660663320539315,0.520485490410225,0.5323957990792503,0.03994443214077191,0.0018758091975818372,0.0,0.005372914622178606,0.04575378867343982,0.07861049095713087,0.05098023420901594,0.02278289007988674,0.0030493330916612467,0.15406185067882433,0.25784034926102456,0.09448082319925163,2.0032452573168534e-05,0.022254778847495462,0.09422045599699921,0.027614588915740618,0.03211353563730595,0.0,0.016391831117446118,0.15007511420424932,0.0,0.04051769785344793,0.03792909171395227,0.002157768490295279,0.02616279069767442,0.006394849785407725,0.11140981493787633,0.25784034926102456,0.016682141127078963,0.005304674678384244,0.002317743388358653,0.0,0.0,0.003315250150693189,0.43503640849732206,0.0,0.4337009669129778,0.009626204970375694,0.4420874205131291,0.011620233848184273,0.4468415256782461,0.2719443558427394,0.03166197525364006,0.0,0.6940272870043188,0.06462770367913577,0.03287482193732194,0.010757707788704924,0.12029414635733576,0.4646221667538951,0.4450251613153792,0.49012545549467645,0.42186454367139725,0.15547370612030662,0.48437913688112255,0.31045544982031864,0.32132889803512527,0.2867710319748104,0.48908885147257725,0.48208164198108583,0.48208164198108583,0.3269230769230769,0.3269230769230769,0.0,0.00014632005072428425,0.49987581798155634,0.5238535015040371,0.5042309128741397,0.5160360096611286,0.17375025885276457,0.38199562227201495,0.0
0.23076923076923078,0.9530132788559755,0.75,0.008746678476527901,0.5106561641930215,0.5234195166063795,0.003654190742716785,0.0053113945214137885,0.0,0.00014720314033366043,0.008861050339157453,0.006820555885545747,0.023420901593950442,0.0005865102639296189,0.0013540744847586655,0.03201468600593089,0.08220851524011695,0.016878838410542156,0.0,0.022254778847495462,0.016828702061009115,0.0006875840520946035,0.0,0.0018727918771448528,7.372637684008749e-05,0.019621669681454457,0.0008954607030514547,0.025375748442018658,0.029991146525011066,0.0008379683457457395,0.0074491279069767435,0.0,0.06334199238808676,0.08220851524011695,0.14896859357338932,0.0,0.0,0.0,0.0,0.0054731766124171185,0.0654550560670799,0.0,0.06525412712855842,0.0013964776224629526,0.06641792541774488,0.005650300043305218,0.06608269096005606,0.0,0.051973431076729915,0.060578572911771454,0.6814798455699516,0.0024164317358034634,0.007667824074074074,0.0008506577036391551,0.0012364559268538704,0.06339828495511092,0.4551784594728053,0.4911115915814564,0.4335006345909772,0.15617053239337203,0.48437913688112255,0.31452719897589343,0.32132889803512527,0.29214599317042883,0.4968781915040437,0.48975938360413107,0.48975938360413107,0.3304195804195804,0.3304195804195804,0.0004401723837893724,0.00026012453462094976,0.47889985530095247,0.5257533379070135,0.5235021074534493,0.5166727658640122,0.17206875129426383,0.3812444145112616,0.0
0.21153846153846154,0.04324140279196459,0.0,0.00020913295935439427,0.49620581826049776,0.505441261098323,2.01332823290181e-05,0.001967560734420079,0.0002443273561655477,0.00011040235525024532,0.00217780042157421,0.0003379554718063208,0.0012586469042320744,7.07857215087471e-05,0.00046912816794788414,0.002067741219664723,0.010734169103216246,0.0015251962419164599,0.0,0.022254778847495462,0.0015206658488863658,0.0026593324367776574,0.0,0.0028952350100725833,0.0,0.007143514118404513,0.0,0.0,0.000291762243953479,0.00421079093737234,0.0001917797157622739,1.072961373390558e-05,0.0037556132825872454,0.010734169103216246,0.001029388018730825,0.0,0.0,0.0,0.0,0.0,0.015596477502958816,0.0,0.015548600625943664,9.490624618680261e-05,0.015596477502958816,0.006031798403893345,0.015727300030033038,0.0,0.029586278123164778,0.008677500792341067,0.6959494830519566,0.005839710028191703,0.007333956552706553,0.0003630856052118345,0.0007266890096421871,0.012822577398445993,0.4551562664713683,0.4911115915814564,0.4334775585554401,0.15637867530610583,0.48437913688112255,0.31462745037555717,0.32132889803512527,0.2924652977959111,0.49665185348753765,0.489536288347898,0.489536288347898,0.3304195804195804,0.3304195804195804,0.0,0.00014632005072428425,0.4789106537373389,0.5254630851232255,0.5237261911113482,0.5165922564590499,0.17481880306481673,0.38332966364024923,0.0
0.34615384615384615,0.45352400408580185,0.0,0.0015746481645507332,0.4930427122346262,0.5028567905294311,0.000614065111035052,0.0020491176560540722,0.0,0.0,0.002527447278248969,0.003103045695676218,0.0011982318528289348,0.0014359389220345838,9.595803435297629e-05,0.0057392427023864765,0.009702807706172148,0.0009456216699882052,0.0,0.022254778847495462,0.0009428128263095468,0.0,0.0,4.0492797343672497e-05,0.0,0.0009913031036984804,0.0,0.007056739033033278,0.000875286731860437,0.0008798667630330264,0.0008377745478036176,2.145922746781116e-05,0.008779878773233453,0.009702807706172148,1.0092039399321815e-05,0.0,0.0,0.0,0.0,0.0,0.010721951415217347,0.0,0.010689037986581208,0.0001355803516954323,0.010752041082425627,0.006042109170395727,0.010901992191410552,0.00871497803249339,0.030092545715963627,0.0013114610769281209,0.6950906294987568,0.0022150624244865083,0.007512019230769231,3.1121623303871525e-05,0.0006399201726699855,0.010688836104513063,0.45365269062401176,0.4911115915814564,0.43191415714780196,0.15555515334702855,0.48437913688112255,0.31462745037555717,0.32132889803512527,0.29164042751341523,0.4956747357089625,0.4885731698026967,0.4885731698026967,0.3339160839160839,0.3339160839160839,0.0,0.0001625778341380936,0.47730168671576356,0.5262969022111984,0.524547831190311,0.5166874039376418,0.17208531787119485,0.38127031822714974,0.0
0.21153846153846154,0.18896833503575078,1.0,0.02897106583997638,0.4271326495391859,0.448567494245314,0.0,0.0018758091975818372,0.0,0.0006869479882237489,0.002307669254053406,0.00045060729574176105,0.012797921722231733,4.0448983719284053e-05,0.000874284312993784,0.0,0.0,0.013584414528002603,0.08471724193192973,0.022254778847495462,0.32696343305522046,0.08098324519449529,0.6530720980358916,0.18554812062804327,0.0,0.8743497767013111,0.0,0.000519327114985133,0.08922894281460018,0.0015292922309859743,0.2491420381136951,0.0,0.3390321996012808,0.0,0.08396576780235751,0.0,0.016305172919850612,0.0,0.0,0.013707052441229656,0.014011755029989368,0.0,0.013968742813146815,9.490624618680261e-05,0.014011755029989368,0.08015589878951601,0.0861147261988187,0.0,0.029586278123164778,0.0019999781423153846,0.695941303494307,0.00978417947928265,0.13074252136752137,0.0147931449437736,0.0034707534788880577,0.13815974878215712,0.42507365302351907,0.49092174720111376,0.40199030806507435,0.15547370612030662,0.4777932221339687,0.28514582722828014,0.3214134693992614,0.26653953612133574,0.48266305997957437,0.475747913243152,0.475747913243152,0.3269230769230769,0.3269230769230769,0.0,0.00014632005072428425,0.4883700840118351,0.5268299118687001,0.5128261217521207,0.5163580472809778,0.1729799130254711,0.3816718258234144,1.0
0.4230769230769231,0.42356145726932243,1.0,0.0044286979627989375,0.5200063880317134,0.5309468513646828,0.01992188286456341,0.0018758091975818372,0.00037180249851279,0.003348871442590775,0.024585168979330874,0.027323187841795875,0.0584112855316021,0.06925877237334413,0.0017272446183535736,0.15609933227088418,0.2358212840950054,0.021271403587261564,0.009565496103687975,0.022254778847495462,0.030899930049370954,0.0,0.00455305030151849,0.009242480993693247,0.0,0.04240120182726799,0.0,0.09840739684737893,0.0856070666827639,0.003959400433648619,0.009276082041343668,0.0001072961373390558,0.19535230270444434,0.2358212840950054,0.04152874212820927,0.0,0.00035424025586267623,7.850525985241012e-05,0.0,0.0,0.20800986941084434,0.0,0.20737133657970783,0.0037555757419634743,0.21072796934865903,0.005866826139855236,0.21033136450095105,0.0955252137587587,0.029586278123164778,0.0,0.6934301792959037,0.030939802421169837,0.018863514957264956,0.005135067845138803,0.06820030586015033,0.19416039293047224,0.4630403302318614,0.4911115915814564,0.44167532017999306,0.1587496945728998,0.48677521842732324,0.3184601385011645,0.32132889803512527,0.2959776486762163,0.5023158243396174,0.4951191111014376,0.4951191111014376,0.38986013986013984,0.38986013986013984,0.0011055492430058656,0.0005039912858280902,0.47582770014901843,0.5256530687635231,0.5212879475004001,0.5093390909756276,0.18282874301097535,0.38316776541594894,0.0
0.18269230769230768,0.5498808307797072,0.25,0.01149001082570613,0.519393343052758,0.5332795544228872,0.002989792425859188,0.0029768276396407414,0.0,0.0006378802747791952,0.006313623240527068,0.0,0.003010683394923122,0.004944888259682475,0.0,0.007907849347400698,0.07493891937357312,0.023833733273681216,0.0003605841463170336,0.022254778847495462,0.02412789813566367,0.0007381417029839125,0.0,0.004454207707803974,0.0,0.02955513995769078,6.888159254241958e-05,0.025579406134169688,0.01366252163064912,0.006504729283851302,0.001736111111111111,0.0,0.04623532491592662,0.07493891937357312,0.008921362829000485,0.0009211710519349886,0.0196957582259648,0.0,0.0,0.00600361663652803,0.037411486228962315,0.0031364914557646547,0.03440690337869592,9.490624618680261e-05,0.03451284828789794,0.007093807353638669,0.035639203123435784,0.024519235715976088,0.03466920475486523,0.0,0.6937655411595341,0.018229845300987896,0.007534277065527065,0.0026349641063944562,0.007331966724151021,0.050203309311969084,0.44557443810094494,0.4911115915814564,0.4235144802122995,0.15547370612030662,0.48437913688112255,0.3146737202523251,0.32132889803512527,0.2916226883675551,0.48765353722156285,0.4806777742711314,0.4806777742711314,0.31643356643356646,0.31643356643356646,0.0,0.00014632005072428425,0.46867913526121424,0.5259538761939944,0.5236995144854079,0.5033667569347873,0.1916090287844274,0.38474789208511967,0.0
0.46153846153846156,0.34933605720122574,0.0,0.09542613915953153,0.4920432943697743,0.5012023183163433,0.0,0.15271533575965174,0.013257414804113198,0.09911678115799803,0.0017482342833737925,0.03259734141695512,0.026059025505220868,0.3929618768328446,0.022454180038596453,0.4713743922858123,0.0,0.0,0.0013622067749754602,0.022254778847495462,0.0,0.04665460024065442,0.0,0.37644129050545133,0.04374431692511858,0.0,0.0,0.05537452649586575,0.04672220210068815,0.05971571923870575,0.06340843023255814,0.003701716738197425,0.22485350087597414,0.0,0.3887958178588729,0.051670284292445336,0.030717690758377783,9.420631182289213e-05,0.18275162636230832,0.0,0.46569777938256,0.0,0.46426821586057254,9.490624618680261e-05,0.46569777938256,0.03339657270121461,0.49154069476424067,0.0,0.029586278123164778,0.033420399777051614,0.6959494830519566,0.12497927080618797,0.06964476495726496,0.06531391344039171,0.21617371121161835,0.45612746084786027,0.4744808224726333,0.4911115915814564,0.4535710164993654,0.1669034669369508,0.4905745300503045,0.32637999907460247,0.32132889803512527,0.3079870504235221,0.5062242954539181,0.49897158528224267,0.5090598439421475,0.3321678321678322,0.3321678321678322,0.005957682031753831,0.0016745516916223642,0.5155551476146254,0.08012560029553006,0.960646641412794,0.5480055624679792,0.1831683578380617,0.4176456112629357,0.0
0.4230769230769231,0.5209397344228804,0.75,0.19946363546894988,0.3022929942868329,0.39525957744163104,0.23074754877287645,0.0018758091975818372,0.0,0.02211727183513248,0.2487487637486139,0.2413411711693259,0.6948335061875082,0.77174638487208,0.006013370152786515,0.0,0.0,0.1985093748729003,0.0,0.04047320058203273,0.2164515769304853,0.00040446120711447266,0.0,0.014739378233096788,0.0,0.23348764958968227,0.0,0.2277911286709299,9.054690329590727e-05,0.024625794760602917,0.012788678940568475,0.0,0.0,0.0,0.30339698046181174,0.0,4.0484600670020146e-05,0.0,0.0,0.0,0.3634330304306834,0.003871944624702574,0.35873771360577544,9.490624618680261e-05,0.0002708070048745261,0.018476893572268165,0.0,0.0,0.036451266681517186,0.0,0.7446096715089648,0.10563597166615338,0.09937010327635329,0.043995601477239715,0.15044631720517576,0.0,0.5122033766651687,0.4911115915814564,0.4927945079035421,0.16068632863051013,0.48437913688112255,0.31462745037555717,0.32132889803512527,0.29667834493769124,0.5507963233873416,0.5429050267170172,0.5429050267170172,0.3409090909090909,0.3409090909090909,0.0,0.00014632005072428425,0.42043712070492195,0.5228930286558657,0.5932188016859627,0.5290931713386519,0.17682335887347278,0.3959512492066987,0.0
0.20192307692307693,0.03268641470888662,1.0,0.05347652790079716,0.5255495510347066,0.556955976652417,0.0,0.0018758091975818372,0.0017527832072745813,0.007212953876349361,0.009270636656976455,0.13942199373246214,0.11635938900244681,0.05536454646577005,0.0005544241984838631,0.3095862500252164,0.4235290583570313,0.010788221417822425,0.0016025962058534827,0.022254778847495462,0.012378220009935019,0.049263375026542766,0.0,0.07835356286000628,0.005750657393526823,0.1461507802679584,0.0,0.018420838255060894,0.12494466578131916,0.005761032377001958,0.06814236111111112,0.07022532188841202,0.2818824382287199,0.4235290583570313,0.2092887130631358,7.411721107522897e-05,0.020151209983502526,0.0,0.01802398293239167,0.017154912597950572,0.3417985597079296,0.0012437810945273632,0.33959943605075543,0.001125316919072088,0.341407394034222,0.016631266368341825,0.35121633797176893,0.005792836637891119,0.13482918531418966,0.0,0.7272526501766785,0.06996991305583852,0.0341323896011396,0.005321797584962032,0.1596871983427152,0.38466725713595556,0.4361035747377065,0.5097532550401046,0.4340602284527518,0.15843295535787008,0.48437913688112255,0.31462745037555717,0.32053956530318833,0.2939731251940219,0.49627646360650307,0.48826301298305563,0.48826301298305563,0.3304195804195804,0.3304195804195804,0.0,0.00014632005072428425,0.45732997861909597,0.5567523352155787,0.5140212345942485,0.5174193076191173,0.17463657071857527,0.3839124972477302,0.0
0.5576923076923077,0.9230507320394961,1.0,0.02584637338844602,0.9062092698582784,0.9250811821769155,0.17321669451770721,0.035589401678033664,0.0,0.0,0.2066812519355451,0.2493394506687422,0.15739127808041245,0.08964506016786329,0.04514292416116685,0.5353230719573945,0.0,0.6159047464107048,0.0010416875338047638,0.051236819549921264,0.6446102533429304,0.15157183736614863,0.0,0.008078313070062662,0.0,0.8111618685552524,0.0,0.26304427518227363,0.2867821642722041,0.0274120395102075,0.19911781330749354,0.0011695278969957082,0.7723776153365957,0.0,0.8792285645083159,0.008407009370533115,0.00010121150167505036,0.0,0.0,0.009463532248342375,0.0002708070048745261,0.1553428509625784,0.0002699757021868032,9.490624618680261e-05,0.0002708070048745261,0.00686697049058627,0.0,0.9725586228894216,0.029586278123164778,0.06838176631949378,0.6875899751341448,0.06071876998886546,0.079471599002849,0.045738412382256524,0.10167138472217703,0.0,0.5056564412412546,0.4911115915814564,0.48598707742009917,0.17407082288848066,0.48437913688112255,0.3172262751206873,0.32132889803512527,0.3127943589516165,0.5342515664246874,0.5265973076211515,0.5265973076211515,0.3356643356643357,0.3356643356643357,0.010758631985177451,0.0036254857012794875,0.5562004621730774,0.4939469101271835,0.4761510964093261,0.5123911293273805,0.19792089459515427,0.39767384631325364,0.0
0.7211538461538461,0.1355124276472591,1.0,0.21591132762523374,0.4920432943697743,0.5012023183163433,0.0,0.0018758091975818372,0.6748746494433585,0.0,0.0017482342833737925,0.0,0.0,4.0448983719284053e-05,0.030365386870808503,0.0,0.0,0.0,0.0003906328251767864,0.022254778847495462,0.0,0.6223343478568611,0.0,0.0,0.03021552677496252,0.0,0.0,0.0,0.0,0.09174705925483664,3.0281007751937984e-05,0.6697854077253219,0.0,0.0,0.0,0.18180951876753665,0.3941277086728136,0.0,0.00024172105390379503,0.0,0.0002708070048745261,0.0,0.0002699757021868032,0.7638190273465569,0.0002708070048745261,0.01951828098900872,0.0,0.0,0.07851197829124561,0.0,0.8739939144091088,0.3065314728388334,0.007233796296296296,0.9734843769451014,0.0,0.0,0.45350288786431203,0.4858381365719378,0.4317583939079266,0.15547370612030662,0.48437913688112255,0.31376374600922313,0.32132889803512527,0.29057607876180763,0.4955698473598499,0.48846978419614967,0.48846978419614967,0.23251748251748253,0.23251748251748253,0.0,0.00014632005072428425,0.4782951428633134,0.5260963639242175,0.1147841860961426,0.5195345092585816,0.24072064609650032,0.43744900205934545,1.0
0.5384615384615384,0.4821246169560776,0.75,0.006458517862415116,0.5120471065822485,0.523851118053272,0.009764641929573778,0.005168669908554301,0.0,0.00039254170755642783,0.014984865286061078,0.0,0.0002920060817818412,0.005632520982910305,0.003955603416106023,0.009622561578342176,0.06695838506829015,0.030880139911335258,3.00486788597528e-05,0.025713089756622613,0.034336634867854134,0.026067524798527763,0.0,0.00035431197675713427,0.00041778280209382913,0.061665184821820936,0.0,0.00012219461529061954,0.0038733953076582556,0.0029643130230755533,0.00048449612403100775,4.291845493562232e-05,0.006574840411607162,0.06695838506829015,0.1096399160342322,0.0,0.00023278645385261583,0.0,0.0,0.0,0.03626807887504765,0.0,0.03615674589286964,0.0005694374771208156,0.03661912499247759,0.005804961540840946,0.03648012814095505,0.0,0.029586278123164778,0.0,0.6959494830519566,0.009736798464855131,0.009403935185185185,0.0030914145815179052,0.008275577826223712,0.019666653246910103,0.46288497922180244,0.4911115915814564,0.44151378793123336,0.1607768255490901,0.48437913688112255,0.31465829696006914,0.32132889803512527,0.2968025189587121,0.5016423307295261,0.49445526668045137,0.49445526668045137,0.36713286713286714,0.36713286713286714,0.001617377596249322,0.000585280202897137,0.4882674988661642,0.5179481766847854,0.5221362642053033,0.5166727658640122,0.17362600952578175,0.3824618891579997,0.0
0.5576923076923077,0.24582907728975145,0.25,0.0385173703375652,0.8184408050980614,0.8428354159815851,0.20646681028408062,0.018758091975818368,0.000148720999405116,0.025024533856722275,0.24370385910230666,0.218954181430883,0.03301682559181578,0.1526949135402973,0.014447015172031433,0.4146577636117892,0.0,0.23377191198600886,0.00539874596846892,0.038220813649863454,0.255745582465709,0.5698150601130468,0.0,0.03728374315418644,0.003170234204123762,0.8739920900144097,0.0,0.05566983014948475,0.10178478007163266,0.0036765861169594316,0.2824915213178294,0.028508583690987126,0.46820314545198255,0.0,0.624121992572259,0.04431150404997618,0.004149671568677064,0.0,0.03764542674275625,0.015708257986739,0.5152354014964594,0.03751892710361237,0.4789668929796318,0.024323115094160554,0.4983751579707528,0.052254964634070894,0.5424767243968365,0.24031526201524864,0.029586278123164778,0.0,0.6961948697814423,0.05889460093340598,0.072605056980057,0.029679654757458814,0.1308582522587013,0.4935081927613833,0.4821041184662417,0.4911115915814564,0.46149763470635735,0.1650392304142044,0.49039581678580885,0.3150824374971081,0.32189270712936596,0.2937691250166305,0.5226586436280328,0.5151704774238484,0.5151704774238484,0.3356643356643357,0.3356643356643357,0.010451534973231378,0.002845112097416638,0.524998380234542,0.45753865639347724,0.5472069572640452,0.517455902803191,0.17342721060260924,0.3829993912626766,0.0
0.5384615384615384,0.6646237657473613,0.75,0.008611357149886822,0.49887436699242194,0.5116121341663926,0.0,0.0018758091975818372,0.0,0.0,0.0017482342833737925,0.0,0.0,4.0448983719284053e-05,3.19860114509921e-05,3.025962760484961e-05,0.020316818200024032,0.00987310367267255,0.0,0.022254778847495462,0.009843776928457742,0.00896892726776343,0.0,0.0009313343389044673,0.0,0.01992825827022718,0.0,0.0,0.0,0.0010369858278603526,3.0281007751937984e-05,0.0005901287553648069,0.0007954247971163334,0.020316818200024032,0.0,0.0,0.0,0.0,0.0,0.0024110910186859553,0.0002708070048745261,0.0,0.0002699757021868032,9.490624618680261e-05,0.0002708070048745261,0.005794650774338565,0.00020022024226649317,0.0,0.029586278123164778,0.0,0.6959494830519566,0.0015043472080737248,0.007233796296296296,0.0,0.0001084610462152518,0.00013084262651475502,0.45354172561682676,0.4911115915814564,0.43179877697011654,0.1554918055040226,0.48437913688112255,0.31462745037555717,0.32132889803512527,0.2915872100758348,0.4955974495569847,0.48849699093471466,0.48849699093471466,0.3304195804195804,0.3304195804195804,0.0,0.00014632005072428425,0.47821955380860853,0.5261755237743416,0.5237688737128527,0.5166947229744565,0.17220128390971218,0.3813674571617299,0.0
0.15384615384615385,0.581886278515492,1.0,0.011170160417281763,0.5500095305311855,0.5636817658664912,0.00825464575489742,0.008074135241765298,0.0,0.0025637880274779192,0.018101717265561784,0.043227577166499394,0.027388156636089938,0.0032864799271918295,0.004062223454275997,0.07709144459462186,0.21469339528177195,0.07833407898482939,0.00023037320459143814,0.030626482489186545,0.08685029551606331,0.032680465534849386,0.0,0.0016703278904264902,0.0,0.12226752920256308,0.0,0.055007942649993896,0.022314781278924705,0.002472006619949932,0.007731750645994832,0.010010729613733905,0.09541070098068831,0.21469339528177195,0.060905457774907155,0.0,0.003167920002429076,0.0,0.0005885382182005444,0.004074743821579264,0.3645062285611121,0.013703223015357991,0.3507284344409003,0.011822606667841696,0.3604742131552025,0.007681521044274431,0.36155771348483334,0.20497175606292894,0.029586278123164778,0.0,0.6958349692448633,0.02852337068536637,0.01584757834757835,0.010768081663139549,0.12051106844976626,0.35340593421635336,0.45906778297463896,0.4911115915814564,0.4375447098188531,0.15750083709649687,0.48437913688112255,0.3166170550765766,0.3214839455360415,0.295942170384496,0.49838527146760886,0.49124487152978047,0.49124487152978047,0.3409090909090909,0.3409090909090909,0.0009315276029030904,0.0004389601521728528,0.4873874263006717,0.5216370257005646,0.51960198474097,0.5171192271097124,0.17285566369848832,0.38225465943089537,0.0
0.6346153846153846,0.7092271024855294,0.0,0.015008365318374175,0.5143859504515411,0.5297496711608024,0.0006945982403511244,0.0018758091975818372,0.000148720999405116,0.0,0.002567406919011798,0.009636851483931752,0.004138431021115061,0.006967337445646678,0.0008636223091767868,0.021353210546488876,0.07766251451916531,0.007463293610444543,0.0,0.022254778847495462,0.007441124887217283,0.0230644003357028,0.0004117119953500763,0.006347245983620663,0.0,0.03738336859102104,0.0,0.010590199991853693,0.018914242021811745,0.004116519498475945,0.008559431524547802,0.0001609442060085837,0.041261402766870056,0.07766251451916531,0.004834086872275149,0.0,0.0,0.0,0.0,0.0030138637733574444,0.062054923672544185,0.0011248107289638762,0.06082452579267866,9.490624618680261e-05,0.06101181520932379,0.006774173592064834,0.06177795575132646,0.04669252693206022,0.029586278123164778,0.004415252292324674,0.6939209527548751,0.004986851768496363,0.007968304843304843,0.0012967343043279803,0.008459961604789639,0.0600064414831515,0.4546624721893951,0.4911115915814564,0.4329641167647398,0.15600763793992817,0.48437913688112255,0.314696855190709,0.321089279170073,0.2920129495764779,0.49644759722873943,0.48934584117794294,0.48934584117794294,0.3339160839160839,0.3339160839160839,0.0,0.00014632005072428425,0.4811621277239056,0.5218481186342288,0.5257429440324388,0.5173973505086731,0.1738413750258853,0.3832713802795011,0.0
0.15384615384615385,0.1780728634661219,0.25,0.009632418069087689,0.529387521701277,0.5424716376192041,0.005989651492882885,0.002344761496977297,0.003378091272201921,0.0005520117762512266,0.011778104114844007,0.004987403477869037,0.005759568233765972,0.009171807058347657,0.016216907805652995,0.03514151419176535,0.12535546921936958,0.020427461666734453,0.0,0.027397396798819987,0.02559787512292049,0.013994357766160752,0.0,0.0028243726147211563,0.0,0.04279976699267254,0.0,0.02434727709665594,0.005261781158195501,0.05002671024102064,0.007257348191214471,0.0,0.08388207575666043,0.12535546921936958,0.027046665590182466,0.0,0.005435057639950204,0.0,0.0,0.0,0.2401857535455658,0.0037205277958035905,0.23600875921167094,9.490624618680261e-05,0.23673547170568293,0.0072794011506815415,0.23766142757032738,0.08820957104199036,0.029586278123164778,0.03302696145397318,0.6951478864023034,0.021570206818127977,0.010138443732193731,0.003029171334910162,0.015542467922645582,0.1527537340472644,0.501012555690563,0.4911115915814564,0.4811584169839621,0.18141917267717036,0.48437913688112255,0.3145349106220214,0.32132889803512527,0.31688323207237573,0.5270805156090426,0.5195289969419625,0.5195289969419625,0.458041958041958,0.458041958041958,0.009622373040976979,0.002617503129623307,0.5070999719240654,0.5259011029605783,0.5192071706770528,0.5492132035424138,0.17361772623731622,0.4112473934385888,0.0
0.5384615384615384,0.3316309159005788,0.0,0.004933077453006593,0.48995172914745533,0.5011766277540283,0.00018119954096116288,0.0018758091975818372,0.0,0.0,0.0019280526668065253,0.0,0.0006847039159022485,4.0448983719284053e-05,0.0,0.0006858848923765912,0.0008110706132094366,4.067189978443893e-05,0.0,0.022254778847495462,4.0551089303636424e-05,0.0,0.0,0.0007187471528501867,0.0,0.0007766910915575722,0.0,0.0,0.0,0.0008379683457457395,3.0281007751937984e-05,0.0,5.034334158964136e-05,0.0008110706132094366,0.0,0.0,0.0,0.0,0.0,0.0,0.0002708070048745261,0.0,0.0002699757021868032,9.490624618680261e-05,0.0002708070048745261,0.005609056977295692,2.0022024226649315e-05,0.0,0.029586278123164778,0.0,0.6959494830519566,0.0014806567008599654,0.007233796296296296,0.0,1.0846104621525179e-05,1.0064817424211925e-05,0.45350288786431203,0.4911115915814564,0.4317583939079266,0.15547370612030662,0.48437913688112255,0.31462745037555717,0.32132889803512527,0.2915694709299747,0.4955698473598499,0.48846978419614967,0.48846978419614967,0.3304195804195804,0.3304195804195804,0.0,0.00014632005072428425,0.4783383366088591,0.5260963639242175,0.5237315264365362,0.5167020420112712,0.17203561814040175,0.3812444145112616,0.0
0.5,0.8294177732379979,1.0,0.0055850802086408816,0.49504154796433003,0.5065254028280172,0.0,0.0025486538010622787,0.0,0.0,0.00240756835596048,0.001106036089547959,0.001067332574788799,0.002952775811507736,0.0008636223091767868,0.005890540840410724,0.016882284615692713,0.0064770000406719,0.0,0.022254778847495462,0.0064577609716041,0.0005460226296045381,0.0,0.0005972687608191692,4.9150917893391654e-05,0.007705593197821177,0.0,0.005875524418557289,0.0015191758219646665,0.0025453288502026833,0.0003835594315245478,0.0,0.00938399887230915,0.016882284615692713,0.00023211690618440175,0.0,1.0121150167505037e-05,0.0,0.0,0.0,0.011674790876812901,0.0006489292667099286,0.011049005589496943,0.00012202231652588907,0.011093057310786142,0.005743096941826655,0.0109620582640905,0.005978042782619432,0.029586278123164778,0.0,0.6946489333856826,0.003506195067636398,0.007367343304843305,0.0010477613178970081,0.0030152170847839994,0.009893715528000323,0.45412429190454795,0.4911115915814564,0.4324045229029652,0.15598048886435417,0.48437913688112255,0.31442694757622963,0.3214980407633975,0.2919419929930374,0.49596179855916533,0.48881258910206876,0.48881258910206876,0.3321678321678322,0.3321678321678322,0.0003480432802055503,0.00026012453462094976,0.4781925577176425,0.5261069185709008,0.523480766152697,0.5161750713606089,0.17399047421826466,0.38229999093369943,0.0
0.21153846153846154,0.6200204290091931,0.75,0.01753026276941246,0.5052263372365581,0.5216725583689577,0.006412450421792265,0.0018758091975818372,0.0,0.00040480863591756626,0.00844147411114774,0.012197120209737214,0.0011881626775950781,0.014571746384872079,0.004701943683295839,0.03214581105888524,0.07850362478471583,0.0061007849676658395,0.004517318055249504,0.022404273555382805,0.010806865299419106,0.028747080295661143,0.001114044222711971,0.0011337983256228298,0.01703079305006021,0.05572758581925581,0.0,0.0,0.013934162340536842,0.001749258921744231,0.0039062499999999996,0.005643776824034334,0.024033911274894786,0.07850362478471583,0.01840787986436299,0.0,0.006295355404188132,0.0,0.0,0.0072212176009644365,0.0743315078935227,0.0,0.07410333070023697,9.490624618680261e-05,0.0743315078935227,0.006485472129998144,0.0747922714986485,0.0,0.029586278123164778,0.00332236806155124,0.6959494830519566,0.0512307218497548,0.00976006054131054,0.0029150587161293,0.0180045336717318,0.06715246185434197,0.4579359399013521,0.4911115915814564,0.43636783200646123,0.15692165681758538,0.48454461212602595,0.31490506963616455,0.3222591830406224,0.2936804292873298,0.49866681387838474,0.49152238026314354,0.49152238026314354,0.3374125874125874,0.3374125874125874,0.0,0.00014632005072428425,0.48033604734034513,0.5233679877566099,0.5247399028970816,0.5170021225206762,0.1724083661213502,0.3818078203318266,0.0
0.2403846153846154,0.5921007831120191,0.0,0.008746678476527901,0.5012595756080221,0.5140475994738573,0.0,0.0018961984279903354,0.0003186878558681057,0.0,0.002077901319667136,0.0,0.0,4.0448983719284053e-05,0.001833864656523547,0.0017449718585463275,0.02708575319421637,0.00014235164924553627,0.0,0.022254778847495462,0.00014192881256272749,0.0,0.0,0.0016703278904264902,1.2287729473347913e-05,0.0018497511522621128,0.008862764907124654,0.009225693454441776,4.024306813151435e-05,0.0010265112235385307,0.008307089793281652,0.0,0.025423387502768884,0.02708575319421637,3.0276118197965443e-05,0.0,0.0,0.0,0.0,0.0,0.010621652524523078,0.0,0.01058904698577128,9.490624618680261e-05,0.010621652524523078,0.00640298599797909,0.011122234457903694,0.000637932276286411,0.029586278123164778,0.0,0.7018960214631593,0.0018123238018525976,0.007233796296296296,2.0747748869247687e-05,0.00023861430167355395,0.00847457627118644,0.4549953672109501,0.4911168650364659,0.4333160263066805,0.1559533397887802,0.48437913688112255,0.31462745037555717,0.32132889803512527,0.29203955829526806,0.49676778271550415,0.489650556649871,0.489650556649871,0.3356643356643357,0.3356643356643357,0.0,0.00014632005072428425,0.4806492019955511,0.5220222703045015,0.5237688737128527,0.5142355266046987,0.17497618554566163,0.38136098123275786,0.0
0.38461538461538464,0.964930200885257,0.75,0.0775022143489814,0.4959018715902593,0.5374208730680697,0.0,0.0,0.0,0.00011040235525024532,0.0,0.05322286627204391,0.008780320803922952,0.004874102538173729,0.002942713053491273,0.06883056625849791,0.13716105258941802,0.014214828974661406,0.0,0.022254778847495462,0.01417260571162093,0.0,0.0,1.0123199335918124e-05,0.0,0.01430746747606054,0.0,0.0,0.07692462473338967,0.0008065445327802742,0.04627947351421189,0.0007188841201716739,0.12382448297388189,0.13716105258941802,0.0,0.0,0.0,0.0,0.0,0.002652200120554551,0.06968766925437804,0.0,0.06947374736273734,9.490624618680261e-05,0.06968766925437804,0.0056193677437980745,0.06931624787265993,0.0004012799802446779,0.06145076041392438,0.0,0.6983297343279675,0.0019070858307076353,0.011396011396011397,0.0024171127432673556,0.03901343832362607,0.07768026088006764,0.4490975770790681,0.4911115915814564,0.42717780085381324,0.15547370612030662,0.48437913688112255,0.31250674769036196,0.32132889803512527,0.28913033837420726,0.49270473929724806,0.48564572473310186,0.48564572473310186,0.3304195804195804,0.3304195804195804,0.0,0.00014632005072428425,0.4746020776191608,0.526091086600876,0.5274289067918689,0.5166947229744565,0.17201905156347072,0.3812249867243456,0.0
0.6057692307692307,0.3411644535240041,0.5,0.024124101958468654,0.4697366997573578,0.4890352680039461,0.01335843282530351,0.0018758091975818372,0.0,0.002453385672227674,0.01700282714458397,0.003041599246256887,0.004208915247752056,0.035453534229952476,0.002281668816837437,0.044703556514897824,0.035957463852285015,0.019197136698255172,6.00973577195056e-05,0.022254778847495462,0.019200940785271847,0.0,0.0,0.0010021967342558943,0.0,0.020367701914134756,0.0,0.010773491914789622,0.0038532737735924986,0.0007960699284584524,0.0016048934108527132,0.0,0.016089731972049378,0.035957463852285015,0.010939770708864847,0.0,0.0,0.0,0.006022007125516285,0.0,0.033539949048163535,0.003969284014709063,0.029767320941115297,0.015429044022940196,0.041192754408136245,0.00946528364918648,0.044609069976974676,0.014240294683554724,0.029586278123164778,0.0,0.6924486323779611,0.022198005259292598,0.00841346153846154,0.0017428109050168054,0.014989316586947798,0.043882603969564,0.4540355198988,0.4911115915814564,0.4323122187608169,0.15547370612030662,0.48437913688112255,0.31462745037555717,0.32132889803512527,0.2915694709299747,0.4960998095448398,0.48898671222888485,0.48898671222888485,0.3304195804195804,0.3304195804195804,0.0,0.00014632005072428425,0.48062220590458504,0.5248456382922582,0.5225524195699728,0.5164531947595695,0.1722924000828329,0.3812185107953736,0.0
0.028846153846153848,0.7565543071161048,0.25,0.0006397008168487353,0.49506215451824453,0.5044804340677409,0.0,0.0018758091975818372,0.0,0.0,0.0017482342833737925,0.0,8.055340187085276e-05,0.002275255334209728,1.0662003816997368e-05,0.00231990478303847,0.00869147274402211,6.100784967665839e-05,0.0,0.022254778847495462,6.082663395545463e-05,0.00030334590533585446,0.0,0.0,0.0,0.00036790630652727105,0.0,0.0,6.0364602197271514e-05,0.005258251369554514,0.004017280361757106,3.2188841201716734e-05,0.008377132040516322,0.00869147274402211,0.0015743581462942032,0.0,0.0,0.0,0.0,1.2055455093429777e-05,0.0005014944534713446,0.0,0.0004999550040496355,9.490624618680261e-05,0.0005014944534713446,0.006413296764481471,0.0010311342476724398,0.0,0.02980903586399627,0.0,0.6959494830519566,0.0016109544905356424,0.007233796296296296,0.0,0.0004338441848610072,0.0007447964893916825,0.4536637871247302,0.4911115915814564,0.4319256951655705,0.15547370612030662,0.48437913688112255,0.31462745037555717,0.32132889803512527,0.2915694709299747,0.49572994010323224,0.4886275832798267,0.4886275832798267,0.3321678321678322,0.3321678321678322,0.0,0.00014632005072428425,0.4780251819536531,0.5264657765581297,0.5237688737128527,0.5168411037107516,0.17537378339200663,0.3839772565374503,0.0
0.4423076923076923,0.7528089887640449,0.0,0.04127300462552898,0.6209012276354494,0.6477053189740217,0.5118987698564497,0.0018758091975818372,0.0,0.0007482826300294406,0.5103545419126683,0.0980480511234459,0.12179674362872936,0.06046111841439984,0.0027721209924193154,0.28146496943777616,0.0,0.849341115223492,0.0,0.02726783471865096,0.8519175596354458,9.100377160075633e-05,0.07560969702840813,0.030946620369901704,0.022117913052026244,0.9404298372014595,0.0,0.05925420553134292,0.03259688518652662,0.0036137384910285013,0.055595930232558134,0.005085836909871245,0.1541412432791639,0.0,0.13809946714031973,0.018021070464291387,0.002246895337186118,0.0,0.0004939517188468854,0.0054249547920434,0.04098212673767829,0.0030283365779796667,0.038056574908258256,0.0020608213457705706,0.039628091713305655,0.006165838368424309,0.039843828211032134,0.01957011595962506,0.038526963811992464,0.0011912438115430433,0.6952133228634996,0.007415128757906706,0.00981570512820513,0.0023341217477903646,0.00940357270686233,0.046590039856677,0.4499020733811593,0.4911115915814564,0.428014307142033,0.15547370612030662,0.48437913688112255,0.2897034100899178,0.32132889803512527,0.26290301122000975,0.5098291423997351,0.5023778689505817,0.4534275049244197,0.291958041958042,0.291958041958042,0.0,0.00014632005072428425,0.46414379197892147,0.5004380178373529,0.5593288160913408,0.5107150698968016,0.18099813626009525,0.38296053568884464,0.0
0.47115384615384615,0.7790262172284644,0.5,0.01856362562739888,0.913148526888977,0.9289604570864847,0.31424027059131454,0.034182544779847286,0.08306067816775728,0.00278459273797841,0.42563011358527886,0.3696618397066956,0.33134634942051894,0.33378501365153207,0.22810290966084165,0.0,0.0,0.33496359864969294,0.0008313467817864941,0.022254778847495462,0.3348100688354741,0.5444553424269695,0.0,0.042193494832106736,0.1867243370769949,0.0,0.0,0.10405889780457007,0.740965431204475,0.023578334328420745,0.5575641957364341,0.016813304721030042,0.0,0.0,0.0,0.004425856318492244,0.0076617106768013124,0.0024336630554247134,0.0,0.006329113924050633,0.0002708070048745261,0.0,0.0002699757021868032,9.490624618680261e-05,0.0002708070048745261,0.016260078774256077,0.0,0.27614236178991447,0.029586278123164778,0.0,0.6959494830519566,0.052190187391912064,0.10112847222222224,0.03300966845097307,0.10061931257388908,0.0,0.48118865715696557,0.5232480264094627,0.4957020883812161,0.18130152668301644,0.48437913688112255,0.32098184678501473,0.3213148028077693,0.3241828905938179,0.5364597421954788,0.5287738467063522,0.5287738467063522,0.33916083916083917,0.33916083916083917,0.009274329760771428,0.0025362142125542604,0.5138273977927996,0.35078368251622777,0.6401056394387238,0.48131449901192996,0.21734520604680058,0.38535662940848864,0.0
0.3076923076923077,0.2914538644875724,0.75,0.11296870386772956,0.4920432943697743,0.5012023183163433,0.0,0.47286703163389093,0.015573213223421433,0.051901373895976446,0.0017482342833737925,0.13022550846936895,0.45451250088105283,0.48743047830923253,0.4970519559446002,0.0,0.0,0.0,0.0020833750676095275,0.022254778847495462,0.0,0.0,0.0,0.4844963202170414,0.0,0.0,0.0,0.0,0.6175198197110547,0.028333804690527816,0.5566860465116279,0.03902360515021459,0.0,0.0,0.8142459228160828,0.18628831595108264,0.014554213940872241,0.009326424870466322,0.007104497062563714,0.035599758890898135,0.0002708070048745261,0.5370646766169154,0.0002699757021868032,0.0880729964613528,0.0002708070048745261,0.40233641968943973,0.0,0.0,0.036471517385229135,0.28681653752418007,0.6992622039000131,0.4501788633294639,0.05344106125356126,0.22782065645877422,0.3392661525613076,0.0,1.0,0.4911115915814564,1.0,0.30616012524773534,0.5945922689965581,0.4056942795009023,0.2803258816564711,0.3705086700075391,0.9901956995776864,0.9760090979333761,0.9760090979333761,0.5017482517482518,0.5017482517482518,0.19740195927893622,0.012307142044253686,0.511921473770598,0.6429837986173412,0.37771968201461875,0.5240357168996559,0.18547939531994204,0.3982437280627906,0.0
0.2980769230769231,0.8879809329247531,0.75,0.08205393169963586,0.6883052654896891,0.7312201989477146,0.01665022448609797,0.0018758091975818372,0.0005736381405625903,0.007041216879293425,0.024545209338568047,0.5600946275321057,0.08047284846898191,0.19973708160582465,0.022283587977524496,0.852524661596498,0.0,0.09366738520356287,0.0019331316733107633,0.023839422751101277,0.09695765452499468,0.0030637936438921297,0.016177859581991232,0.011995991213062976,0.0,0.11977394201387825,0.0,0.0,0.0028773793714032755,0.07709308780860802,0.00864018087855297,0.0025321888412017167,0.0,0.0,0.010869126433069594,0.0,0.000840055463902918,0.0,0.0,0.05883062085593731,0.0002708070048745261,0.0,0.0002699757021868032,0.009043209458085334,0.0002708070048745261,0.01241416286886767,0.0,0.0,0.2298454871306778,0.0,0.6216709200366444,0.07422235910070835,0.058816328347578356,0.010363500560189219,0.12402520634714041,0.0,0.4995478175957212,0.4911115915814564,0.47963539863851384,0.18209789956651978,0.48437913688112255,0.31348612674861576,0.32132889803512527,0.3163510576965719,0.5259653868447929,0.5184298447039362,0.5184298447039362,0.34440559440559443,0.34440559440559443,0.015365087164368558,0.0042920548212456704,0.4831598384553917,0.49665417700142483,0.5494051112415301,0.5176242406499304,0.1805756885483537,0.38873706433187843,0.0
0.20192307692307693,0.7711950970377937,0.25,0.03199734278122232,0.6885937572444916,0.7106009536336731,0.0,0.0018758091975818372,0.0,0.0019504416094210009,0.0033366300036962665,0.0,0.03469837785586983,0.007766204874102538,0.03509931656555533,0.07566924209719392,0.4849200945247727,0.06376337088705414,0.0,0.02226474516135462,0.06358410802810191,0.07698919077423987,0.020149669419486087,0.05728718504196066,0.0018431594210021871,0.2097781320579248,0.1632378940601107,0.00131359211437416,0.08109984305203428,0.026521698142852653,0.01840075904392765,0.013025751072961373,0.2809259147385167,0.4849200945247727,0.048926207007912156,0.0,0.0,0.0,0.0,0.006847498493068113,0.38952077190026274,0.0,0.38832505074543283,9.490624618680261e-05,0.38952077190026274,0.029767182892376218,0.4119831814996496,0.0,0.029586278123164778,0.0,0.6956713780918728,0.2889412712326171,0.007233796296296296,0.01822689738163409,0.09345003741906094,0.3483030717822779,0.48983283121667587,0.4829377363167026,0.46059190031152647,0.16639668419290324,0.48437913688112255,0.31462745037555717,0.32132889803512527,0.30227504545656125,0.516497833227525,0.5090979333761385,0.5090979333761385,0.35664335664335667,0.3548951048951049,0.018579369222737462,0.004926108374384236,0.5063764766861759,0.512939996833606,0.5078909459531559,0.514703944960843,0.18364050528059642,0.38854926239169013,0.0
0.9230769230769231,0.32209737827715357,1.0,0.004367188268871174,0.49066265525750463,0.5016493341006248,0.0,0.0018758091975818372,7.4360499702558e-05,2.453385672227674e-05,0.001838143475090159,0.0,0.0,0.0001516836889473152,1.0662003816997368e-05,0.00012103851041939844,0.0010914407017262788,0.0006609183714971327,0.0,0.022254778847495462,0.0006589552011840919,0.0,0.0,0.0,0.0,0.0006642752756742394,0.0,0.0,0.0004326129824137792,0.0007960699284584524,3.0281007751937984e-05,0.0,0.00044302140598884393,0.0010914407017262788,0.0009587437429355724,0.0,0.0,0.0,0.0,0.0,0.0002708070048745261,0.0,0.0002699757021868032,9.490624618680261e-05,0.0002708070048745261,0.00559874621079331,1.0011012113324657e-05,0.0,0.029586278123164778,0.0,0.6959494830519566,0.0015043472080737248,0.007233796296296296,1.0373874434623843e-05,7.592273235067626e-05,0.00010064817424211926,0.453458501861438,0.4911115915814564,0.43171224183685236,0.15547370612030662,0.48437913688112255,0.31462745037555717,0.32132889803512527,0.2915694709299747,0.49552016340500704,0.48842081206673266,0.48842081206673266,0.3304195804195804,0.3304195804195804,0.0,0.00014632005072428425,0.4782627475541542,0.5260435906908015,0.5238062209891693,0.5166288516431237,0.17208531787119485,0.3812185107953736,0.0
0.5961538461538461,0.6244467143343548,0.0,0.003948922350162386,0.5051233044669857,0.5158973199605393,0.0,0.003027800715661987,0.0002655732132234214,0.00023307163886162905,0.0033066602731241447,0.002263277553612027,0.00280929989024599,0.0004146020831226615,0.0011408344084187184,0.006485646849972766,0.036638362638683065,0.011530483588888437,0.0,0.02237437461380534,0.011617887085491834,0.013741569511714208,0.0,0.0,0.0,0.025600147162522614,0.0003214474318646248,0.004969247688485194,0.005955974083464123,0.0009112905759984916,0.0003633720930232558,0.0,0.011619243238889224,0.036638362638683065,0.001957855643468432,0.0,0.00024290760402012084,0.0,0.0,0.00028933092224231466,0.0312932538966119,0.001708847069002812,0.02961733443990041,0.0006914597936467047,0.030149846542697235,0.006619512094529107,0.03082390629692662,0.013242239348074369,0.029586278123164778,0.004677544507710299,0.6956141211883262,0.006254293904432494,0.007734597578347579,0.0016183244118013196,0.003459907374266532,0.02612826603325416,0.4561826927878294,0.4911115915814564,0.4345448251990308,0.15652347037583372,0.48437913688112255,0.31460431543717327,0.32132889803512527,0.2925717326710719,0.4976124099478319,0.4904830828499603,0.4904830828499603,0.3513986013986014,0.3513986013986014,0.0006551402921516241,0.00030889788486237785,0.4790618318467486,0.5259380442239696,0.5232139998932935,0.5167459562321598,0.17204390142886727,0.38128974601406573,0.0
0.6346153846153846,0.16683690840994211,1.0,0.01615244562543057,0.5435236176866052,0.5592989559355475,0.0,0.0018758091975818372,0.000520523497917906,0.0025269872423945043,0.004295661382004176,0.0,0.020470633250430456,0.010365052078066539,0.004957831774903776,0.03550462972302355,0.15101934553610766,0.015343474193679586,0.0009515414972255053,0.022354441986087027,0.016352226761691385,0.0,0.0027851105567799276,0.0036645981596023607,0.003329974687277285,0.024138741556039286,0.0,0.028002932670766974,0.060988369753309984,0.033832971959484225,0.0026546350129198963,0.005300429184549356,0.12808352967236553,0.15101934553610766,0.02714758598417568,0.0,0.0007894497130653928,0.0,0.00019968260974661327,0.004267631103074141,0.2745080339411446,0.0263681592039801,0.24928756411922925,0.004040294480523882,0.2529838919981545,0.00957870208071268,0.25611172289518475,0.17699533897869102,0.029586278123164778,0.0,0.6996466431095407,0.02559759304446708,0.007233796296296296,0.003578986679945226,0.04839531882124535,0.24654776762349534,0.4595338360048159,0.4911115915814564,0.43802930656513206,0.15972706129356296,0.48437913688112255,0.3139488255162947,0.32132889803512527,0.2949576477892589,0.4994617571558696,0.49230593433381575,0.49230593433381575,0.33916083916083917,0.33916083916083917,0.0020166037117792177,0.0007966313872766587,0.48688529900870353,0.524608158741886,0.5225417489195966,0.5245919636975773,0.18919859184096086,0.4016435907730964,0.0
0.5480769230769231,0.41436840313244805,0.0,0.014110323787028837,0.7182981047122037,0.7327513564616903,0.0,0.017901744298661447,0.0,0.0007114818449460254,0.018031787894226832,0.0027446080740634537,0.08139921259049672,0.03311760542016382,0.00558689000010662,0.12252123217203607,0.5891977410181439,0.06600032537519827,0.0006710871612011459,0.0241284458530168,0.06837927433825691,0.06301505606843484,0.0,0.09040017006974883,0.0,0.2238812071414702,0.12728170275296766,0.010549468453423486,0.19340818544005794,0.0010265112235385307,0.05496002906976744,0.0013304721030042918,0.37188626432268074,0.5891977410181439,0.28991401582431775,0.004235269204298798,0.795046709108023,0.0,0.0,0.0027124773960217,0.0002708070048745261,0.0,0.0002699757021868032,9.490624618680261e-05,0.0002708070048745261,0.016858103231394223,0.0,0.0,0.029586278123164778,0.922700298357395,0.6959494830519566,0.0502357205467769,0.007512019230769231,0.011504626747997841,0.017961149253245694,0.919260034622972,0.5368320600098759,0.4911115915814564,0.518403138340833,0.20136469353218525,0.48437913688112255,0.3136018014405355,0.32130070758041324,0.33534081333983773,0.5512379585414999,0.5433403345340574,0.5433403345340574,0.40734265734265734,0.40734265734265734,0.0011772052124599493,0.00045521793558666213,0.5260512277822172,0.4894875719035305,0.5131088939870885,0.5160433286979433,0.172930213294678,0.38136098123275786,0.0
0.20192307692307693,0.5028941096356827,0.0,0.01658301348292491,0.6797020292303966,0.6952893784939165,0.000412732287744871,0.0018758091975818372,0.0005099005693889691,0.03229882237487733,0.028940769822479295,0.0,0.0027488848388428503,0.040155728587319243,0.007154204561205233,0.049535010389138816,0.45468017783474185,0.08996624232317892,0.018670245798193073,0.02236440829994618,0.10870733265072334,0.15480752702306438,0.0431328861010874,0.04325643076237814,1.2287729473347913e-05,0.3279373741709333,0.07098248111496339,0.0,0.03881443921284559,0.019440865621301155,0.006560885012919897,0.009120171673819743,0.13410459332648664,0.45468017783474185,0.4789177296948167,0.01687754777913071,0.1479206096980861,0.0,0.03649987913947304,0.01303194695599759,0.36067481093659104,0.0,0.3595676389124978,0.006873923830958417,0.36568975547130445,0.056008083640937865,0.41368505355891483,0.0,0.029586278123164778,0.0,0.6959494830519566,0.3566605861031485,0.007333956552706553,0.028144321341134485,0.09949131769325047,0.42151455372599544,0.45041251241421015,0.4911115915814564,0.42854505595938613,0.159699912217989,0.48437913688112255,0.3157225041257307,0.30676852817635947,0.28780877200762783,0.4948356289160617,0.48774608495032046,0.48774608495032046,0.32867132867132864,0.32867132867132864,0.0,0.00014632005072428425,0.4782951428633134,0.5260963639242175,0.5237688737128527,0.5166947229744565,0.17200248498653967,0.3812120348664016,0.0
0.6153846153846154,0.8348655090228124,0.75,0.008709772660171243,0.49777706799647625,0.5105588211114765,0.0017314622802955565,0.0028035191811685064,0.0,0.0,0.0043855705737205425,0.007783216926448599,0.0044908521543000415,0.002062898169683487,0.0020897527481314837,0.016158641140989694,0.0369187327271999,0.009242689226013746,0.0,0.022254778847495462,0.009215235044251376,0.0006976955822724652,0.0,0.0,0.0,0.009994787993990863,0.0,0.01381817441244756,0.005935852549398366,0.0023148875551226053,0.006247981266149871,0.0,0.027276022473267686,0.0369187327271999,0.0,0.0,0.0,0.0,0.0,0.0,0.03673948366131071,0.00043261951113995244,0.03622673959343659,9.490624618680261e-05,0.036338288098533636,0.0059286907388695275,0.03632996295925518,0.007408245789132515,0.048024543852898886,0.0,0.6925140688391572,0.005448816659164672,0.00841346153846154,0.0005601892194696875,0.010108569507261467,0.03568984258625549,0.45395784439377046,0.4911115915814564,0.43223145263643703,0.15569089872489844,0.48437913688112255,0.314696855190709,0.32132889803512527,0.2918621668366668,0.4958458693311988,0.4887418515817997,0.4887418515817997,0.3321678321678322,0.3321678321678322,0.0,0.00014632005072428425,0.47772282573483366,0.5257269512903054,0.5236354905831511,0.5152235965746907,0.1748767860840754,0.38215752049631524,0.0
0.9711538461538461,0.20326864147088866,0.75,0.007245841944690483,0.48837017613451955,0.500811821769155,0.0,0.0018758091975818372,0.0,9.813542688910696e-05,0.0018281535648994515,0.0,0.0018930049439650398,0.00011123470522803116,0.0,0.0019567892517802746,0.0017122601834421436,6.100784967665839e-05,0.0,0.022254778847495462,6.082663395545463e-05,1.0111530177861816e-05,0.0,0.0,0.0002580423189403062,0.00028614934952121083,0.0,0.0,0.0,0.001424546187767757,0.0008478682170542637,0.0,0.0014297509011458145,0.0017122601834421436,0.0,0.0,0.0,0.0,0.0,0.0,0.0002708070048745261,0.0,0.0002699757021868032,9.490624618680261e-05,0.0002708070048745261,0.006196770667931454,0.0005906497146861547,0.0,0.029586278123164778,0.0,0.6959494830519566,0.0018241690554594773,0.007233796296296296,2.0747748869247687e-05,0.0006724584865345611,0.0009360280204517091,0.4533142473520975,0.4911115915814564,0.43156224760586126,0.15547370612030662,0.48437913688112255,0.31462745037555717,0.32132889803512527,0.2915694709299747,0.4953821524193326,0.4882847783739076,0.4882847783739076,0.3304195804195804,0.3304195804195804,0.0,0.00014632005072428425,0.4783761311362115,0.525932766900628,0.524094328549325,0.5170167605943058,0.17214330089045352,0.3816070665336943,0.0
0.3173076923076923,0.20429009193054137,0.5,0.003690581635665781,0.5005538011364514,0.5112319138441302,0.0,0.0018758091975818372,0.0,0.0,0.0017482342833737925,0.0014439915613542796,0.002013835046771319,0.0010314490848417435,0.0007143542557388236,0.005103790522684634,0.024612488484799935,0.00990360759751088,0.0,0.022254778847495462,0.009874190245435469,0.0,0.00019374682134121237,0.0,0.0,0.010035666472493893,0.0003329276972883613,0.007749175186346789,0.00419533985271037,0.0017702081303878744,0.001736111111111111,5.36480686695279e-05,0.014861354437262128,0.024612488484799935,0.0,0.0,0.00038460370636519135,0.0,0.0,0.0,0.024994483561011815,9.733939000648929e-05,0.0248277655011049,0.0012066651300893473,0.025726665463079976,0.005980244571381436,0.025788367203924318,0.012419100927059647,0.029586278123164778,0.0,0.6957122758801205,0.004418279595366136,0.00738960113960114,0.0012344910577202373,0.0056508205078146185,0.020924755424936593,0.4562603682928589,0.4911115915814564,0.4346255913234106,0.15697595496873332,0.48437913688112255,0.3146120270833012,0.32132889803512527,0.29302408089050513,0.4974081536890337,0.4902817529845792,0.4902817529845792,0.34965034965034963,0.34965034965034963,0.00030709701194607373,0.00022760896779333106,0.47936958728376133,0.5252625468362446,0.5234647601771327,0.5165702993486058,0.17292193000621248,0.3818207721897707,0.0
0.9711538461538461,0.5897173987061628,0.0,0.0022512547977561266,0.4914044911984256,0.5015054669516607,0.00031206587609978055,0.0018758091975818372,0.0,0.0,0.0020579214992857216,0.0,0.0,5.056122964910507e-05,0.0,1.008654253494987e-05,0.0009212160051267674,0.0,0.0,0.022254778847495462,0.0,0.0007886993538732217,0.0,0.0,1.2287729473347913e-05,0.0008175695700606024,0.0,0.0,0.0,0.0009112905759984916,3.0281007751937984e-05,0.0,0.00012082401981513926,0.0009212160051267674,0.0,0.0,0.0,0.0,0.0,0.0,0.0002708070048745261,0.0,0.0002699757021868032,9.490624618680261e-05,0.0002708070048745261,0.00571216464231951,0.00012013214535989588,0.0,0.029586278123164778,0.0,0.6959494830519566,0.001492501954466845,0.007256054131054131,0.0,4.3384418486100716e-05,6.038890454527155e-05,0.45353062911610825,0.4911115915814564,0.43178723895234794,0.15547370612030662,0.48437913688112255,0.31462745037555717,0.32132889803512527,0.2915694709299747,0.4955974495569847,0.48849699093471466,0.48849699093471466,0.3304195804195804,0.3304195804195804,0.0,0.00014632005072428425,0.4783815303544047,0.525748060583672,0.5239289334684949,0.5165410232013466,0.17227583350590187,0.38128974601406573,0.0
0.15384615384615385,0.7351038474633981,0.25,0.014196437358527703,0.4968240148779319,0.511905006576784,3.019992349352715e-05,0.0035375314758744427,0.001774029064332455,7.360157016683021e-05,0.005144803748214304,0.0035331708416115356,0.003997462567841069,0.00043482657498230355,0.00027721209924193156,0.008139839825704546,0.03233267913646013,0.017244885508602106,0.0007011358400608986,0.022653431401861705,0.018308816820591843,0.0,0.0,0.0008098559468734499,0.0,0.019284422233804457,0.0,0.0057024153802289115,0.006448951668075174,0.0013302747488713614,6.056201550387597e-05,0.0009227467811158798,0.01351215288265974,0.03233267913646013,0.0011504924915226868,0.0,3.0363450502515105e-05,0.0,0.0,0.0,0.03699023088804638,0.0010599178022928835,0.03589676929076384,9.490624618680261e-05,0.03600730175924255,0.005980244571381436,0.03604965462008209,0.007480270400971303,0.044612300277434645,0.0,0.6967429001439603,0.0034114330387813602,0.007946047008547008,0.001120378438939375,0.010824412412282129,0.036656065058979836,0.4532754095995828,0.49098502866122795,0.4313834083304488,0.15547370612030662,0.48437913688112255,0.3145194873297654,0.32137118371719336,0.29146303605481394,0.49527726407022,0.4881813927673606,0.4881813927673606,0.3304195804195804,0.3304195804195804,0.0,0.00014632005072428425,0.4785974990821329,0.5259011029605783,0.5236941791602198,0.5167313181585302,0.17239179954441913,0.38154878317294616,0.0
0.0673076923076923,0.8307797071842016,0.75,0.006901387658695011,0.4948869988099715,0.5069210374876686,0.0019730616682437736,0.002701573029126016,6.373757117362114e-05,0.00029440628066732086,0.00481513671192096,0.004219322860127399,0.0009968483481518028,0.0012438062493679847,0.000959580343529763,0.007252224082628957,0.02142828533664437,0.008449587180217188,2.0032452573168534e-05,0.022254778847495462,0.008434626575156376,0.0,0.0,0.00028344958140570745,0.0,0.008788872878151475,0.0,0.006537411918048145,0.005784941043905187,0.000858917554389383,0.0005955264857881138,0.0,0.012877826778630258,0.02142828533664437,0.0016248183432908123,0.0,0.002003987733165997,0.0,0.0,0.0,0.025596276905177427,0.0029418126757516766,0.02279794818466338,0.0007592499694944209,0.023359611642695233,0.006083352236405255,0.023525878466312943,0.0062352735391865335,0.029586278123164778,0.0048851925115572506,0.6962521266849889,0.007533581293975504,0.007957175925925927,0.00044607660068882524,0.0015618390654996257,0.01866017150448891,0.4562548200424996,0.4911115915814564,0.43461982231452634,0.15658681821883966,0.48437913688112255,0.3148973579900366,0.32132889803512527,0.29296199387999466,0.49744127632559554,0.4903144010708572,0.4903144010708572,0.34615384615384615,0.34615384615384615,0.0,0.00030889788486237785,0.48048722544975486,0.5243390152514644,0.5233954009496878,0.5167166800849008,0.17203561814040175,0.3812573663692057,0.0
0.6153846153846154,0.3299284984678243,0.75,0.02022438736344848,0.7442005429826957,0.7611445659322592,0.25651815015401963,0.03499811399618721,0.0,0.0133954857703631,0.2996773259008402,0.2207463695389468,0.1319968181406261,0.10135504095459602,0.02110010555383779,0.4706481612232959,0.0,0.6549599381787123,0.0,0.08321872072395303,0.715027219918695,0.003164908945670748,0.0,0.06855430590283752,0.0,0.7931957772531706,0.0,0.31698301494847464,0.08927924664976457,0.029789774691261036,0.0663860626614987,0.0012231759656652359,0.49799633500473234,0.0,0.12075125141288552,0.0014505797024723383,0.020009513881157456,1.5701051970482023e-05,0.0,0.012839059674502712,0.8360414033820786,0.005807916937053861,0.8281054705076543,0.0018574508182274225,0.8319592385308219,0.0407069061514033,0.8642206427069776,0.3990266388171501,0.029586278123164778,0.0,0.6861503729878289,0.09508185070242353,0.08291043447293447,0.057077057139300384,0.18347270577771993,0.7518720560409035,0.5179902017898657,0.4816562867493896,0.4884735202492212,0.17431516456864643,0.49129600211808316,0.33303514968305137,0.32132889803512527,0.3219300190695818,0.5309448232079274,0.5233379403410636,0.5233379403410636,0.3986013986013986,0.3986013986013986,0.007575059628003153,0.0021948007608642637,0.5532956827851327,0.5137210406881629,0.46598196660086433,0.5219351533338212,0.17912611306688755,0.391418098926291,0.0
0.5673076923076923,0.13142662580864828,0.0,0.08512941639602402,0.8288574181018272,0.8726878493916475,0.0,0.01105096288140604,0.007542279255545168,0.0,0.017831989690412685,0.1095795014644737,0.2537432158931862,0.07770249772474468,0.046806196756618436,0.4838514454015453,0.0,0.20285110017488917,0.004707626354694606,0.09879606928581394,0.28487140235804587,0.06623052266499489,0.0,0.015690958970673092,0.00012287729473347915,0.37005242664868016,0.05981218285766767,0.41128670929901023,0.2397480783934967,0.12941373639610762,0.036670300387596895,0.003540772532188841,0.862582814796915,0.0,0.26249394477636045,0.0013764624913971094,0.0009109035150754532,0.003925262992620505,0.00010509611039295437,0.061350210970464135,0.0002708070048745261,0.20765736534717716,0.0002699757021868032,0.014873164580988923,0.0002708070048745261,0.03610830429134102,0.0,0.0,0.15159676798768756,0.0,0.648099070802251,0.12786951268626662,0.0208110754985755,0.03112162330387153,0.47484246033037236,0.0,0.5706264529480629,0.4911115915814564,0.553542171454944,0.21230577098849787,0.48437913688112255,0.31462745037555717,0.32132889803512527,0.347270388930773,0.5774379640619394,0.5691649707799628,0.5691649707799628,0.3374125874125874,0.3374125874125874,0.04606455179191107,0.012014501942805117,0.5401701833574499,0.5106865797667423,0.5236621672090913,0.5790529166361706,0.2031476496168979,0.4607364426426971,0.0
0.6442307692307693,0.9148791283622745,0.5,0.29196191319751996,0.4920432943697743,0.5012023183163433,0.0,0.8230418692846438,0.10602744964731878,0.5068572129538763,0.0017482342833737925,0.0,0.9299386787228258,4.0448983719284053e-05,0.4665799490356218,0.0,0.0,0.0,0.030158857348905225,0.6615539476569197,0.0,0.0,0.0,0.0,0.0,0.0,0.29683374279613345,0.7750091645961469,0.0,0.43356482208884556,0.9640665374677002,0.11497854077253218,0.0,0.0,0.9378532213789762,0.030324527502779395,0.09961235994858456,0.004945831370701837,0.37817784363800694,0.0013622664255575647,0.0002708070048745261,0.01769413800562405,0.0002699757021868032,0.12406957983649007,0.0002708070048745261,0.7496855216216772,0.0,0.0,0.029586278123164778,0.0,0.6959494830519566,0.6501267442135936,0.7620526175213675,0.37771276816465416,0.0,0.0,0.45350288786431203,0.4911115915814564,0.4317583939079266,0.4608374584845386,0.48437913688112255,0.5777950861390873,0.32132889803512527,0.8935385161204489,0.4955698473598499,0.48846978419614967,0.48846978419614967,0.3356643356643357,0.3356643356643357,0.27963230251102994,0.0465460339137362,0.7112876055547156,0.5260963639242175,0.9521047857866937,0.3265095513430432,0.7195692689997929,0.6410263052234844,0.0
0.7115384615384616,0.2853251617296561,0.25,0.1873462257651806,0.4920432943697743,0.5012023183163433,0.0,0.0018758091975818372,0.038008838276536075,0.677134445534838,0.0017482342833737925,0.0,0.1056659249040911,0.48729901911214485,0.125481122922242,0.7105767485021485,0.0,0.0,0.0,0.25202814487033826,0.0,0.0,0.0,0.015569480578642074,0.015986336044825637,0.0,0.0,0.07178933648323897,0.0850839067970542,0.0007855953241366307,0.1454699612403101,0.021158798283261802,0.0,0.0,0.43812570644275795,0.0,0.7723449692823093,0.0,1.0,0.042109704641350214,0.0002708070048745261,0.0,0.0002699757021868032,0.028892172946296618,0.0002708070048745261,0.32172684717381894,0.0,0.0,0.029586278123164778,0.0,0.6959494830519566,0.23538887967591385,0.31859864672364674,0.34870741524544585,0.0,0.0,0.5452376593041385,0.4911115915814564,0.5271431868005076,0.17538302820788954,0.48437913688112255,0.31462745037555717,0.32132889803512527,0.31108253137611425,0.574699826106158,0.566466062314314,0.566466062314314,0.34615384615384615,0.34615384615384615,0.10133177737513947,0.024516737388024516,0.5788015895298361,0.5036835716924375,0.37341407458784615,0.4155968674522433,0.17200248498653967,0.3812120348664016,0.0
0.5,0.4950629894450119,0.75,0.014491683889380966,0.5363216270934971,0.551417091417297,0.041816827397370596,0.009837803672100395,0.012832497662955723,0.003876349362119725,0.06626307429496209,0.06025848473055732,0.02250460664766949,0.04918596420264941,0.003315883187086181,0.13405015028948378,0.295600192253775,0.10008337739455811,0.00032051924117069654,0.05690765213578106,0.13534939832321244,0.008089224142289452,0.0,0.015134183007197594,0.01307414415964218,0.17076984394640832,0.0,0.08246099955195309,0.02357237715803453,0.0038756035990740447,0.011537063953488372,0.010042918454935622,0.1289897098209791,0.295600192253775,0.016379379945099307,0.004425856318492244,0.006275113103853122,0.0,0.0,0.0,0.13702834446651022,0.026552022496214578,0.11346978771910526,9.490624618680261e-05,0.11381918115985637,0.006485472129998144,0.11419561517669435,0.05278375124756917,0.029586278123164778,0.0,0.6888578065698208,0.028819502025538363,0.028434383903133905,0.009305365367857588,0.020911289710300547,0.11374250171101898,0.4540910024023924,0.4911115915814564,0.43236990884965953,0.15604383670736013,0.48437913688112255,0.31460431543717327,0.32132889803512527,0.29210164530577853,0.4958237875734909,0.48872008619094776,0.48872008619094776,0.3304195804195804,0.3304195804195804,0.0006039574568272784,0.00030889788486237785,0.4946493747705332,0.5186025647791439,0.5152963773141973,0.5168484227475664,0.17427210602609236,0.3831224339131449,0.0
0.14423076923076922,0.3428668709567586,1.0,0.0037028835744513334,0.4952064003956458,0.5059036912199935,0.0,0.0018758091975818372,5.311464264468429e-05,3.680078508341511e-05,0.0018181636547087443,0.0,8.055340187085276e-05,8.089796743856811e-05,0.0,0.00012103851041939844,0.009352345095526095,0.0022674584129824702,0.0,0.022254778847495462,0.0022607232286777305,0.0,0.0,7.086239535142686e-05,0.0,0.0023505125139242316,0.0,3.0548653822654884e-05,0.0009859551692221013,0.001717835108778766,0.005228520671834626,0.0,0.007088342495821503,0.009352345095526095,0.0,0.0,0.0,0.0,0.0,0.0014466546112115732,0.0002908667830133799,0.0,0.00028997390234878864,9.490624618680261e-05,0.0002908667830133799,0.006526715196007671,0.0009310241265391932,0.0,0.029586278123164778,0.0,0.6959658421672557,0.0017412522802113192,0.007233796296296296,0.000197103614257853,0.000422998080239482,0.0008253150287853778,0.4535639186182638,0.49103248975631364,0.4317353178723895,0.15547370612030662,0.48437913688112255,0.31447321745299756,0.32189270712936596,0.291746862388576,0.4954428772530293,0.48834463319875066,0.48834463319875066,0.32867132867132864,0.32867132867132864,0.0,0.00014632005072428425,0.4779333952443687,0.5265766003483033,0.5237688737128527,0.5168630608211959,0.17241664940981571,0.38168477768135844,0.0
0.6826923076923077,0.35410282601293835,0.0,0.4170480267690188,0.4920432943697743,0.5012023183163433,0.0,0.0018758091975818372,0.0,0.3351447497546614,0.0017482342833737925,0.0,0.0,4.0448983719284053e-05,0.0,0.0,0.0,0.0,0.11834171357599312,0.022254778847495462,0.0,0.0,0.0,0.0,0.2796195718955051,0.0,0.0,0.0,0.0,0.08355591867517204,3.0281007751937984e-05,0.2709978540772532,0.0,0.0,0.0,0.11937106252316161,0.0,0.0,0.0,0.3187823990355636,0.0002708070048745261,0.0,0.0002699757021868032,0.23448621825725013,0.0002708070048745261,0.005588435444290929,0.0,0.0,0.029586278123164778,0.0,0.6959494830519566,0.0014806567008599654,1.0,0.0,0.0,0.0,0.45350288786431203,0.4911115915814564,0.4317583939079266,0.5329454032090208,0.5449496955255494,0.6161219673951602,0.437135285992163,1.0,0.4955698473598499,0.48846978419614967,0.48846978419614967,0.4090909090909091,0.4090909090909091,0.4852951714113155,0.12518493228633207,0.4782951428633134,0.5260963639242175,0.5237688737128527,0.0,0.2691654586870988,0.0,0.0
0.6153846153846154,0.7919645897173987,0.0,0.049207755142210416,0.5599161313255681,0.5894493998684643,0.002768326320239989,0.0018758091975818372,0.0,0.0,0.004495459585818324,0.015248960530897323,0.008860874205793803,0.00013145919708767317,0.0012048064313207024,0.025115490912025175,0.1996635558937798,0.01749908488225485,0.0001201947154390112,0.022254778847495462,0.01755862166847457,0.00406483513150045,0.004819452180862657,0.0,0.03860804600525915,0.055952417451022474,0.0,0.011231721722129445,0.04334178437764095,0.0946171008390158,0.0009891795865633074,0.0,0.1456332185505145,0.1996635558937798,0.000383497497174229,0.0,0.0036132506097992976,0.0055895745014916,0.0009668842156151801,0.0,0.0760867384806724,0.0,0.0758531732144107,9.490624618680261e-05,0.0760867384806724,0.008887880725053102,0.07887676444088498,0.01889102676228791,0.06797148700917356,0.0,0.6960803559743489,0.009559119660751937,0.009415064102564104,0.0019087928959707872,0.011887330665191598,0.07851564072627723,0.45393565139233344,0.4911115915814564,0.4322083766008999,0.1556094514981765,0.48437913688112255,0.3130928327960886,0.32132889803512527,0.289928599937913,0.49702172292914515,0.4899008586446691,0.4899008586446691,0.3321678321678322,0.3321678321678322,0.0,0.00014632005072428425,0.4738353886357256,0.5249511847590902,0.5686122819185829,0.5705701529678694,0.1852308966659764,0.4392234065976765,0.0
0.15384615384615385,0.5791624106230848,0.25,0.01200669225469934,0.7360351959940858,0.7495632604406445,0.0,0.031073187142551303,0.021394578057278832,0.003483807654563297,0.05330616077761461,0.09559019314667268,0.045462326180862524,0.010334715340277075,0.08159631521148085,0.22715902442960603,0.7612047903232267,0.23941513808109977,0.0009916064023718424,0.02746716099583408,0.24500968157257125,0.1880137921271626,0.0,0.04652622414787969,0.0,0.4839909658562508,0.021812504305099536,0.08555659647264877,0.0627691255181295,0.11078988991190857,0.011304909560723513,0.005375536480686695,0.2885781026601422,0.7612047903232267,0.016873889875666074,0.0033564508444067975,0.00986812141331741,0.0009577641701994033,0.0009038265493794075,0.0,0.7300956851417223,0.028693489076357343,0.7013268805807477,0.0038098078826416474,0.7062345790455558,0.09942672138246758,0.7957353088397238,0.25925773492884996,0.035226099106943964,0.0,0.6871646381363696,0.049904053445784274,0.011173433048433047,0.018392879372588072,0.18056594973915116,0.4785116147993076,0.6307361973401688,0.4911115915814564,0.616043613707165,0.2266947810427055,0.48437913688112255,0.3219535141971405,0.32132889803512527,0.36979910417313405,0.6232244886692981,0.6142955087115977,0.6142955087115977,0.7447552447552448,0.7447552447552448,0.07494190748190686,0.019460566746329806,0.5518378938729672,0.4868858514961212,0.5374806594461933,0.5808168045085267,0.1864319734934769,0.4492222409304615,0.0
0.5769230769230769,0.3112019067075247,0.5,6.150969392776301e-05,0.4920432943697743,0.5012280088786584,0.0,0.0018758091975818372,0.0,0.0,0.0017482342833737925,2.0482149806443683e-05,0.0,4.0448983719284053e-05,0.0,2.017308506989974e-05,7.009252212921057e-05,0.0,0.0,0.022254778847495462,0.0,0.0,0.0,0.0,0.0,0.0,0.0,0.0,0.0,0.000858917554389383,3.0281007751937984e-05,0.0,7.04806782254979e-05,7.009252212921057e-05,0.0,0.0,0.0,0.0,0.0,0.0,0.0002708070048745261,0.0,0.0002699757021868032,9.490624618680261e-05,0.0002708070048745261,0.005588435444290929,0.0,0.0,0.029586278123164778,0.0,0.6959494830519566,0.0014806567008599654,0.007233796296296296,0.0,0.0,0.0,0.45350288786431203,0.4911115915814564,0.4317583939079266,0.15547370612030662,0.48437913688112255,0.31462745037555717,0.32132889803512527,0.2915694709299747,0.4955698473598499,0.48846978419614967,0.48846978419614967,0.3304195804195804,0.3304195804195804,0.0,0.00014632005072428425,0.4782951428633134,0.5260963639242175,0.5237795443632289,0.5167093610480861,0.17204390142886727,0.3812573663692057,0.0
0.23076923076923078,0.9356486210418795,0.75,0.016607617360496013,0.48717499600748015,0.5032832538638605,0.0,0.0018758091975818372,0.0,0.0,0.0017482342833737925,0.0,0.0,0.00019213267266659926,0.0,0.00015129813802424805,0.004205551327752634,0.0,0.0,0.022254778847495462,2.0275544651818212e-05,0.0,0.0018890315080768206,0.003057206199447273,0.0,0.003903894697039376,0.0,0.0,0.0003320053120849934,0.0008379683457457395,3.0281007751937984e-05,0.0,0.0003926780643992026,0.004205551327752634,0.0009486517035362505,0.0,0.0,0.0,0.0,0.0,0.0013841246915809113,0.0,0.001379875811176994,9.490624618680261e-05,0.0013841246915809113,0.005588435444290929,0.001111222344579037,0.0,0.03038618091978696,0.0,0.6959903808402041,0.0015991092369287627,0.007233796296296296,0.0,8.676883697220143e-05,0.0010366761946938284,0.4535528221175453,0.4911115915814564,0.4318103149878851,0.1554918055040226,0.48437913688112255,0.3146505853139411,0.32132889803512527,0.29161381879462506,0.49559192911755773,0.48849154958700164,0.48849154958700164,0.3304195804195804,0.3304195804195804,0.0,0.00014632005072428425,0.47825734833596095,0.5260963639242175,0.5237688737128527,0.5166434897167532,0.17208531787119485,0.38123146265331764,0.0
0.7403846153846154,0.7531494722505958,0.5,0.0,0.4920432943697743,0.5012023183163433,0.0,0.0018758091975818372,0.0,0.0,0.0017482342833737925,0.0,0.0,4.0448983719284053e-05,0.0,0.0,0.0,0.0,0.0,0.022254778847495462,0.0,0.7263718818568814,0.0,0.0,0.06229878842987393,0.0,0.0,0.0,0.0,0.0007855953241366307,1.0,0.0,0.0,0.0,0.0,0.0,0.32842120178537093,0.044104254985084,0.0,0.0,0.0002708070048745261,0.0,0.0002699757021868032,0.8167360386132843,0.0002708070048745261,1.0,0.0,0.0,0.0328365160689334,0.0,0.6959494830519566,0.0014806567008599654,0.8392984330484331,0.0,0.0,0.0,0.45350288786431203,0.3701807213031762,0.4317583939079266,0.15547370612030662,0.48437913688112255,0.3242207381587674,0.32120204098892113,0.2915694709299747,0.4955698473598499,0.48846978419614967,0.48846978419614967,0.33916083916083917,0.33916083916083917,0.8456428052288385,0.21993529402201303,0.4782951428633134,0.5260963639242175,0.5237688737128527,0.477815999414477,0.44564091944501966,0.5607442137574635,0.0
0.7980769230769231,0.07899216887980932,0.25,0.03335055604763311,0.7192820676616197,0.7417738819467281,0.1370371861724617,0.08548184848762884,0.04281040197161553,0.014867517173699704,0.2720352444031528,0.13165925895582,0.022001147885976662,0.10857518454848823,0.11472316107089166,0.3684916584293236,0.0,0.4948245007524301,0.0005108275406157976,0.029091670154876514,0.5008363662168875,0.07555335348898348,0.0,0.011084903272830344,0.0,0.5924211300855383,0.0,0.30692232495621363,0.09107006318161696,0.02422775979637369,0.11078811369509044,0.0003969957081545064,0.5280110352604764,0.0,0.13473881802034554,0.0001588225951612049,0.0004453306073702216,0.0,0.0,0.025099457504520795,0.7654008946661051,0.05249837767683322,0.714515693587577,0.05878764049513944,0.7601352029046559,0.019693564019549213,0.7721293422765041,0.347477595201103,0.030203924586379376,0.0,0.6488434105483576,0.08612683897562246,0.029614049145299148,0.04079007427694095,0.24057744661005,0.6375457949192802,0.5299799708162032,0.4911115915814564,0.511278412368755,0.1930299273309744,0.48437913688112255,0.3169717907984639,0.3211597553068531,0.33096811388531644,0.5471417924866819,0.5393028545310102,0.5393028545310102,0.38986013986013984,0.38986013986013984,0.0194290042891216,0.004633468272935667,0.5069217977236896,0.5059053248192517,0.5156698500773622,0.5163873234282368,0.19088838268792713,0.3957051639057623,0.0
0.5576923076923077,0.15696288729996596,0.75,0.041359118197027846,0.4952012487571672,0.5216314534692535,0.0,0.0018758091975818372,0.0,1.226692836113837e-05,0.0017582241935644998,0.027128607418634657,0.00031214443224955444,6.067347557892608e-05,0.001183482423686708,0.028171713300114986,0.06777946889894661,3.0503924838329196e-05,0.0,0.022254778847495462,3.0413316977727315e-05,0.0023863211219753884,0.0,0.0023485822459330045,0.0,0.004803221224106039,0.0,0.015987128833856053,0.0038331522395267416,0.02367260576731714,0.020389211886304912,0.0015665236051502144,0.06342254173463019,0.06777946889894661,0.0,0.27271957223781035,0.0018218070301509065,0.0,0.0,0.0,0.4102926721630459,0.0,0.4090331870131688,0.008338191629269086,0.4163908447172574,0.008475450064957828,0.4181399539493443,0.0,0.029586278123164778,0.4469240773324882,0.6848171050909567,0.001587263983321883,0.013788728632478634,0.0,0.0011822254037462446,0.4050183179677121,0.46197506616288553,0.4911115915814564,0.44056767047421247,0.15547370612030662,0.48437913688112255,0.31462745037555717,0.32132889803512527,0.2915694709299747,0.5039995583648459,0.49677872215390306,0.49677872215390306,0.34965034965034963,0.34965034965034963,0.0,0.00014632005072428425,0.46633047534716976,0.527347089556177,0.5314997599103665,0.5128156334626363,0.17653344377717956,0.38132212565892576,0.0
0.5384615384615384,0.3003064351378958,0.0,0.009005019191024507,0.4989722481235157,0.511874177902006,0.005013187299925508,0.00299721687004924,0.0,0.0,0.007822099679323883,0.02725150031747332,0.009072326885704791,0.0039134391748407325,0.0003305221183269184,0.040094006576425735,0.06668802819722033,0.026640094358807497,0.0,0.022254778847495462,0.026560963493881855,0.0,0.0,0.0028952350100725833,0.0,0.02969821463245138,0.0,0.01996863671540874,0.011911948166928246,0.001874954173606092,0.004804586563307494,0.00034334763948497857,0.03779778086550273,0.06668802819722033,0.008992007104795738,0.0049870294880618345,0.002520166391708754,0.0,0.0,0.0,0.08331828849972919,0.0034501406013411205,0.07987281144696977,0.0048944506962051056,0.08366933461715914,0.005877136906357619,0.08353188507358093,0.05874121556966324,0.031165833012697187,0.010666550092348718,0.6946162151550844,0.00684655658477648,0.007979433760683762,0.0016598199095398149,0.008004425210685583,0.08147469704899554,0.4548788539534058,0.4926039793491502,0.4348217376254759,0.15646917222468576,0.48437913688112255,0.3149744744513164,0.32132889803512527,0.2929531243070646,0.4976455325843937,0.49051573093623824,0.49051573093623824,0.33916083916083917,0.33916083916083917,0.0,0.00014632005072428425,0.47436451201865976,0.5210829067496965,0.5328922797844529,0.5169216131157139,0.17260716504452267,0.3818855314794907,0.0
0.5769230769230769,0.7562138236295539,1.0,0.04282304891250861,0.3906487458336123,0.41795975830318977,0.1915279147959492,0.0018758091975818372,0.0,0.0003680078508341511,0.19211596287749375,0.07356164102984249,0.015989850271364275,0.019880675498028112,2.1324007633994736e-05,0.10828912065522181,0.1360896383225858,0.09431813560011389,0.0006210060297682246,0.031852339093862744,0.10441905495686378,0.0,0.03390569373471216,0.0007896095482016136,0.0,0.12036667995217218,0.0,0.0053358315343570535,0.006680349309831381,0.0009008159716766698,0.006227793927648578,0.0,0.018254495660403956,0.1360896383225858,0.0012917810431131924,0.0,0.0,0.0,0.0,0.0,0.029287276082726525,0.0007030067056024227,0.02854743073123419,9.490624618680261e-05,0.02863533329321378,0.006423607530983854,0.029132045249774755,0.020619617446418832,0.029586278123164778,0.0,0.6964484360685774,0.009748643718462012,0.03013710826210826,0.009471347358811569,0.02956648119827764,0.0851584202262571,0.42270455012011965,0.4911115915814564,0.3997346255913234,0.15547370612030662,0.48437913688112255,0.31462745037555717,0.32132889803512527,0.2915694709299747,0.46492588810069285,0.45826486304127806,0.45826486304127806,0.30244755244755245,0.30244755244755245,0.0,0.00014632005072428425,0.47570351813057477,0.5260699773075096,0.5263138238275622,0.5166361706799385,0.17215986746738454,0.3812832700850937,0.0
0.23076923076923078,0.8076268300987403,0.0,0.012215825214053734,0.4920432943697743,0.5012023183163433,0.042138959914634885,0.14261247209224087,0.0,0.008402845927379783,0.1883197970050249,0.0,0.0,0.9647284861967843,0.01644080988580994,0.0,0.0,0.0,0.001953164125883932,0.04962227670473798,0.0,0.03165920098688534,0.0,0.04076612372574229,0.16512250866284928,0.0,0.020526714577641034,0.7336870188587024,0.0,0.08296934083315001,0.43718709625322993,0.04551502145922747,0.0,0.0,0.4963567737768448,0.0940441526814548,0.4377296235944253,0.00010990736379337417,0.6480646551271138,0.002218203737191079,0.0002708070048745261,0.0,0.0002699757021868032,0.025706034681453962,0.0002708070048745261,0.028942321572185677,0.0,0.0,0.029586278123164778,0.0,0.6351017536971602,0.45421809480940983,0.1680800391737892,0.09459936096933483,0.0,0.0,0.5619489893861971,0.4911115915814564,0.54451944155994,0.19203446122659526,0.4962271644162033,0.3529697549238861,0.32132889803512527,0.35562552663089275,0.5636037428579315,0.5555289534111808,0.5555289534111808,0.3741258741258741,0.3741258741258741,0.010123964827155565,0.0027638231803475913,0.48441785629440864,0.39782574278326027,0.6409646267940031,0.5074800556246797,0.2442907434251398,0.42957427242938,0.0
0.3942307692307692,0.9176029962546817,0.5,0.013532132664107863,0.5378052989753391,0.5524960950345281,0.16271718778312427,0.0018758091975818372,0.001274751423472423,0.015701668302257114,0.1772110168729583,0.18902976056366877,0.276016231510477,0.28772373344119734,0.046998112825324394,0.7940832341489984,0.0,0.04096677105787611,0.002674332418517999,0.024427435268791483,0.0457619042791537,0.11032690577065027,0.0,0.09764838079426622,0.005111695460912733,0.26046744540168215,0.0,0.16287523929778827,0.5269427341140488,0.03804376289685657,0.06729449289405685,0.023551502145922745,0.8134175074004713,0.0,0.4060733893105119,0.0,0.006062568950335517,0.0001413094677343382,0.0,0.006823387582881254,0.6636777597239774,0.016039368375513736,0.6468217860392564,9.490624618680261e-05,0.6488134641230868,0.015136205225496463,0.6565922514766243,0.42002695778328825,0.029586278123164778,0.1740418137506694,0.6446554770318021,0.08155457108336689,0.05110398860398861,0.005166189468442674,0.12710550005965357,0.7387072748500343,0.4101821490592942,0.4911115915814564,0.38671397253951767,0.15547370612030662,0.48437913688112255,0.31573021577185867,0.32132889803512527,0.2928378198589738,0.45167683347594473,0.44520562853007434,0.44520562853007434,0.20454545454545456,0.20454545454545456,0.0,0.00014632005072428425,0.4810649417964279,0.5185550688690695,0.5265112308595209,0.5137451511381103,0.2044978256367778,0.4040073048478805,0.0
0.5576923076923077,0.7191011235955056,0.25,0.04003050880818817,0.4672278518182708,0.4931714485366656,0.13205419879602973,0.00829841677625878,3.186878558681057e-05,0.0,0.13911948931579105,0.09989144460602585,0.026602760967849127,0.07949236525432299,0.0004264801526798947,0.20468620766173773,0.33024592462049907,0.1736385081547159,0.0,0.022553768263270147,0.17398444865725207,0.0002628997846244072,0.0,0.003624105362258688,0.0011550465704947038,0.18026387057873705,0.0,0.07844894301657775,0.05575677089621313,0.004818317988038001,0.016593992248062017,0.0007510729613733905,0.15447350933365553,0.33024592462049907,0.02469522041014048,0.0,0.0,0.0,0.0,0.0,0.1306493350183547,0.011799697166342202,0.11933925946664799,0.00018981249237360522,0.11977693526709594,0.0062277029674386,0.11990189208128942,0.11441624052104662,0.03002166825297179,0.015945180926984406,0.6821669284125115,0.01499609106630973,0.04391470797720798,0.017967550520768497,0.013839629497066129,0.1850114738918636,0.4179718925636801,0.4911115915814564,0.39481366101303794,0.15547370612030662,0.48437913688112255,0.31492820457454845,0.3213429932624813,0.29193312342010735,0.45998509481354716,0.4533948568381416,0.4533948568381416,0.29545454545454547,0.29545454545454547,0.0,0.00014632005072428425,0.4675129041314818,0.5259697081640192,0.5358107026623272,0.5184220156627387,0.17322841167943673,0.3837052675206259,0.0
0.5384615384615384,0.825672454885938,1.0,0.0037151855132368863,0.4920535976467315,0.50276944261756,0.0,0.0018758091975818372,0.0,0.0,0.0017482342833737925,0.0009421788910964094,0.0027186773131412808,6.067347557892608e-05,2.1324007633994736e-05,0.0036916745677916525,0.0067088556895101535,4.067189978443893e-05,0.0,0.022254778847495462,4.0551089303636424e-05,0.0,0.0,0.0,0.00013516502420682705,0.00015329429438636294,0.0006314145983055129,0.0,0.0005935852549398366,0.0008484429500675612,0.005410206718346253,1.072961373390558e-05,0.006594977748243017,0.0067088556895101535,0.0,0.0,0.0,0.0,0.0,0.0,0.003249684058494313,0.0,0.0032397084262416383,9.490624618680261e-05,0.003249684058494313,0.005639989276802837,0.003013314646110722,0.002788381401187377,0.029586278123164778,0.0,0.6959494830519566,0.0015635734761081236,0.007233796296296296,3.1121623303871525e-05,0.00016269156932287768,0.00297918595756673,0.45353062911610825,0.4911115915814564,0.43178723895234794,0.1554918055040226,0.48437913688112255,0.31462745037555717,0.32132889803512527,0.2915872100758348,0.49559192911755773,0.48849154958700164,0.48849154958700164,0.3304195804195804,0.3304195804195804,0.0,0.00014632005072428425,0.47935878884737493,0.5253469840097102,0.5234487542015686,0.5166581277903828,0.1720936011596604,0.38125089044023364,0.0
0.23076923076923078,0.4463738508682329,1.0,0.03459305186497392,0.7707881491708438,0.7936688178230845,0.0001610662586321448,0.0018758091975818372,0.07131171921475311,0.0021099116781157995,0.07068860450944546,0.09017266452286832,0.07099775457392285,0.17953281423804227,0.031122389141815317,0.3684008795465091,0.0,0.22803717411640298,1.0016226286584267e-05,0.024875919392453504,0.2300361918472035,0.023023954214991354,0.0579302995810225,0.18079021694016176,0.08997075520385342,0.5369388151373006,0.010033751980345786,0.03656673862571789,0.17757253813030704,0.017262147922362234,0.15206112726098192,0.09716738197424893,0.48134275760687895,0.0,0.1778621023736477,0.001799989411826989,4.0484600670020146e-05,1.0,0.0,0.0162748643761302,0.8789091492648091,0.0,0.8762111409973101,0.0002440446330517781,0.8790194780445728,0.018435650506258637,0.8895685253779158,0.34674705985245247,0.029586278123164778,0.3635260816821674,0.6959494830519566,0.04658738243585795,0.020855591168091173,0.0560811651935765,0.04586817644442998,0.8215809815209952,0.49361673796168376,0.4911115915814564,0.47346832814122525,0.16579940453027575,0.48437913688112255,0.3052809352684424,0.32132889803512527,0.2909397312519402,0.5358745756162191,0.5281970638487741,0.5281970638487741,0.3758741258741259,0.3758741258741259,0.0028764753452282243,0.0010730137053114176,0.5145346953761096,0.5129188875402395,0.5019473936936456,0.517609602576301,0.17537378339200663,0.3846572290795115,0.0
0.5769230769230769,0.07218249914879128,0.5,0.01984302726109635,0.4837130949498488,0.5011817658664913,0.025569268557852985,0.0018758091975818372,0.0,0.00013493621197252208,0.027232495179868334,0.010988673371157037,0.0011277476261919387,0.007523510971786835,0.0005331001908498684,0.019920921506525992,0.04527976929547002,0.0048806279741326715,0.0,0.0579640814048516,0.041189768960168696,0.0,0.0,0.0017209438871060808,0.0,0.04325964987583162,0.0,0.0019041994216121546,9.054690329590727e-05,0.0009531889932857786,0.0007166505167958656,8.583690987124464e-05,0.0029098451438812705,0.04527976929547002,0.0013826093977070888,0.0,0.0,0.0,0.0,0.0,0.0003008966720828068,0.0,0.00029997300242978135,9.490624618680261e-05,0.0003008966720828068,0.006073041469902872,0.0005005506056662329,0.0,0.029586278123164778,0.00038250948077070196,0.6959740217249052,0.003754945393380872,0.01231971153846154,0.00029046848416946765,0.0016052234839857265,0.008675872619670679,0.44899770857260163,0.4911115915814564,0.42707395869389636,0.15547370612030662,0.48437913688112255,0.31462745037555717,0.32132889803512527,0.2915694709299747,0.4910872505451434,0.4840514098531924,0.4840514098531924,0.32167832167832167,0.32167832167832167,0.0,0.00014632005072428425,0.4765080016413624,0.5270251728323394,0.5246331963933202,0.516738637195345,0.17201905156347072,0.38127031822714974,0.0
0.5769230769230769,0.24685052774940416,0.5,0.03948922350162386,0.6092894345046442,0.6346339608681355,0.2630816001932795,0.04089060158424321,0.0004036712840996006,0.0010426889106967614,0.30229468237080553,0.11584703930524548,0.014207606254971654,0.10694711295378705,0.004552675629857875,0.23927296201408083,0.7988144350542716,0.443384715500061,0.0005909573509084717,0.11083537642767445,0.5327602112711752,0.0005864687503159853,0.0,0.030318982011074778,1.2287729473347913e-05,0.5682619492902474,0.0,0.07802126186306058,0.04747675962815404,0.0789575673778923,0.04368540051679586,2.145922746781116e-05,0.24335971324432631,0.7988144350542716,0.14074358146294205,0.0009211710519349886,0.02760037650678623,0.0,0.0,0.00216998191681736,0.5070209223485989,0.005797101449275362,0.5001049905508503,0.013829195872934096,0.5118152093237849,0.007454684181222033,0.5123836219841826,0.28987848419059775,0.029586278123164778,0.0,0.7017487894254679,0.030525218544929046,0.040865384615384616,0.03146396116021411,0.13557630776906474,0.5021236764765087,0.4606767755788212,0.4911115915814564,0.43921772239529244,0.15547370612030662,0.48437913688112255,0.31569165754121875,0.32132889803512527,0.2927934719943235,0.5019459548980099,0.49475454080466647,0.49475454080466647,0.3339160839160839,0.3339160839160839,0.0037158738445474924,0.0011543026223804645,0.5256408871995335,0.5135310570478653,0.517329136210852,0.5546219717485179,0.1899275212259267,0.4287777331658227,0.0
0.7211538461538461,0.5563500170241743,0.75,0.05605993504576321,0.5320560704332012,0.5645244163104243,0.002456260444140208,0.008910093688513726,0.0,0.0005029440628066731,0.011488396719313494,0.0541548040882371,0.004098154320179634,0.005480837293962989,0.009307929332238701,0.07166488471081883,0.20431970200664878,0.08100825639565624,0.0,0.022324543044509558,0.0808385965267992,0.005278218752843867,0.0,0.02183574096757539,0.0,0.10886960787319497,0.0,0.048317787462832475,0.026208298120648718,0.005541065686243702,0.016775678294573645,0.0031008583690987127,0.0981896534364365,0.20431970200664878,0.025926449216857744,0.0,0.0,0.0,0.0,0.0,0.33227016509197405,0.04481938135409907,0.28982391584757367,0.0003118348088994943,0.29086678301337987,0.006598890561524344,0.2910301331464611,0.21592978629268747,0.029586278123164778,0.05248030076174031,0.7089059023688,0.002523039018265381,0.013265669515669517,0.005477405701481389,0.0027982949923534965,0.2897358991907887,0.4550785909663388,0.4919395240179509,0.43430252682589127,0.15672256359670955,0.48437913688112255,0.31468143189845305,0.32132889803512527,0.2928555590048339,0.49720941786966244,0.49008586446691116,0.49008586446691116,0.3339160839160839,0.3339160839160839,0.0,0.00014632005072428425,0.48709046930004535,0.5263866167080057,0.5152110121111881,0.517280245919637,0.17510043487264446,0.38415210661969457,0.0
0.2980769230769231,0.8157984337759618,0.0,0.003690581635665781,0.5033099277225122,0.5139808040118382,0.0,0.0018758091975818372,0.00013809807087617916,0.0,0.0018781031158529883,0.015638121377219753,0.0009666408224502331,0.0003741530994033775,0.0,0.016703314437876985,0.04162494492730404,0.0030503924838329198,0.0,0.022254778847495462,0.0030413316977727315,0.001971748384683054,0.0006538955220265918,0.004089772531710922,0.0,0.009463367773451472,0.0011595068077973963,0.015294692680542545,0.014487504527345164,0.0012674271229404308,0.0012919896640826874,0.00018240343347639487,0.03253186733522625,0.04162494492730404,0.0011101243339253998,0.0,0.000556663259212777,0.0,0.0,0.0008438818565400843,0.052707067059838325,0.0,0.0525452709256167,9.490624618680261e-05,0.052707067059838325,0.00640298599797909,0.053128441285413955,0.03870808424821739,0.036977784978027985,0.0,0.6961294333202461,0.0032929805027125635,0.00760105056980057,0.0003630856052118345,0.005075976962873784,0.052367245058174645,0.4540799059016739,0.4911115915814564,0.432358370831891,0.15562755088189248,0.48437913688112255,0.31462745037555717,0.32145575508132945,0.29180007982615636,0.4959949211957272,0.48888876797005076,0.48888876797005076,0.3356643356643357,0.3356643356643357,0.0,0.00014632005072428425,0.4777012288620608,0.5255897408834239,0.5250173398068613,0.5168923369684549,0.17215986746738454,0.3815099275991141,0.0
0.46153846153846156,0.4014300306435138,0.25,0.10551372896368467,0.6069196808044799,0.659846678724104,0.0,0.0018758091975818372,0.004790940766550522,0.053569676153091265,0.04987962158220197,0.0,0.06137162305035595,0.14602083122661544,0.02624985339744752,0.2319299590486373,0.5877558377057717,0.062136494895676575,0.0002804543360243595,0.025354302457692997,0.06539876927443965,0.00823078556477952,0.06226538470853212,0.003026836601439519,0.00047922144946056864,0.10396419045283135,0.0,0.011455745183495581,0.11541711940118314,0.27123987891357404,0.08318192829457363,0.020085836909871244,0.4885921987957873,0.5877558377057717,0.5311339415469077,0.0,0.00015181725251257552,0.0,0.0214185872980841,0.0,0.3971434875930272,0.0,0.39592436680698734,0.002725165069078189,0.399089286072496,0.03180871465984782,0.42352587846631295,0.0,0.045057815759097626,0.044403886296324635,0.6957531736683681,0.16496884698301392,0.007256054131054131,0.005736752562346985,0.22173776288246075,0.406296549780587,0.464255397060537,0.492846558279588,0.444836737048575,0.16090352123510196,0.48437913688112255,0.32039576167928807,0.32132889803512527,0.3035256552397002,0.500643131193243,0.493116695143053,0.493116695143053,0.3321678321678322,0.3321678321678322,0.004391487270828855,0.0012843648896909393,0.45167159795261647,0.5459918729220539,0.5237528677372886,0.5081753641220815,0.39551874094015327,0.5484205209237265,0.0
0.5384615384615384,0.5778004766768812,0.25,0.015438933175868518,0.5114546681572073,0.5270110572180204,0.002768326320239989,0.00241612380340704,0.0,0.0,0.005024924825925814,0.046228212113143395,0.0004933895864589732,0.004459500455051067,0.00898806921772878,0.05894575457424704,0.11209796931950175,0.016858502460649936,0.0,0.022254778847495462,0.016808426516357295,0.0,0.0,0.004707287691201927,0.0,0.021696252465483234,0.0,0.0,0.07614994567185802,0.005331573599807266,0.010820413436692504,0.0,0.09134295898024528,0.11209796931950175,0.0034514774745680607,0.0,0.0,0.0,0.0,0.0,0.4790676215121061,0.0,0.4775970162685358,9.490624618680261e-05,0.4790676215121061,0.006073041469902872,0.4783662028231054,0.0,0.029586278123164778,0.48218052261723915,0.6959494830519566,0.011288526687356375,0.014990651709401708,0.0034752479355989875,0.010856950726146704,0.47285518740690047,0.45795813290278914,0.4911115915814564,0.4363909080419983,0.15812526583469835,0.48437913688112255,0.31445008251461354,0.3213993741719054,0.2940174730586722,0.49847911893786745,0.4913373744409015,0.4913373744409015,0.3374125874125874,0.3374125874125874,0.0,0.00014632005072428425,0.4772045007882859,0.5259169349306031,0.5245318252147468,0.5160067335138695,0.17636777800786912,0.3840225880402544,0.0
0.5576923076923077,0.07252298263534218,0.25,0.004182659187087885,0.4924863352789354,0.5033911542255837,1.006664116450905e-05,0.0021000907320753177,0.0,4.906771344455348e-05,0.002017961858522892,0.0008704913667738565,0.00034235195795112426,0.0002730306401051674,8.529603053597894e-05,0.0015129813802424806,0.006037970120559138,0.0018505714401919715,0.0,0.022254778847495462,0.0018450745633154571,0.0,0.0,0.0009515807375763036,0.0,0.002820615016709078,0.0,0.0014663353834874343,0.0016700873274578453,0.0009217651803203133,6.056201550387597e-05,0.0,0.003292454539962545,0.006037970120559138,0.00012110447279186177,0.0,0.0,1.5701051970482023e-05,0.0,0.0,0.009438125614330706,0.0009301319489508976,0.008559229669329758,9.490624618680261e-05,0.008585585043429418,0.00559874621079331,0.008309140054059467,0.006821759664159524,0.029586278123164778,0.0,0.6958840465907604,0.001883395323493876,0.007367343304843305,0.00015560811651935764,0.0009327649974511654,0.008061918756793752,0.45365823887437096,0.4911115915814564,0.43191992615668623,0.15553705396331255,0.48437913688112255,0.3146428736678131,0.3212866123530572,0.29161381879462506,0.4956968174666704,0.48859493519354874,0.48859493519354874,0.3321678321678322,0.3321678321678322,6.141940238921475e-05,0.0001625778341380936,0.47841932488175715,0.5260277587207768,0.5237475324121005,0.5167313181585302,0.1720604680057983,0.38128974601406573,0.0
0.8846153846153846,0.8021790943139258,0.25,0.08400993996653873,0.5483403996641132,0.5969099391647484,0.2279087559644849,0.02565984646909502,0.0,0.0,0.2512262614759093,0.1602933043852283,0.02004772789060848,0.005794316917787441,0.008412321011610923,0.19166448124911745,0.6268474386189771,0.19377109854801317,0.0,0.19486136857421912,0.3687716061272696,0.0005965802804938471,0.0,0.002955974206088092,0.0,0.37533596999519675,0.0,0.12817196855525234,0.06735683528512214,0.006923713456724172,0.016069121447028423,0.047414163090128754,0.260526792726394,0.6268474386189771,0.01563256902954949,0.11601461167875482,0.005586874892462779,0.0,0.0,0.0,0.8925598282882992,0.07099286177806619,0.8241858232759052,0.0007592499694944209,0.8272151010009829,0.0,0.8199619581539693,0.5116011071211763,0.22941009700087078,0.05665511852329483,0.6838682764036121,0.01026983487716472,0.019264155982905987,0.01246939707041786,0.02366620028416794,0.7887898063529128,0.473115952884258,0.4911115915814564,0.45215184031383404,0.16186278857204914,0.48327376224516816,0.3159847000940821,0.32237194485947057,0.30153000133043595,0.5088851472577217,0.5004625145556051,0.5004625145556051,0.3374125874125874,0.3374125874125874,0.0,0.00014632005072428425,0.462108286720083,0.4363343712069238,0.6282345408952675,0.5135621752177413,0.18039345620211225,0.3850069292440001,0.0
0.5384615384615384,0.022812393598910453,1.0,0.0687063281173113,0.5636150077532158,0.6012824728707662,0.21239606192997645,0.0018758091975818372,0.16493158834027363,0.00018400392541707554,0.36777854367089235,0.12106998750588861,0.02806279137675833,0.1582364243098392,3.19860114509921e-05,0.3051885174799782,0.8648816437697762,0.27654858258429255,0.0,0.03675576551256752,0.29946979450735495,0.20934912080245102,0.0,0.15111911968658576,0.0,0.6660330502498697,0.0,0.0,0.029095738259084875,0.0020215986341115964,0.18365431201550386,0.0,0.2134759056767152,0.8648816437697762,0.5187510092039399,0.0,0.0,0.0,0.0,0.0,0.0725461876391647,0.0,0.07232349088582027,9.490624618680261e-05,0.0725461876391647,0.018889324232363433,0.08505355891480629,0.0,0.03675502723719649,0.04496125725401908,0.6959494830519566,0.005898936296226102,0.061988069800569805,0.02805095647122287,0.010922027353875857,0.13915616570715408,0.4239307134495137,0.4911115915814564,0.4010095765547479,0.15547370612030662,0.48437913688112255,0.31462745037555717,0.32132889803512527,0.2915694709299747,0.4661459052140551,0.4594674008858514,0.4594674008858514,0.3129370629370629,0.3129370629370629,0.0,0.00014632005072428425,0.5362017579854438,0.5274420813763259,0.4614149282398762,0.5115201639464245,0.17883619797059433,0.3819761944850989,0.0
0.6153846153846154,0.5832482124616956,1.0,0.01965849817931306,1.0,0.5012023183163433,0.0,0.0018758091975818372,0.0038242542704172685,0.0366045142296369,0.035154493961099285,0.0,0.10332987624983637,0.044675902517949236,0.0635775287607553,0.20817615137883036,0.0,0.008642778704193273,0.0,0.022254778847495462,0.00861710647702274,1.0111530177861816e-05,0.05303819234215688,0.14442768492554384,0.00029490550736034995,0.17712644735362948,0.0,0.10176774876787097,0.08340375870256349,0.8791335407304988,0.04478561046511628,0.0029721030042918453,0.0,0.0,0.11083077668335217,0.0,0.01637602097102315,0.037635421573245405,0.007167554728799487,0.013261000602772756,0.8491304086176807,0.0011248107289638762,0.8454839064484195,0.03817942703743373,0.8762612585504804,0.11657352607592848,0.9821003103413756,0.012594017841525276,0.3714384074846601,0.0,0.6984442481350609,0.23842126459927507,0.007467503561253561,0.004159923648284161,0.35173917287606155,0.8871733966745844,0.5087412684409972,0.4911115915814564,0.4891946463597554,0.1846137139030416,0.48437913688112255,0.3121751469068587,0.29808586812505283,0.30268304581134414,0.5436142316928427,0.5323814602400723,0.531516285953705,0.3758741258741259,0.3741258741258741,0.032716068339321724,0.010730137053114177,0.4461212016500011,0.9055042482452901,0.5036707037293923,0.9717046036741562,0.1847173327811141,0.7937481381704207,0.0
0.14423076923076922,0.4450119169220293,0.25,0.018108453892333433,0.6296847712414932,0.646045708648471,0.07147315226801425,0.06674414574221896,0.0,0.007630029440628066,0.14245611931948732,0.10630235749544271,0.16897082959934753,0.13796137122054805,0.03072789500058641,0.4406003510116802,0.8607061320943646,0.4753426607556839,0.0015825637532803141,0.02400885008670693,0.4773167344207784,0.012487739769659343,0.0,0.015984531751414715,8.601410631343541e-05,0.509989678184178,0.0,0.17899474563154252,0.14186687593062094,0.00696561187401146,0.0015645187338501293,0.03896995708154506,0.36300569886626793,0.8607061320943646,0.15199620539318587,0.009878765419026946,0.0026314990435513095,0.0,0.0,0.0,0.0002708070048745261,0.09622539476530391,0.0002699757021868032,0.0020337052754314843,0.0002708070048745261,0.0067535520590600705,0.0,0.2945600839601189,0.4465280168485855,0.24114490552015827,0.6832957073681456,0.12426855558977518,0.05951745014245014,0.03846632640358521,0.11437217323398302,0.0,0.5187059260862087,0.4911115915814564,0.49955578631591085,0.18443272006588177,0.48437913688112255,0.31728025664358317,0.32325994418289966,0.3242094993126081,0.5401308344144194,0.5323923429354982,0.5323923429354982,0.34965034965034963,0.34965034965034963,0.01883528339935919,0.004991139508039474,0.5206250134980455,0.5085703731067602,0.5011791068665635,0.5187879675034766,0.17418098985297162,0.38476731987203566,0.0
0.15384615384615385,0.3486550902281239,1.0,0.01696437358527704,0.5142004914663109,0.530391935218678,0.014002697859832089,0.008074135241765298,0.0,0.0003434739941118744,0.021987792329746958,0.012627245355672532,0.004883549988420448,0.004156133077156437,0.0055655659924726255,0.026688991547477357,0.10366684022910243,0.06274657339244316,0.0,0.02993880683290478,0.07038655325878693,0.0,0.0,9.110879402326311e-05,0.0,0.07104679563826634,0.0,0.013512687874221009,0.01566461427019196,0.0009531889932857786,0.005056928294573644,2.145922746781116e-05,0.03424354094927405,0.10366684022910243,0.00600476344259648,0.00016941076817195193,0.00047569405787273664,0.0,0.0,0.0037010247136829415,0.1641491645102405,0.014871295695435863,0.1498965093141617,0.0014235936928020392,0.1513409961685824,0.006258635266945745,0.1514365802382621,0.10371544104785521,0.029586278123164778,0.0,0.6944035466561969,0.010246144369950961,0.01028311965811966,0.0023030001244864935,0.021095673488866474,0.1315672933692983,0.4649045423525691,0.4911115915814564,0.44361370716510895,0.15985375697957485,0.48437913688112255,0.3162314727701775,0.3212443266709892,0.29765399795999825,0.5031273289353833,0.49591898921524885,0.49591898921524885,0.3479020979020979,0.3479020979020979,0.0035316156373798487,0.0012843648896909393,0.4956428309180831,0.5126444667264763,0.5202742357146668,0.5167605943057894,0.1720604680057983,0.38131564972995374,0.0
0.21153846153846154,0.18794688457609807,0.75,0.0373486861529377,0.4916208600145276,0.5163803025320618,0.0,0.0018758091975818372,0.0,0.0,0.0017482342833737925,0.0,0.02398477540704641,0.00036404085347355647,0.0,0.024348913679368988,0.05375095125565747,5.083987473054867e-05,0.0,0.022254778847495462,5.068886162954553e-05,0.0,0.0,0.024407033598898596,0.0001843159421002187,0.02484389531021655,0.0,0.0,0.02930701436677532,0.000974138201929422,3.0281007751937984e-05,5.36480686695279e-05,0.029571678849755333,0.05375095125565747,0.0,0.0,0.0,0.0,0.0,0.0,0.006730055565585445,0.0,0.006709396154346109,9.490624618680261e-05,0.006730055565585445,0.0057327861753242735,0.006587245970567625,0.0,0.029586278123164778,0.0056174249461754516,0.6965220520874232,0.0015161924616806045,0.007233796296296296,1.0373874434623843e-05,0.0023210663890063884,0.008071983574217964,0.4527039398125801,0.4911115915814564,0.4309276566285911,0.15547370612030662,0.48437913688112255,0.31462745037555717,0.32132889803512527,0.2915694709299747,0.49477490408236496,0.4876862301254774,0.4876862301254774,0.3304195804195804,0.3304195804195804,0.0,0.00014632005072428425,0.47830054208150663,0.5260963639242175,0.5237688737128527,0.5166947229744565,0.17215158417891904,0.3813286015878978,0.0
0.5288461538461539,0.1651344909771876,0.0,0.0,0.4920432943697743,0.5012023183163433,0.0,0.0018758091975818372,0.0,0.17269381746810597,0.0017482342833737925,0.0,0.002315910303787017,4.0448983719284053e-05,1.0,0.0,0.0,0.10009354536950421,0.0002704381097377752,0.06867786880344436,0.15655761802901433,0.0,0.0,0.0,0.0,0.0,0.0,0.03634271516435176,0.0,0.0007855953241366307,3.0281007751937984e-05,0.1882618025751073,0.0,0.0,0.0,0.06350786171846047,0.024938514012732407,0.0,0.008134438944414667,0.0,0.46571783916069887,0.05905256327060351,0.4096931276185143,9.490624618680261e-05,0.410954644841628,0.005588435444290929,0.0,0.016699420716336212,0.029586278123164778,0.09450169943497885,0.6889641408192646,0.33068394494326125,0.23388532763532766,0.006307315656251296,0.10401414332042648,0.7633157534522323,0.45350288786431203,0.4911115915814564,0.4317583939079266,0.32741785142215907,0.48437913688112255,0.31462745037555717,0.09195726327065656,0.31575679631025766,0.4955698473598499,0.48846978419614967,0.48846978419614967,0.34265734265734266,0.34265734265734266,0.0,0.00014632005072428425,0.5435878884737491,0.7809910813235527,0.5237688737128527,0.5166947229744565,0.17200248498653967,0.6899713763939438,0.0
0.3076923076923077,0.5723527408920668,0.75,0.021983564609782503,0.4920432943697743,0.5012023183163433,0.05465179488211963,0.028809982567208,0.0023476672048950453,0.012634936211972522,0.09487417708114804,0.04285889846998341,0.07530736157401348,0.10002022449185966,0.06079474576451899,0.2748885437049888,0.0,0.8600479928417456,0.0053186161581762455,0.028563455520341244,0.8693038391743798,0.964730982739618,0.0,0.04911776317787474,0.21827922636455233,0.0,0.0,0.32759358070954336,0.160670449515071,0.12345368653699106,0.16418362403100775,0.016877682403433476,0.7822147042832115,0.0,0.6274019053770385,0.0,0.0007590862625628777,0.0,0.002606383537745268,0.002929475587703436,0.0002708070048745261,0.024561972744970798,0.0002699757021868032,0.02539419987255447,0.0002708070048745261,0.06137999298867878,0.0,0.6062208686168188,0.03321115408760454,0.08325592070032023,0.7092167255594818,0.08998839165146526,0.027532941595441597,0.06388231876841362,0.0947624160782655,0.933079028946415,0.5797699695401056,0.4888070917422968,0.5605284412137994,0.1982787486086099,0.4908326714323537,0.30882829248731436,0.32144165985397344,0.3182757550223957,0.6021695326948024,0.5935422085342097,0.5935422085342097,0.3688811188811189,0.3688811188811189,0.04315736674548823,0.011786892975011787,0.56060082500054,0.3069977307509631,0.5054793789681481,0.29931201053941303,0.4715179126113067,0.4230335841676489,0.0
0.6346153846153846,0.8032005447735785,0.5,0.03125922645408916,0.8923771205431887,0.9135358434725419,0.23330447562866174,0.09428999602410007,0.0012322597093566753,0.014511776251226693,0.33681981198989025,0.18137967761096205,0.34831290968956735,0.18913944787137224,0.11492573914341463,0.8248976215932703,0.0,0.0,0.007772591598389391,0.05519344615200621,0.0,0.03401518751832715,0.0,0.048105443244282925,0.00023346685999361036,0.0,0.0,0.47533705348051,0.20515916133446013,0.024625794760602917,0.11954941860465115,0.001834763948497854,0.8191868543466442,0.0,0.20302155659615695,0.1335592143575626,0.03599080999564791,0.01490029831998744,0.0,0.02277275467148885,0.0002708070048745261,0.4195976638546398,0.0002699757021868032,0.06103827433328362,0.0002708070048745261,0.009599323613717445,0.0,0.0,0.15377371863672262,0.006579163069256073,0.6445246041094098,0.15190353225462558,0.06549367877492879,0.08476492800531141,0.4769466046269482,0.0,0.6784012161764787,0.4911115915814564,0.6656051690319603,0.26913783585668904,0.48437913688112255,0.3203263568641362,0.32132889803512527,0.40952592132688814,0.6459190151536063,0.6366648891597471,0.6366648891597471,0.36713286713286714,0.36713286713286714,0.09752377442700816,0.026142515729405454,0.6964505539597867,0.3346614597076363,0.5064770847783172,0.5232013467027739,0.18349140608821704,0.3959512492066987,0.0
0.5096153846153846,0.644875723527409,0.0,0.017087392973132567,0.6406989743087789,0.6637310917461361,0.26487346232056214,0.02097032347514043,0.0,0.00018400392541707554,0.28346370166132207,0.03747209307088872,0.016251648827444544,0.043674790170896954,0.0001279440458039684,0.09683080833551876,0.6952277005647455,0.21382234514174156,0.01237003946393157,0.02324144391955191,0.22671100252430532,0.23275731316420112,0.0,0.012896955953959689,0.012275441743874566,0.4870159732654751,4.592106169494639e-05,0.0,0.10797215179685297,0.001749258921744231,0.10474200581395349,0.006169527896995708,0.21926538995952397,0.6952277005647455,0.26810511868238335,0.02181163640213881,0.00034411910569517125,0.0,0.06657838593393658,0.004822182037371911,0.13618583378467836,0.0,0.13576778089971903,9.490624618680261e-05,0.13618583378467836,0.01055822489843895,0.1404745219741716,0.0,0.029586278123164778,0.0,0.6959494830519566,0.05261661652175973,0.022658475783475785,0.0248454292709241,0.040466816342910446,0.11905672531100286,0.465725683405738,0.4911115915814564,0.4444675204799815,0.16003475081673468,0.48771511781837434,0.31462745037555717,0.32132889803512527,0.29359173355802914,0.5064727152281322,0.49921644592932773,0.49921644592932773,0.3321678321678322,0.3321678321678322,0.0,0.00014632005072428425,0.4911992743450749,0.4922528893345295,0.5437923491436802,0.5147185830344726,0.1750010354110582,0.3818078203318266,0.0
0.23076923076923078,0.8076268300987403,1.0,0.012215825214053734,0.4920432943697743,0.5012023183163433,0.5308844550927138,0.19753086419753083,0.008710801393728223,0.011469578017664376,0.7378447767754568,0.0,0.0,4.0448983719284053e-05,0.008316362977257945,0.0,0.0,0.0,0.0017929045052985837,0.02708844106918615,0.0,0.1181835647188489,0.0,0.04436998268932913,0.002691012754663193,0.0,0.03527885564714257,0.9698484786770396,0.0,0.024562947134671987,0.8296794250645995,0.0,0.0,0.0,0.0,0.03431626872783101,0.46267825875732516,1.5701051970482023e-05,0.5931414278357559,0.002218203737191079,0.0002708070048745261,0.0,0.0002699757021868032,0.054855810295971905,0.0002708070048745261,0.06025611943991917,0.0,0.0,0.05520341831878657,0.0,0.7253795314749379,0.5713794982350572,0.4349514779202279,0.1419146022656542,0.0,0.0,0.5055954104873028,0.4911115915814564,0.4859236183223722,0.18687613686753965,0.48437913688112255,0.31212887703009085,0.32132889803512527,0.31947314736795424,0.5300339507024759,0.5224401179684184,0.5224401179684184,0.3531468531468531,0.3531468531468531,0.002528432065022674,0.0009592092214147522,0.515333779668704,0.4956145443031294,0.486704369631329,0.47427358559613547,0.23845930834541312,0.39563392868707015,0.0
0.47115384615384615,0.8137555328566565,0.5,0.03476527900797166,0.904514380798813,0.9271107365998027,0.25669934969498076,0.0018758091975818372,0.0,4.906771344455348e-05,0.2565309037871749,0.09479138930422137,0.017661333360184467,0.03574678936191728,0.0,0.14666841500070607,0.0,0.0015455321918086795,0.0,0.022254778847495462,0.001540941393538184,0.21234213373509814,4.843670533530309e-05,0.8408329368413593,0.026000835565604185,0.0,0.0011480265423736598,0.0,0.011499456718580223,0.0008065445327802742,0.12443475452196383,0.03258583690987125,0.1672103747558348,0.0,0.7760071855320523,0.0,0.0,0.0,0.0,0.0,0.09045956951716114,0.0,0.09018188363047325,9.490624618680261e-05,0.09045956951716114,0.03318004660466459,0.1168084893382721,0.0,0.029586278123164778,0.08099365034261921,0.6959494830519566,0.0029020871336855325,0.031071937321937325,0.00013486036765010997,0.003427369060401957,0.10066830387696768,0.46274627296282117,0.4911115915814564,0.44136956270912653,0.16003475081673468,0.48437913688112255,0.3146197387294292,0.32132889803512527,0.2960308661137966,0.5019901184134257,0.49479807158637046,0.49479807158637046,0.3304195804195804,0.3304195804195804,0.0,0.00014632005072428425,0.45814526056627003,0.3733020212148398,0.6979138878514645,0.5163653663177925,0.17240008283288466,0.3812249867243456,0.0
0.6346153846153846,0.14334354783792985,0.0,0.006950595413837221,0.492816040141567,0.5048812068398553,3.019992349352715e-05,0.0019165876583988337,0.0,0.0,0.0018081737445180368,0.0,0.0007853956682408144,4.0448983719284053e-05,1.0662003816997368e-05,0.0007968368602610398,0.008030600392518124,0.0007727660959043397,0.0,0.022254778847495462,0.000770470696769092,0.0006066918106717089,0.0,0.002945851006752174,0.0,0.004363777580198465,0.0,0.0002647549997963423,0.002967926274699183,0.0012464779142967873,0.00012112403100775194,0.0,0.0037757506192231016,0.008030600392518124,0.0,0.0,0.0,0.0,0.0,0.0,0.0002708070048745261,0.0,0.0002699757021868032,9.490624618680261e-05,0.0002708070048745261,0.005969933804879055,0.00037040744819301233,0.0,0.029586278123164778,0.0,0.6959494830519566,0.0015280377152874843,0.007244925213675214,2.0747748869247687e-05,0.00018438377856592805,0.0002415556181810862,0.45357501511898224,0.4911115915814564,0.4318333910234221,0.15548275581216459,0.48437913688112255,0.31462745037555717,0.32132889803512527,0.29157834050290476,0.4956360926329736,0.4885350803687057,0.4885350803687057,0.3304195804195804,0.3304195804195804,0.0,0.00014632005072428425,0.4779603913353347,0.5263338434745897,0.5237421970869125,0.5165337041645319,0.17254918202526404,0.38149697574117014,0.0
0.6346153846153846,0.09874021109976167,0.75,0.006987501230193878,0.5200888142473713,0.5320875123314699,0.0023555940324951176,0.0034865583998531973,0.0,0.0,0.005664279078131088,0.0018229113327734878,0.012737506670828593,0.00928304176357569,0.0035184612596091307,0.027102539791410304,0.09103015981095046,0.03554724041159962,0.0,0.022354441986087027,0.03554302977463732,5.055765088930908e-05,0.0,0.012319933591812356,0.0004915091789339166,0.0487271463756119,0.016520101944756966,0.011078978453016171,0.012193649643848847,0.0025034304329153963,0.0042696220930232565,0.0,0.04352685313840391,0.09103015981095046,0.007013967382528662,4.235269204298798e-05,0.0005161786585427568,0.0,0.0,0.00019288728149487644,0.16626547110388962,0.016958684836686135,0.1500864922157006,9.490624618680261e-05,0.15054863493209766,0.007392819582207741,0.15174692161377518,0.10960088075811049,0.031388590753528685,0.014098206576977301,0.6960230990708023,0.015446210703371158,0.012364227207977209,0.004740860616623097,0.00998926235642469,0.15246185434196224,0.45355837036790453,0.4911115915814564,0.43181608399676935,0.15547370612030662,0.48437913688112255,0.31420330983851813,0.31850985256392184,0.28932546897866873,0.49702172292914515,0.4899008586446691,0.4899008586446691,0.33916083916083917,0.33916083916083917,0.0011669686453950803,0.0004389601521728528,0.4833164157829946,0.5244656710116629,0.5199594515285706,0.5160140525506843,0.17351832677572998,0.3817948684738826,0.0
0.11538461538461539,0.5107252298263534,0.75,0.029278614309615196,0.4920432943697743,0.5012023183163433,0.0,0.7535961505132989,0.40735744029914167,0.04981599607458292,0.0017482342833737925,0.7410646621469389,0.18895814243855286,0.7374051976944078,0.0684713885127571,0.0,0.0,0.0,0.11935335243093811,0.37059738085271776,0.0,0.28657087677078175,0.0,0.342852515108875,0.001990612174682362,0.0,0.0,0.6980672885014867,0.30580707473137747,0.047512805203783426,0.20855539405684753,0.009495708154506437,0.0,0.0,0.0,0.022891630049235005,0.008997702498911977,0.0,0.0,0.02525617842073538,0.0002708070048745261,0.5999026606099934,0.0002699757021868032,0.06976964898246946,0.0002708070048745261,0.09397232590270761,0.0,0.6892343783761538,0.029586278123164778,0.0,0.7121450071980108,0.2642439174622729,0.21660211894586895,0.3177414000580937,0.0,0.0,0.5391345839089644,0.4911115915814564,0.5207972770278066,0.18470421082162156,0.4989608154620068,0.3308296188904484,0.300693485185916,0.30632844028560025,0.5715862982693423,0.5633971422041811,0.5633971422041811,0.3409090909090909,0.3409090909090909,0.024393739315583123,0.006730722333317075,0.7364371638986675,0.2408412053406512,0.5519607320066158,0.509683085705921,0.21315386208324705,0.4071805100441659,0.0
0.46153846153846156,0.7929860401770514,0.25,0.007467276842830431,0.5305569436359234,0.5427336813548175,0.0,0.006025017585711227,0.0006161298546783376,0.0,0.006393542522052727,0.0,0.0006847039159022485,0.007523510971786835,8.529603053597894e-05,0.008220532165984144,0.09374374173909561,0.040814251433684466,0.00023037320459143814,0.03598835934541251,0.0548960371447978,0.01934335723024965,0.0,0.000738993551522023,0.0007495514978742227,0.07625880164740269,0.013317107891534452,0.00029530365361899716,0.0005935852549398366,0.004336486189234202,0.0012011466408268733,0.0021137339055793992,0.019130469804063716,0.09374374173909561,0.003441385435168739,0.0008364656678490126,2.0242300335010073e-05,0.0,0.0004729324967682946,0.0,0.013670738801628854,0.0,0.013628773410393064,0.0015998481500061011,0.014784056488335239,0.008465139298455448,0.01727900690759836,0.0,0.029586278123164778,0.0021639107769313996,0.6959494830519566,0.004975006514889484,0.007233796296296296,0.0015353334163243288,0.006767969283831712,0.012731994041628086,0.4560606312799259,0.4911115915814564,0.43441790700357674,0.15681306051528945,0.48437913688112255,0.31465829696006914,0.32132889803512527,0.29291764601534437,0.4972756631427862,0.4901511606394672,0.4901511606394672,0.33916083916083917,0.33916083916083917,0.0024874857967631977,0.0007803736038628493,0.47983392004837705,0.526117473217584,0.5211545643706984,0.5152235965746907,0.17391592462207497,0.3814063127355619,0.0
0.15384615384615385,0.12631937351038475,1.0,0.016632221238067117,0.48540283237083554,0.5015260194015126,0.004731321347319253,0.0018758091975818372,0.0012216367808277385,0.00011040235525024532,0.00768224093665398,0.013272433074575507,0.021245959743437418,0.017999797755081405,1.0662003816997368e-05,0.05227854995864518,0.058477189890655666,0.02922275999511937,2.0032452573168534e-05,0.023650062787777308,0.03057552133494186,0.00018200754320151267,0.014191954663243807,0.0013160159136693561,0.0,0.038323573596590735,1.1480265423736597e-05,0.008747097877886847,0.00862207734717695,0.002817668562570049,0.001837047803617571,0.0,0.021043516784470084,0.058477189890655666,0.001412885515905054,0.0,8.096920134004029e-05,0.0,0.0,0.0015672091621458711,0.05175422759824277,0.0052779580359074195,0.04671579557839795,0.00044741516059492657,0.04712041884816755,0.006207081434433835,0.04736209830813896,0.035960859768080757,0.03326178084688443,0.0046994021923257665,0.6988286873445885,0.004051076733552865,0.010016025641025642,0.0010996306900701274,0.002960986561676374,0.05521558838922662,0.44931950709343815,0.4891234990428679,0.4252336448598131,0.15547370612030662,0.48437913688112255,0.31346299181023185,0.3212443266709892,0.2901769479799548,0.4901929393579729,0.48316991152368616,0.48316991152368616,0.2902097902097902,0.2902097902097902,0.0,0.00014632005072428425,0.4809569574325638,0.5258166657871127,0.5216347436376246,0.5169874844470467,0.17327811141022986,0.3824683650869718,0.0
0.875,0.48450800136193395,1.0,0.0179608306269068,0.4898332414624471,0.506499712265702,0.0001006664116450905,0.0018758091975818372,0.0031656327016231834,0.0005765456329735034,0.005294652401074914,0.0,8.055340187085276e-05,0.00042471432905248255,0.000874284312993784,0.0012910774444735834,0.015160011214803542,0.003924838329198357,0.0,0.022354441986087027,0.004004420068734096,0.0,9.687341067060618e-05,0.0005162831661318243,0.0001843159421002187,0.004762342745603009,0.0,0.0006618874994908558,0.0009758944021892228,0.007803580219757199,0.0009488049095607235,0.0013412017167381974,0.0105418957288709,0.015160011214803542,0.00014128855159050541,0.0,0.0,0.0,0.0,0.0,0.003981865960562476,0.0001189703655634869,0.003859652631263186,9.490624618680261e-05,0.0038715371807987804,0.010032375806817479,0.007918710581639805,0.0010700799473191411,0.029586278123164778,0.0,0.6960312786284518,0.004145838762407903,0.007244925213675214,0.0004045811029503299,0.0020173754596036833,0.005676557027255526,0.4547567924455023,0.49167057781246537,0.4336794738663897,0.15547370612030662,0.48461742123378343,0.31546030815737924,0.32132889803512527,0.2922080801809393,0.4970106820502912,0.4898899759492431,0.4898899759492431,0.3374125874125874,0.3374125874125874,0.0,0.00014632005072428425,0.4785920998639397,0.5270093408623147,0.5236461612335271,0.5181878064846666,0.17586249741147236,0.385550907277649,0.0
0.9711538461538461,0.09124957439564181,0.75,0.08024554669815964,0.5518589687450093,0.5943717116080236,0.05537659304596428,0.006055601431323974,0.0010729157814226226,0.006427870461236506,0.06704228728983727,0.026176187452635027,0.08933372267477571,0.07079583375467692,0.015012101374332293,0.20005648463819573,0.47572796090839914,0.18025785984463333,0.00037060037260361784,0.027985409316510192,0.185926744457173,0.008483573819226063,0.0,0.0021866110565583147,0.008490821066083409,0.20527127980296575,0.0,0.040314040161296895,0.09466175701235462,0.10016864112958132,0.0446140180878553,0.0016309012875536481,0.27612315995086495,0.47572796090839914,0.08848700145325368,0.0,9.109035150754532e-05,0.0,0.0,0.0007233273056057866,0.34651260757056024,0.015541855937702789,0.3310702036816686,0.04887671678620334,0.36817716796052236,0.01649722640381086,0.37780558614475923,0.1364969286647666,0.029586278123164778,0.0,0.6929148671639838,0.153040676600886,0.02009882478632479,0.004657869621146105,0.08570591871929197,0.35424131406256293,0.4676120885278827,0.4911115915814564,0.44642898350063454,0.15797142107311246,0.48437913688112255,0.3149204929284205,0.32132889803512527,0.29434564725708456,0.5078749068425846,0.5005985482484301,0.5005985482484301,0.3321678321678322,0.3321678321678322,0.0,0.00014632005072428425,0.48505496404120685,0.5256266821468151,0.5179587045830443,0.5172363316987484,0.20053013046179333,0.4039943529899364,1.0
0.8173076923076923,0.5624787197820905,0.0,0.775022143489814,0.4920432943697743,0.5012023183163433,0.0,0.0018758091975818372,0.0,0.0,0.0017482342833737925,0.0,0.22552938688792,4.0448983719284053e-05,0.5417683999530872,0.0,0.0,0.0,0.0,0.022254778847495462,0.0,0.5001769517781126,0.0,0.0,0.0,0.0,0.0,0.12777483605555784,0.34112036701678133,0.14757670029014652,0.807109980620155,0.5628004291845493,0.0,0.0,0.0,0.0,0.0,0.0,0.0,0.0,0.0002708070048745261,0.0,0.0002699757021868032,0.4528248166275743,0.0002708070048745261,0.33351205328604133,0.0,0.0,0.029586278123164778,0.8043627938492476,0.6959494830519566,0.0014806567008599654,0.5096821581196582,0.0,1.0,0.0,0.45350288786431203,0.4911115915814564,0.4317583939079266,0.15547370612030662,0.48437913688112255,0.31462745037555717,0.3615566769091985,0.31688323207237573,0.4955698473598499,0.48846978419614967,0.48846978419614967,0.2534965034965035,0.2534965034965035,0.0,0.00014632005072428425,0.4782951428633134,0.12143121009024224,0.5237688737128527,0.5166947229744565,0.17200248498653967,0.47196570348016426,0.0
0.25,0.6942458290772897,0.5,0.0002952465308532625,0.49218238860869695,0.5014643620519567,0.0,0.0018758091975818372,0.0,0.0,0.0017482342833737925,0.0,0.0,4.0448983719284053e-05,0.0001599300572549605,0.00015129813802424805,0.0006708855689510154,0.0,0.0,0.022254778847495462,0.0,0.0,0.0,0.0,0.0,0.0,0.0005280922094918836,1.0182884607551629e-05,0.0,0.0009008159716766698,0.00012112403100775194,0.0,0.0006645321089832659,0.0006708855689510154,0.0,0.0,0.0,0.0,0.0,0.0,0.0004814346753324908,0.0,0.0004799568038876501,9.490624618680261e-05,0.0004814346753324908,0.005588435444290929,0.00022024226649314246,0.00020578460525368098,0.029586278123164778,0.0,0.6959494830519566,0.0014806567008599654,0.007233796296296296,0.0,0.0,0.00021136116590845041,0.45350288786431203,0.4911115915814564,0.4317583939079266,0.15547370612030662,0.48437913688112255,0.31462745037555717,0.32132889803512527,0.2915694709299747,0.4955698473598499,0.48846978419614967,0.48846978419614967,0.3304195804195804,0.3304195804195804,0.0,0.00014632005072428425,0.47832213895427944,0.5260172040740936,0.5238489035906738,0.5167313181585302,0.17204390142886727,0.3812832700850937,0.0
0.5384615384615384,0.5628192032686414,1.0,0.06495423678771774,0.4784635753401369,0.5147874876685301,0.0007549980873381788,0.0018758091975818372,0.008392113537860117,0.002551521099116781,0.01245741800781211,0.024537615468119535,0.018205068822812722,0.012215593083223782,0.0022496828053864444,0.05666619596134837,0.0934733848680258,0.023010127303046322,0.0001802920731585168,0.02395901851741115,0.024857817743129125,5.055765088930908e-05,0.041946186820372475,0.011732788030329105,0.00017202821262687082,0.05479760043331187,0.0,0.026241293633660543,0.006851382349390317,0.0015188176266641526,0.00655079134366925,0.0,0.04000281922712902,0.0934733848680258,0.02106208622638463,0.0,0.014483365889699706,0.0,0.0,0.0,0.04431204990872801,0.004683106208089985,0.03984641382275595,9.490624618680261e-05,0.039969107941666165,0.010083929639329388,0.04399839823806187,0.02304787578841227,0.029586278123164778,0.0,0.6978553199842953,0.01370495842315984,0.011217948717948718,0.001670193783974439,0.021117365698109524,0.060107089657393614,0.444753297047776,0.4911115915814564,0.422660666897427,0.15547370612030662,0.48437913688112255,0.31023952372873514,0.32132889803512527,0.28652268393276864,0.49000524441745563,0.4829849057014441,0.4829849057014441,0.31993006993006995,0.31993006993006995,0.0,0.00014632005072428425,0.4768427531693411,0.5258324977571376,0.5254815130982233,0.5167093610480861,0.17214330089045352,0.38133507751686985,0.0
0.2980769230769231,0.48927477017364657,0.75,0.017271922054915855,0.49899800631590874,0.5153526800394607,0.0,0.0020695068864625705,0.0,0.0,0.0019380425769972328,0.02163939127050775,0.09842618791094822,0.0016685205784204673,0.001364736488575663,0.12283391499061952,0.14970761405054672,0.0034469435067311996,0.0,0.022254778847495462,0.0034367048184831867,0.0001921190733793745,0.0,0.0009313343389044673,0.0,0.004598828831590888,0.0012054278694923427,0.03401083458922243,0.08794116463439172,0.018780965549026384,0.006056201550387596,0.0,0.14600575927827786,0.14970761405054672,0.0,0.0,0.0,0.0,0.0,0.008462929475587702,0.41393352189524785,0.0,0.41266286034256916,0.0,0.41385328278269246,0.005237869383209948,0.4124637100810892,0.35219006266141234,0.06769810250906219,0.031103485207811938,0.6867556602538936,0.0060766151003292974,0.010160701566951567,0.00022822523756172456,0.0037093677805616113,0.40994001368815175,0.45612166203387766,0.4911115915814564,0.4344813661013038,0.1567859114397155,0.48437913688112255,0.31471999012909296,0.32132889803512527,0.29296199387999466,0.49730878577934806,0.49018380872574513,0.49018380872574513,0.3356643356643357,0.3356643356643357,0.0007165596945408388,0.00034141345168999654,0.48257672289052544,0.5255105810332998,0.5247078909459532,0.5229671375247017,0.17913439635535305,0.3923376808403165,0.0
0.25,0.6676881171263194,0.5,0.13127398878063182,0.4920432943697743,0.5012023183163433,0.7245263645332098,0.0020185338104413246,0.0010835387099515596,0.006108930323846909,0.7268858452962508,0.765305286442865,0.11542295570569815,0.27158458893720294,0.026665671546310415,0.0,0.0,0.07120632854760646,0.002554137703078988,0.022802926109749048,0.07413752901937327,0.05639200380193535,0.0,0.36735065750179685,0.7727261556609569,0.0,0.006566711822377333,0.0,0.21712141333655277,0.21591301888571157,0.08814801356589147,0.06168454935622318,0.0,0.0,0.28953051832714355,0.0,0.0027225893950588546,0.0,0.0012191148805582705,0.10608800482218204,0.804216565364787,0.0,0.8017478426941574,0.018669414428461026,0.8179675432789714,0.008258923968407812,0.8187406146761438,0.0,0.029586278123164778,0.4895465623326521,0.551441238057846,0.06658217052427093,0.2529936787749288,0.005643387692435371,0.10687751494050912,0.6552598735858931,0.5460532521069481,0.4911115915814564,0.5279912311064959,0.2047854770545063,0.48437913688112255,0.31465829696006914,0.32132889803512527,0.3399352521176105,0.5575533412459632,0.5495652363177311,0.5495652363177311,0.33916083916083917,0.33916083916083917,0.027331634063200563,0.007527353720593734,0.5759184070146643,0.5093514169613171,0.5224990663180921,0.6240723120837297,0.21588734727686892,0.5105298605084899,0.0
0.20192307692307693,0.5028941096356827,1.0,0.013864285011317784,0.711791585313709,0.726164296284117,0.0008657311401477783,0.0018758091975818372,0.0,0.014793915603532876,0.014655198249767735,0.0,0.006081781841249383,0.04732531095156234,0.011323048053651202,0.06396885275665208,0.5148496014739455,0.062451702119005977,0.007872753861255233,0.023560365963044904,0.07155239707626646,0.15396827001830188,0.04664454723789688,0.04899628478584372,0.0038091961367378536,0.30006847145149257,0.05879043923495512,0.0,0.07509356513340577,0.05293865024248708,0.011193879198966408,0.03631974248927039,0.22206447975190804,0.5148496014739455,0.20543355401259486,0.007867012546985018,0.2849508618159368,0.0,0.012338283360132842,0.0118625678119349,0.662724920262382,0.0,0.6606905378515934,0.006385834564854861,0.667378788790596,0.029354752232280946,0.6889278206026629,0.0,0.029586278123164778,0.0,0.6959494830519566,0.4478571936225154,0.007534277065527065,0.028030208722353622,0.22869011594485839,0.6189862715890334,0.4941049839932977,0.4937219518111681,0.47683166032075686,0.1676093429018742,0.48437913688112255,0.31395653716242267,0.29979139063513094,0.2891480775200674,0.5402081205663971,0.5324685218034803,0.5289479698331683,0.3881118881118881,0.38636363636363635,0.005773423824586186,0.0013331382399323674,0.4836565665291666,0.5202385350150404,0.5211972469722029,0.5123106199224181,0.18597639262787327,0.3882578455879496,0.0
0.22115384615384615,0.18454204971058905,0.0,0.02685513236886133,0.9809131794367197,1.0,0.4427812116209306,0.008379973697892774,0.0,0.0004538763493621197,0.44789762340036565,0.31146181103168585,0.05262150977213456,0.08901810092021438,0.03371325606934567,0.48011942466361385,0.0,0.2801785496400537,0.0059095735090847175,0.022254778847495462,0.33169777273142,0.9501906023438527,0.0,0.14163368190883047,0.0,0.0,0.0,0.04115921958372368,0.24697170912310354,0.15212267856581715,0.05674660852713178,0.0,0.4899111943454359,0.0,0.31885798482157274,0.0,0.026112567432162993,1.5701051970482023e-05,0.0,0.012320675105485233,0.5174018575354556,0.0,0.5158135767780899,9.490624618680261e-05,0.5174018575354556,0.008640422328995936,0.5191310441485634,0.0,0.029586278123164778,0.27691500639337274,0.6871319199057716,0.023346994859159934,0.07143652065527066,0.008755550022822522,0.04267942168570158,0.3689057530496397,0.5378529380759778,0.4911115915814564,0.5194646359755394,0.17919294848010428,0.48437913688112255,0.31626231935468946,0.32132889803512527,0.3166969710408444,0.5638576830715726,0.555779255405979,0.555779255405979,0.3513986013986014,0.3513986013986014,0.006704951427489277,0.002276089677933311,0.5514815454722157,0.2270251728323394,0.8140745878461292,0.599370562833931,0.19810312694139573,0.47477625665401707,0.0
0.15384615384615385,0.2713653387810691,0.5,0.09034543844109831,0.4920432943697743,0.5012023183163433,0.19673236827800036,0.34309977469900393,0.018919435710036542,0.031354268891069674,0.574679573630633,0.015586916002703644,0.08725947257660124,0.08807766204874104,0.340192555788935,0.5124064473179883,0.0,0.0,0.0,0.20735912615360083,0.0,0.17163311323902647,0.0,0.10514967150218155,0.039701653928387114,0.0,0.0029733887447477786,0.15493258930389803,0.2736931063624291,0.1599367333898962,0.32193758074935397,0.0,0.9038140115588312,0.0,0.3839516389471984,0.016475197204722326,0.012610953108711275,0.0,0.0,0.003954189270644967,0.0002708070048745261,0.2143629677698464,0.0002699757021868032,0.027604159605190012,0.0002708070048745261,0.024869568803744867,0.0,0.7354227330253423,0.029586278123164778,0.0,0.6989840989399294,0.14232072208665988,0.01651531339031339,0.1571849454334205,0.5227063200251629,0.0,0.6500052708378413,0.48204124896508443,0.626156686281297,0.24811540167057314,0.48437913688112255,0.32142912226043774,0.3076283370450765,0.3815778970242583,0.625570675425764,0.6165319026216413,0.6165319026216413,0.38636363636363635,0.38636363636363635,0.02630797735671365,0.007250971402558975,0.7068872427272531,0.4112829173043432,0.464135944085792,0.585530264217229,0.21995444191343966,0.4796072996671372,0.0
0.47115384615384615,0.9172625127681308,0.25,0.022389528589705738,0.7446899486381643,0.7625421325221967,0.015331494493547284,0.004006483775269902,0.006734936687345967,0.0051275760549558385,0.029560144254303155,0.055209634803268945,0.346087621962885,0.11367175649711803,0.02311522427525029,0.5362712069556798,0.0,0.10504534916825965,0.0,0.059319500089696824,0.14243570117902293,0.04384359485120883,0.0,0.02097526902402235,0.0,0.20907297830374755,0.3091405873303791,0.2851004032422305,0.21872107529478046,0.0032261781311210967,0.09454739987080103,0.0009871244635193132,0.8694798525946958,0.0,0.4734175682221864,0.002191751813224628,0.0026416201937188143,0.0,0.0,0.0,0.804708029929189,0.04519792342634653,0.7604615584597386,0.009829575497918842,0.7699945838599025,0.031994308456890684,0.7939133046350986,0.49719618475341865,0.029586278123164778,0.0,0.6835329145399818,0.054381559309184806,0.019720441595441597,0.009523216730984687,0.13415546806364495,0.6610370787873908,0.5291033472594417,0.4911115915814564,0.5103669089650398,0.19112949204079602,0.48437913688112255,0.31755787590419055,0.32132889803512527,0.32988602598784866,0.5469430566673107,0.5391069660133421,0.5391069660133421,0.33916083916083917,0.33916083916083917,0.018630552058061807,0.004942366157798046,0.5474807247910503,0.48882262916248875,0.49286667022355013,0.5163873234282368,0.1742803893145579,0.3827209263168802,0.0
0.23076923076923078,0.714334354783793,0.0,0.027802381655348884,0.5222679573238268,0.5429597583031898,0.008939177354084038,0.002232620729730556,0.0,2.453385672227674e-05,0.010988901209778124,0.023114106056571698,0.036259100017117595,0.038224289614723427,0.008092460897101002,0.10482943656573401,0.1946970000400529,0.027900923252125107,2.0032452573168534e-05,0.02352050070760828,0.02911568212001095,0.00016178448284578906,0.0,0.003715214156281951,0.010911503772332949,0.0423501037291392,0.0,0.0009368253838947498,0.05719546058191476,0.032366527354429186,0.035095687984496124,0.03256437768240344,0.15406069393262048,0.1946970000400529,0.03741119005328597,0.0,0.0008704189144054331,0.0,0.0,0.016576250753465943,0.20860163286594052,0.0,0.20796128348448642,9.490624618680261e-05,0.20860163286594052,0.00773307487678634,0.2100310341375513,0.051960612826554446,0.029586278123164778,0.12732101288510508,0.6959494830519566,0.009298524081400581,0.012942930911680911,0.003983567782895555,0.00942526491610538,0.1924996980554773,0.46378934403036004,0.4911063181264469,0.4424483673704857,0.15995330359001275,0.48437913688112255,0.314696855190709,0.32132889803512527,0.2960397356867267,0.5030169201468437,0.4958101622609888,0.4958101622609888,0.34265734265734266,0.34265734265734266,0.0023134641566604224,0.0007641158204490399,0.4626374101030171,0.5206871074990764,0.5568158779277597,0.5333089365439508,0.17817353489335266,0.40073696071701487,0.0
0.4519230769230769,0.6084439904664624,0.5,0.2981005806515107,0.4920432943697743,0.5012023183163433,1.006664116450905e-05,0.0018758091975818372,0.0,0.0,0.0017582241935644998,0.8200847961001986,0.05478638244741373,0.1666194761856608,0.0011088483969677262,0.0,0.0,0.12293081709846668,0.0,0.023540433335326592,0.12387344005028335,0.3859166607682741,0.000847642343367804,0.0,0.009056056621857413,0.5228050811948779,0.0,0.3671235387560588,0.5878103746629643,0.0030481098576501274,3.0281007751937984e-05,0.00022532188841201716,0.0,0.0,0.7150310834813499,0.05636084493620625,0.0008906612147404431,0.0005181347150259068,0.0,0.248499095840868,0.7016108001845499,0.0,0.699457048865602,9.490624618680261e-05,0.7016108001845499,0.0032478914482502626,0.697747522274502,0.40735062609966144,0.029586278123164778,0.010262182926962548,0.6926858395497972,0.012769183388216341,0.031717414529914535,0.006857131001286361,0.013731168450850878,0.45504046056604536,0.5893628944112475,0.4911115915814564,0.5730241144571362,0.1589849865612076,0.48437913688112255,0.31458889214491725,0.32132889803512527,0.294966517362189,0.6286345193077368,0.6196280294703391,0.6196280294703391,0.3479020979020979,0.3304195804195804,0.0,0.00014632005072428425,0.4281148089756604,0.5159744577550266,0.5604118871045191,0.48490082705116,0.20977428038931456,0.382610835524356,0.0
0.7019230769230769,0.04937010554988083,0.0,0.006421612046058458,0.5224225064781853,0.5341838622163763,0.004479655318206527,0.007258566025425369,0.0005842610690915272,0.0007237487733071638,0.012597276750482013,0.02297073100792659,0.01407670697693152,0.006835878248559005,0.009542493416212643,0.05253071352201892,0.1272980334040934,0.02929393581974214,7.011358400608988e-05,0.025334369829974685,0.03241045812593141,0.01965681466576337,0.0,0.0064788475749875995,0.0,0.05907962105650428,0.0,0.016781393833245083,0.03727514185681516,0.009301448637777708,0.007136224160206719,0.0006652360515021459,0.06979600877987877,0.1272980334040934,0.009082835459389633,0.0,0.000587026709715292,0.0,0.0,0.0,0.22259332811779103,0.02134977287475665,0.20217180453759162,0.0016947543961929037,0.2039778540049347,0.00807333017136494,0.20573630994093503,0.1564889030651617,0.029586278123164778,0.0,0.694812524538673,0.01068441875340551,0.01006054131054131,0.0027490767251753183,0.02904586817644443,0.19168444784411612,0.4618641011557006,0.4911115915814564,0.44045229029652705,0.15836960751486412,0.48437913688112255,0.31550657803414717,0.32132889803512527,0.2954188655816222,0.5014877584255707,0.49430290894448736,0.49430290894448736,0.36713286713286714,0.36713286713286714,0.0037158738445474924,0.0011217870555528457,0.4790834287195215,0.5236635178637394,0.5288534386170837,0.5213642684622704,0.1734437771795403,0.38647696512064655,0.0
0.21153846153846154,0.9186244467143344,0.75,0.014762326542663124,0.6507498209805629,0.6656578839197632,0.0,0.0018758091975818372,0.0,0.0007114818449460254,0.002327649074434821,0.0,0.003564488032785235,0.001516836889473152,0.00842298301542792,0.013001553327550383,0.33399086794568833,0.0011693171188026192,0.000901460365792584,0.022254778847495462,0.002078243326811366,0.23699404430872523,0.00012109176333825773,0.0014273711063644552,0.0,0.24311453127714586,0.05740132711868299,0.0,0.0026057386615155535,0.00522682755658905,0.03921390503875969,0.0,0.09630681246098392,0.33399086794568833,0.020860245438398192,0.0,0.0021760472860135826,0.0,0.010929995480867254,0.0021458710066305,0.026318428918176165,0.0,0.02623763861252487,0.00016269642203451876,0.0263685783635233,0.028468026313076114,0.04825307838622485,0.0,0.029586278123164778,0.009191156380804581,0.6959494830519566,0.008883940205159792,0.009837962962962963,0.005581144445827627,0.008427423290925063,0.030345424533998952,0.4635174797627568,0.4911115915814564,0.44217145494404053,0.15744653894534894,0.48437913688112255,0.31367120625568734,0.32132889803512527,0.29240321078540066,0.5050153192194099,0.49777993013309535,0.49777993013309535,0.3321678321678322,0.3321678321678322,0.012242934209583474,0.003381618950072347,0.4982614517417878,0.5162277692754235,0.5114976257802912,0.5132401375978921,0.17756057154690413,0.38250722066080384,0.0
0.3942307692307692,0.27340823970037453,0.5,0.020396614506446215,0.5703739574371629,0.5878463087800067,0.00806337957277175,0.007666350633595334,0.0009241947820175066,0.0,0.016293543521043747,0.020922516027282224,0.02513266138370606,0.013691980988977651,0.021526585706517685,0.07976437836638357,0.2626166539832579,0.062319518444706554,0.0028045433602435946,0.023689928043213935,0.06643282205168237,0.04622991597318422,0.0,0.007157101930494113,0.0003071932368336979,0.12118424952223278,5.740132711868299e-05,0.03603722862612521,0.03609803211396837,0.017890624181671536,0.056443798449612406,0.0001609442060085837,0.14467669506031133,0.2626166539832579,0.03208259325044405,0.0,0.002864285497403925,0.0,0.0,0.01510548523206751,0.22298449379149868,0.020311486048020768,0.20353168214860662,0.002914977561451794,0.20623457904555575,0.011403707751634256,0.21123235559115028,0.13617796252662337,0.029586278123164778,0.0,0.6965711294333203,0.014131387553007508,0.013310185185185187,0.004025063280634051,0.033980845779238385,0.18565562220701318,0.4682279443177594,0.49301003538488314,0.4491404176762432,0.16280395652528032,0.48437913688112255,0.3148819346977806,0.32132889803512527,0.2990465209100182,0.5075547213558199,0.500282950081076,0.500282950081076,0.3531468531468531,0.3531468531468531,0.01697222819355301,0.004519663789039002,0.48987646588773953,0.5272732070293946,0.5141439470735741,0.5208153407011636,0.18086560364464693,0.3917872268776956,0.0
0.6634615384615384,0.27851549199863807,0.5,0.0007381163271331562,0.4917032862301855,0.5011714896415653,0.0,0.0018758091975818372,0.0,0.0,0.0017482342833737925,4.0964299612887366e-05,0.0,7.07857215087471e-05,0.0,7.06057977446491e-05,1.001321744703008e-05,0.0,0.0,0.022254778847495462,0.0,0.0,0.0,0.0,0.0,0.0,0.0,0.0,0.0,0.0007855953241366307,4.037467700258398e-05,0.0,1.0068668317928272e-05,1.001321744703008e-05,1.0092039399321815e-05,0.0,0.0,0.0,0.0,0.0,0.0002708070048745261,0.0,0.0002699757021868032,9.490624618680261e-05,0.0002708070048745261,0.00559874621079331,1.0011012113324657e-05,0.0,0.029586278123164778,0.0,0.6959494830519566,0.0014806567008599654,0.007233796296296296,0.0,5.42305231076259e-05,5.032408712105963e-05,0.453480694862875,0.4911115915814564,0.4317353178723895,0.15547370612030662,0.48437913688112255,0.31462745037555717,0.32132889803512527,0.2915694709299747,0.495547765602142,0.4884480188052977,0.4884480188052977,0.32867132867132864,0.32867132867132864,0.0,0.00014632005072428425,0.4782789452087338,0.5261069185709008,0.5237688737128527,0.5166874039376418,0.17201076827500517,0.3812120348664016,0.0
0.9230769230769231,0.1041879468845761,0.25,0.3282895384312568,0.5173223843843534,0.663535843472542,0.08038212969860475,0.013365140532770589,0.0003186878558681057,0.004710500490677134,0.09691211876005236,0.15817340188026133,0.14860088810125563,0.03857821822226717,0.0016632725954515892,0.344667244961772,0.7539051548043417,0.18683653963476635,3.00486788597528e-05,0.0400944806553848,0.20445859226893484,0.00018200754320151267,0.0,0.24395898079629086,0.014917303580644367,0.46498247335234183,0.0,0.037391552278929575,0.24927562477363274,0.004713571944819784,0.0037245639534883718,0.006469957081545064,0.29996576652771906,0.7539051548043417,0.0035120297109639915,0.00028588067129016887,0.0,0.0,0.0,0.06515973477998795,0.7484704419169125,0.0019143413367942895,0.7444030037296643,0.02104207058313109,0.7621813002748189,0.011269667787103293,0.7660026028631495,0.144038934447314,0.5318138555314798,0.0,0.7028039523622563,0.022411219824216438,0.05139334045584046,0.009990041080542762,0.04866647143678347,0.7611316880711785,0.45845747543512155,0.49168639817749393,0.4375389408099688,0.157337942643053,0.48437913688112255,0.3192852846368586,0.32132889803512527,0.29874495543039603,0.49663529216925667,0.48951996430475897,0.48951996430475897,0.3304195804195804,0.3304195804195804,0.0,0.00014632005072428425,0.45074293242338515,0.5197108026808802,0.5053620018140106,0.44523896655200174,0.2558376475460758,0.3835239415094096,0.0
0.4326923076923077,0.33299284984678246,0.5,0.019633894301741957,0.4980810146667147,0.5154246136139428,0.0,0.0018758091975818372,0.0,0.0,0.0017482342833737925,0.00010241074903221843,0.0,8.089796743856811e-05,0.0,0.0001412115954892982,0.02786678415508471,0.010747549518037988,0.0,0.022254778847495462,0.010715625348485924,0.002517771014287592,0.0,0.0037354605549537873,0.00029490550736034995,0.01736313374416204,0.0,0.0010590199991853692,0.001096623606583766,0.0015188176266641526,0.008115310077519379,0.0,0.010914436456634246,0.02786678415508471,0.0,0.0,0.0,0.0,0.0,0.0,0.005045034201921726,0.0,0.005029547340739332,9.490624618680261e-05,0.005045034201921726,0.00559874621079331,0.004775252778055861,0.0,0.029586278123164778,0.0,0.695736814553069,0.0018004785482457178,0.007233796296296296,0.0013797252998049713,0.0004989208125901583,0.0018016023189339346,0.4551562664713683,0.4911115915814564,0.4334775585554401,0.15547370612030662,0.48437913688112255,0.31462745037555717,0.32132889803512527,0.2915694709299747,0.4972149383090894,0.4900913058146241,0.4900913058146241,0.3356643356643357,0.3356643356643357,0.0,0.00014632005072428425,0.4801308770490033,0.5140587893820254,0.5344448594141813,0.5171265461465271,0.1720936011596604,0.3816653498944424,0.0
0.04807692307692308,0.9101123595505618,0.0,0.7845069382934751,0.4920432943697743,0.5012023183163433,0.0,0.0018758091975818372,0.0,0.0,0.0017482342833737925,0.0,0.0,4.0448983719284053e-05,0.0,0.0,0.0,0.0,0.0,0.022254778847495462,0.0,0.0,0.0,0.0,0.042810449485144134,0.0,0.09873028264413473,0.0,0.0,0.0007855953241366307,3.0281007751937984e-05,0.1200107296137339,0.0,0.0,0.0,0.16804489385356558,0.5974616155379897,0.42862301774218875,0.02737753675736461,0.13416515973478,0.0002708070048745261,0.0,0.0002699757021868032,0.3160513578372222,0.0002708070048745261,0.4417029261955334,0.0,0.0,0.029586278123164778,0.15434803991213208,0.40621319199057715,0.0014806567008599654,0.007233796296296296,0.0,0.0,0.0,0.45350288786431203,0.41352852148141894,0.4317583939079266,0.548918109338377,0.7665872385491129,0.6048166941715378,0.32132889803512527,0.6327819415495144,0.4955698473598499,0.48846978419614967,0.48846978419614967,0.3409090909090909,0.3409090909090909,0.0,0.3135963842689688,0.4782951428633134,0.5260963639242175,0.5237688737128527,0.9820903169142939,0.7653095879063988,0.3812120348664016,0.0
0.21153846153846154,0.38168198842356144,0.5,0.012301938785552604,0.4924863352789354,0.5067823084511675,0.0,0.0018758091975818372,0.0,6.133464180569185e-05,0.0017981838343273295,0.0,2.013835046771319e-05,4.0448983719284053e-05,0.0,2.017308506989974e-05,0.010954459887050906,0.007087078537438484,0.0,0.022254778847495462,0.007066027311158646,0.0006269148710274326,0.0,0.0,0.0,0.007766910915575722,0.0,0.0,0.0025554348263511608,0.0010474604321821742,0.0005753391472868218,0.0,0.0033629352181880423,0.010954459887050906,0.0,0.0,0.0,0.0,0.0,0.0,0.00045134500812421015,0.0,0.00044995950364467197,9.490624618680261e-05,0.00045134500812421015,0.00559874621079331,0.0001902092301531685,0.0,0.029586278123164778,0.0,0.6959494830519566,0.0015517282225012438,0.007233796296296296,6.224324660774305e-05,5.42305231076259e-05,0.00017110189621160273,0.4535139843650305,0.4911115915814564,0.4317699319256951,0.15547370612030662,0.48437913688112255,0.31462745037555717,0.32132889803512527,0.2915694709299747,0.4955808882387038,0.48848066689157565,0.48848066689157565,0.3304195804195804,0.3304195804195804,0.0,0.00014632005072428425,0.4782681467723474,0.5261333051876088,0.5237688737128527,0.5167093610480861,0.17219300062124662,0.3813739330907019,0.0
0.8942307692307693,0.10589036431733061,0.5,0.002435783879539415,0.49320241302746337,0.5033757398881947,0.004399122188890455,0.0024976807250410332,0.0,1.226692836113837e-05,0.006723209558346071,0.0015771255350961637,0.0006343580397329655,0.006845990494488826,0.0002239020801569447,0.00918884024933933,0.018334201145512076,0.013065847805751006,0.0,0.022254778847495462,0.0130270374387932,0.0,0.0,0.000900964740896713,0.0,0.014041757365790846,0.0,0.0014968840373100892,0.002072518008772989,0.001749258921744231,0.00015140503875968992,0.0,0.004601381421293221,0.018334201145512076,0.0009890198611335378,0.0,0.0,0.0,0.0,0.0,0.05544522677579186,0.0,0.055275025247727705,9.490624618680261e-05,0.05544522677579186,0.005784340007836183,0.05526078686555211,0.045673893136054494,0.029586278123164778,0.0068960994961803695,0.6961130742049471,0.001978157352348914,0.008780715811965812,0.0011411261878086227,0.000791765637371338,0.05490357904907605,0.4538635241376632,0.4911115915814564,0.43213337948540437,0.1555913521144605,0.48437913688112255,0.31477397165198884,0.32132889803512527,0.29185329726373677,0.49575202186094014,0.4886493486706788,0.4886493486706788,0.3339160839160839,0.3339160839160839,0.00018425820716764426,0.00019509340096571232,0.47864069282767857,0.5274684679930339,0.5220135517259777,0.5166581277903828,0.17280596396769518,0.3818078203318266,0.0
0.21153846153846154,0.9400749063670412,0.0,0.0032477118393858875,0.5013471534621586,0.5118382111147649,0.0,0.0018758091975818372,0.0,7.360157016683021e-05,0.0018081737445180368,0.0,0.0010270558738533727,0.0010820103144908485,0.0006610442366538368,0.0026931068568316154,0.023460968478391478,0.003924838329198357,0.0002103407520182696,0.022254778847495462,0.004126073336645006,0.016229005935468215,0.0,0.0006985007541783504,6.143864736673958e-05,0.021318126539330205,0.0,0.0,0.0014386896857016378,0.0009322397846421351,0.0010194605943152455,1.072961373390558e-05,0.0025775790893896376,0.023460968478391478,0.0,0.0,2.0242300335010073e-05,0.0,7.356727727506805e-05,0.0,0.01287837756514413,0.0,0.01283884450399464,9.490624618680261e-05,0.01287837756514413,0.005846204606850473,0.012824106517168886,0.0,0.029586278123164778,0.0,0.6959494830519566,0.006550425244604487,0.007311698717948719,0.0007572928337275405,0.006269048471241554,0.010920326905269938,0.4545903449347249,0.4911115915814564,0.43288911964924426,0.1558266441027683,0.48437913688112255,0.31462745037555717,0.32132889803512527,0.2919153842742472,0.4964365563498855,0.489324075787091,0.489324075787091,0.3321678321678322,0.3321678321678322,0.0,0.00014632005072428425,0.47940198259292055,0.5247717557654757,0.5237315264365362,0.5163141330600892,0.17255746531372954,0.38130269787200977,0.0
0.34615384615384615,0.6544092611508342,0.0,0.02060574746580061,0.48394491868138656,0.5017315439000329,0.0028387928083915518,0.0018758091975818372,0.0,8.58684985279686e-05,0.004645308238678935,0.0,0.00041283618458812037,0.011042572555364547,4.264801526798947e-05,0.011438139234633153,0.015280169824167902,0.010808557367714647,0.0,0.0223145767306504,0.010837278616396833,0.0,0.0,7.086239535142686e-05,0.0,0.010996310717315102,0.0,0.0005906073072379943,0.002002092639542839,0.0007855953241366307,0.001816860465116279,0.00017167381974248928,0.004530900743067722,0.015280169824167902,0.015915146132730502,0.0,0.0,0.0,0.0,0.0,0.009899500511524342,0.0,0.009869111779939804,9.490624618680261e-05,0.009899500511524342,0.005609056977295692,0.009640604665131646,0.008437168815400919,0.029586278123164778,0.0008743073846187474,0.6963993587226803,0.0018123238018525976,0.007712339743589744,0.0010892568156355036,0.0006290740680484604,0.011977132734812192,0.45224343503276243,0.4911115915814564,0.43044882889119646,0.15547370612030662,0.48437913688112255,0.31462745037555717,0.32132889803512527,0.2915694709299747,0.4943167076099258,0.48723459826529836,0.48723459826529836,0.3269230769230769,0.3269230769230769,0.0,0.00014632005072428425,0.47841932488175715,0.526011926750752,0.5237421970869125,0.5167166800849008,0.17195278525574653,0.3811861311505136,0.0
0.15384615384615385,0.888321416411304,0.25,0.31347800413345145,0.4920432943697743,0.5012023183163433,0.0,0.09227146221365874,0.08747981643579501,0.1139106967615309,0.0017482342833737925,0.2630522499641562,0.0,4.0448983719284053e-05,0.34569414975850565,0.0,0.0,0.0,0.0,0.28674081604177876,0.0,0.0,0.0,0.19670388629622507,0.0077535572976825335,0.0,0.00028700663559341495,0.0,0.0,0.9349631817658087,0.23148821059431524,0.04091201716738198,0.0,0.0,0.0,0.09260416115199321,0.15252573302430086,0.0613126079447323,0.10725058065600993,0.12706449668474987,0.0002708070048745261,0.1718905472636816,0.0002699757021868032,0.11346719633390728,0.0002708070048745261,0.32374775740828576,0.0,0.0,0.029586278123164778,0.0,0.36111111111111116,0.2854706119258013,0.2411525106837607,0.2330802107971285,0.0,0.0,0.9514306163551324,0.42092190540476404,0.8727125879773854,0.34508284992896,0.48437913688112255,0.29012755062695683,0.32132889803512527,0.44922612976185194,0.8193988241464021,0.807659241040821,0.807659241040821,0.3706293706293706,0.3706293706293706,0.26078678254460586,0.061942154806613664,0.6622627043604087,0.5732175840413742,0.3440057621512031,0.5848276366830125,0.83363843445848,0.9587677602352058,0.0
0.23076923076923078,0.24616956077630234,1.0,0.00916494439523669,0.48851957365039944,0.5015157431765866,0.0,0.0018758091975818372,0.0,0.0,0.0017482342833737925,0.0,0.0,7.07857215087471e-05,0.0,3.025962760484961e-05,0.0006508591340569553,0.0,0.0,0.022254778847495462,0.0,3.0334590533585446e-05,0.0,0.0,0.0,3.065885887727259e-05,0.0,0.0,0.0,0.0014035969791241134,5.046834625322998e-05,0.0,0.0006141887673936246,0.0006508591340569553,0.0,0.0,0.0,0.0,0.0,0.0004822182037371911,0.0002708070048745261,0.0,0.0002699757021868032,9.490624618680261e-05,0.0002708070048745261,0.005650300043305218,6.006607267994794e-05,0.0,0.029586278123164778,0.0,0.6959494830519566,0.0015043472080737248,0.007233796296296296,0.0,0.00023861430167355395,0.0002415556181810862,0.45340301935784555,0.4911115915814564,0.4316545517480097,0.15547370612030662,0.48437913688112255,0.31462745037555717,0.32132889803512527,0.2915694709299747,0.49547047945016426,0.4883718399373157,0.4883718399373157,0.3304195804195804,0.3304195804195804,0.0,0.00014632005072428425,0.478203356154029,0.5261808010976832,0.5237688737128527,0.5166874039376418,0.17201905156347072,0.3812120348664016,0.0
0.10576923076923077,0.7010554988083078,1.0,0.013458321031394547,0.49905467433917355,0.513816384413022,2.01332823290181e-05,0.0024365130338155384,0.0,0.0007728164867517173,0.002957013416449386,0.010302521352641173,0.0029301299930522694,0.0011426837900697746,0.00018125406488895526,0.014343063484698717,0.04003284335322626,0.014804571521535772,5.008113143292133e-05,0.027148238952341086,0.019788931580174574,0.0,0.0,0.0003846815747648887,0.0015359661841684892,0.021614495508477174,0.0,0.004847053073194574,0.004718499738420057,0.003948925829326797,0.006449854651162791,0.0,0.018959302442658935,0.04003284335322626,0.0019982238010657193,0.00032823336333315684,7.084805117253525e-05,0.0,0.0,0.0,0.024583258109165312,0.00037854207224745834,0.02415782579567839,0.0038640400233198196,0.02701049126396662,0.007083496587136287,0.02814095505055561,0.007511138091759355,0.029586278123164778,0.0,0.6989104829210837,0.005188221079813318,0.007422987891737892,0.0010788829412008798,0.012017483920649899,0.026510729095374212,0.4544849281778991,0.49152292107219886,0.43323526018230063,0.1559714391724962,0.48437913688112255,0.3153600567577155,0.32132889803512527,0.29289990686948425,0.49615501393910955,0.4890465670537278,0.4890465670537278,0.3321678321678322,0.3321678321678322,0.0,0.00014632005072428425,0.4849199835863767,0.5242756873713652,0.5203115829909832,0.5167898704530484,0.17439635535307516,0.38316776541594894,0.0
0.5384615384615384,0.519237316990126,1.0,0.015254404094085228,0.4923214828476196,0.5078510358434726,0.0,0.0018758091975818372,0.0,0.0,0.0017482342833737925,0.0,4.027670093542638e-05,4.0448983719284053e-05,2.1324007633994736e-05,6.051925520969922e-05,0.013017182681139104,5.083987473054867e-05,0.0,0.022254778847495462,5.068886162954553e-05,0.0,0.0,0.008078313070062662,9.830183578678331e-05,0.008288111516489356,0.0,0.0040629709584131,2.0121534065757174e-05,0.001675936691491479,3.0281007751937984e-05,4.291845493562232e-05,0.0049336474757848536,0.013017182681139104,0.0,0.0,0.0,0.0,0.0,0.0,0.004784257086116627,0.0,0.004769570738633522,9.490624618680261e-05,0.004784257086116627,0.00559874621079331,0.00451496646310942,0.0,0.029586278123164778,0.003956240915399832,0.696284844915587,0.0015754187297150031,0.007233796296296296,3.1121623303871525e-05,0.00024946040629507914,0.0043882603969564,0.4535805633693415,0.4911115915814564,0.4318391600323064,0.15554610365517058,0.48437913688112255,0.31462745037555717,0.32132889803512527,0.2916315579404852,0.4956084904358387,0.4885078736301407,0.4885078736301407,0.3304195804195804,0.3304195804195804,0.0,0.00014632005072428425,0.4787864717188951,0.5260963639242175,0.5237315264365362,0.517309522066896,0.17201076827500517,0.3817624888290226,0.0
0.0673076923076923,0.02689819543752128,1.0,0.004281074697372306,0.5196251667842957,0.5304998355804011,2.01332823290181e-05,0.0018758091975818372,0.0,0.004146221786064769,0.005144803748214304,0.009575405034512421,0.017449880680273477,0.0038932146829810904,0.0038063353626680597,0.03435476387403926,0.0946048784395402,0.009822263797942002,0.0025741701556521563,0.022254778847495462,0.012398495554586835,0.00041457273729233443,0.0021069966820856842,0.0013261391130052742,0.0,0.01514547628537266,0.0,0.04787992342470775,0.02489033763934162,0.004001298850935905,0.004895429586563308,1.072961373390558e-05,0.08020701182061661,0.0946048784395402,0.0006761666397545617,0.0,0.00036436140603018127,0.0,0.0,0.0,0.09964694790475617,0.00299589011464417,0.0965713085822276,0.0027929552449259053,0.09886461655734087,0.005846204606850473,0.0986585243768145,0.032318472255090595,0.044713553795994405,0.0,0.6928985080486848,0.021510980550093577,0.00827991452991453,0.0013589775509357234,0.03507630234601243,0.09471999677925842,0.4559663110238187,0.4911115915814564,0.43431983385254413,0.15692165681758538,0.48437913688112255,0.31428042629979797,0.32132889803512527,0.292589471816932,0.4973860719313257,0.4902599875937272,0.4902599875937272,0.34615384615384615,0.34615384615384615,0.0005323014873731945,0.00032515566827618725,0.4781385655357105,0.5257269512903054,0.52507602838393,0.5177706213862255,0.173327811141023,0.383200145060809,0.0
0.5384615384615384,0.9431392577459993,0.75,0.005166814289932094,0.49618521170658325,0.5074913679710622,0.02987779097626286,0.00944021367913468,0.0,0.0,0.0388108010908982,0.007199475656964955,0.028435350860411022,0.006512286378804733,0.004797901717648815,0.0465796534263985,0.09564625305403132,0.04831821694391345,0.0001201947154390112,0.0223145767306504,0.04835717399458644,0.0001314498923122036,0.0,0.0013362623123411924,0.0,0.05022943046059825,0.0,0.02133314325282066,0.01566461427019196,0.0038127559731431144,0.006823320413436693,0.0002467811158798283,0.04668841499023339,0.09564625305403132,0.0005550621669626999,0.0,0.0005161786585427568,0.0,0.0,0.0,0.1961746003089206,0.011788881678563703,0.18467337939585438,9.490624618680261e-05,0.18524202122324526,0.008444517765450682,0.18739613574932426,0.13911039315148832,0.029586278123164778,0.008076414465415679,0.700497317105091,0.009239297813366184,0.01256454772079772,0.004906842607577078,0.016909077104957756,0.18126736181005676,0.4574365973690197,0.4911115915814564,0.4358486212068766,0.1567587623641415,0.48437913688112255,0.31610037478600184,0.32132889803512527,0.2945141691427558,0.4976510530238207,0.49052117228395126,0.49052117228395126,0.34615384615384615,0.34615384615384615,0.0,0.00014632005072428425,0.48531952573267395,0.525257269512903,0.5179853812089846,0.5171192271097124,0.17392420791054047,0.3830835783393128,0.0
0.15384615384615385,0.1780728634661219,1.0,0.009632418069087689,0.5324527465960548,0.5455288145346926,0.02085808049286275,0.0018758091975818372,0.0,0.0005520117762512266,0.02289687415710133,0.025090633512893513,0.025686466021568176,0.00879765395894428,0.0,0.05917774505255089,0.16633956823006368,0.017173709683979337,0.0,0.032161294823496576,0.027199643150414128,0.014004469296338614,0.029667482017873142,0.006914145146432078,0.0,0.061082666503152756,0.0,0.08743024724043827,0.012183588876815967,0.004535503671348815,0.0048752422480620155,0.0,0.10708028756116716,0.16633956823006368,0.015824317778136605,0.0,0.00142708217361821,0.0,0.0,0.0,0.1195362179294297,0.0033311702357776336,0.11608955194032536,9.490624618680261e-05,0.11644701209604622,0.006093663002907636,0.11644809290219241,0.06531603370751835,0.029586278123164778,0.03145320816165944,0.7008899358722681,0.019106394067896996,0.01609241452991453,0.004108054276111042,0.026128266033254157,0.1501570111518177,0.43526578893345985,0.4911115915814564,0.412795661705319,0.15547370612030662,0.48437913688112255,0.30585930872804107,0.32132889803512527,0.28148476650849263,0.48369538215241936,0.4767654452654833,0.4767654452654833,0.28321678321678323,0.28321678321678323,0.0,0.00014632005072428425,0.47646480789581674,0.5239907119109187,0.5134023368724324,0.4970723852740979,0.19472354524746324,0.3816070665336943,0.0
0.5384615384615384,0.7521280217909432,1.0,0.004920775514221041,0.49624703136832665,0.5074451249588952,0.0,0.0019267822736030828,0.0,2.453385672227674e-05,0.0018181636547087443,1.0241074903221842e-05,0.0,0.00013145919708767317,0.00013860604962096578,0.00023199047830384703,0.01246645572155245,0.00025419937365274333,0.0,0.022254778847495462,0.0002534443081477276,0.010131753238217538,0.0,1.0123199335918124e-05,0.0,0.01050576897527874,0.0,0.0002545721151887907,0.00041249144834802203,0.001990174821146131,0.0002018733850129199,0.00020386266094420602,0.002184901024990435,0.01246645572155245,2.018407879864363e-05,4.235269204298798e-05,0.0,0.0,0.0,0.0,0.0023670538203847463,0.0,0.0023597876191142797,9.490624618680261e-05,0.0023670538203847463,0.005763718474831419,0.002252477725498048,0.0,0.03026467669751524,0.0,0.6959985603978537,0.0019544668451351543,0.007244925213675214,4.149549773849537e-05,0.000845996160478964,0.0019626393977213255,0.45366933537508947,0.4911115915814564,0.43193146417445477,0.15557325273074454,0.48437913688112255,0.3146197387294292,0.32132889803512527,0.2916492970863453,0.49568577658781643,0.4885840524981227,0.4885840524981227,0.3321678321678322,0.3321678321678322,0.0,0.00014632005072428425,0.47844632097272316,0.526143859834292,0.5237421970869125,0.5169362511893435,0.17268999792917789,0.38195676669818285,0.0
0.5384615384615384,0.867551923731699,1.0,0.006163271331561854,0.4916208600145276,0.5033551874383427,0.00011073305280959955,0.0018758091975818372,0.0,0.0,0.0018581232954715738,0.004751858755094934,0.02902943219920856,0.0,0.0007889882824578051,0.034465715841923705,0.03853086073617175,0.00018302354902997517,0.0,0.022254778847495462,0.00018247990186636388,0.0005763572201381234,2.4218352667651546e-05,0.0012755231163256834,0.0,0.0020745827840287783,0.0,0.018369923832023134,0.015654553503159082,0.0009008159716766698,0.0027959463824289406,0.0,0.03669022735053062,0.03853086073617175,0.00012110447279186177,0.0,0.0,0.0,0.0,0.0,0.0551242703255702,0.0,0.05495505404513594,9.490624618680261e-05,0.0551242703255702,0.006083352236405255,0.05523075382921214,0.0,0.07701342621656103,0.00010928842307734342,0.7013561706582909,0.001539882968894364,0.01162971866096866,0.00011411261878086228,0.0005639974403193093,0.05855710777406498,0.451832864506178,0.4911115915814564,0.4300219222337602,0.15547370612030662,0.48437913688112255,0.31462745037555717,0.32132889803512527,0.29155173178411464,0.4939192359711833,0.4868428212299622,0.4868428212299622,0.31993006993006995,0.31993006993006995,0.0,0.00014632005072428425,0.4856650756970391,0.526091086600876,0.5163741130021875,0.5165337041645319,0.17228411679436736,0.3812832700850937,0.0
0.33653846153846156,0.4511406196799455,0.0,0.023373683692549947,0.6896652980480441,0.7080678641894115,0.15732146811894743,0.021327135007289146,0.0,0.0,0.1769312993876185,0.22071564631423715,0.10399444181527091,0.04981292345029831,0.003944941412289026,0.3749268725666216,0.9509352345095526,0.27427095619636394,0.0,0.03905798401403257,0.290548554860555,0.14489822744875983,0.0,0.040381442150977394,0.013713106092256273,0.49152282552043414,0.0,0.1604720785304061,0.21303674192120406,0.011815353675014925,0.08812782622739018,0.001684549356223176,0.4719486900662519,0.9509352345095526,0.6397848377200065,0.0054952617925776905,0.0025707721425462793,3.1402103940964046e-05,0.0,0.006244725738396624,0.5934785661270586,0.027817434566298937,0.5659390654841064,0.009178789809780766,0.5744017171170086,0.009877714309281752,0.5772149364300732,0.33339163897148855,0.12242562929061784,0.03627282761937028,0.6824041355843476,0.01747174907014759,0.05607861467236468,0.019316154197269595,0.018373301228863655,0.5286947944764282,0.4819598639569012,0.4911115915814564,0.46134764047536625,0.16244196885096063,0.48947577442414614,0.3187917392846677,0.32132889803512527,0.29635904031220894,0.5209031438902537,0.5064534383876198,0.5064534383876198,0.36538461538461536,0.36538461538461536,0.002917421613487701,0.0008941780877595149,0.4487992138738311,0.44627157105915877,0.6357093314837539,0.5195637854058405,0.17747773866224892,0.3880311880739292,0.0
0.4326923076923077,0.2802179094313926,0.75,0.003690581635665781,0.49233178612457684,0.5030314863531733,0.0,0.0018860038127860863,0.0,0.0,0.0017582241935644998,0.0,0.0,4.0448983719284053e-05,2.1324007633994736e-05,2.017308506989974e-05,0.003594745063483799,0.0005999105218204741,0.0,0.022254778847495462,0.0005981285672286372,0.00016178448284578906,0.0,0.0015792190964032272,0.0010321692757612247,0.003219180182113622,0.0,0.0,0.00041249144834802203,0.0008065445327802742,3.0281007751937984e-05,0.0,0.00044302140598884393,0.003594745063483799,0.0,0.0,0.0,0.0,0.0,0.0,0.0032396541694248862,0.0,0.0032297093261606452,9.490624618680261e-05,0.0032396541694248862,0.005588435444290929,0.0029732705976574236,0.0,0.032461878050262245,0.0,0.6959494830519566,0.0014806567008599654,0.007233796296296296,2.0747748869247687e-05,5.42305231076259e-05,0.0029288618704456705,0.45353617736646745,0.4911115915814564,0.4317930079612322,0.1554918055040226,0.48437913688112255,0.31462745037555717,0.32132889803512527,0.2915872100758348,0.49559192911755773,0.48849154958700164,0.48849154958700164,0.3304195804195804,0.3304195804195804,0.0,0.00014632005072428425,0.47760944215277634,0.526011926750752,0.5245318252147468,0.5166947229744565,0.17202733485193622,0.3812249867243456,0.0
0.5384615384615384,0.2979230507320395,0.25,0.053390414329298294,0.459495242461865,0.4910391318645183,0.27334957418107875,0.0018758091975818372,0.0,0.0,0.27301425560184217,0.11408557442189132,0.046841803187900884,0.004419051471331783,0.009809043511637576,0.1729438583042505,0.42376937557576,0.0885935657054541,0.007201666700054088,0.022254778847495462,0.09561946857797467,0.08360213151056149,0.0,0.0,0.0,0.18088726737590827,0.0,0.00015274326911327441,0.04414664574027124,0.0031738051095119876,0.2005107396640827,0.0013841201716738199,0.24790068265571197,0.42376937557576,0.5852777329242694,0.0,0.000850176614070423,0.0,0.0,0.0,0.007081101683015387,0.0,0.007059364657180854,9.490624618680261e-05,0.007081101683015387,0.0061142845359124,0.0073080388427269995,0.0,0.029586278123164778,0.0027431394192413195,0.6965711294333203,0.0014806567008599654,0.008702813390313391,0.011328270882609237,0.2786472738316034,0.2741857562703813,0.3064076743398969,0.4911115915814564,0.27881043036806274,0.15547370612030662,0.48437913688112255,0.3019726390795379,0.32132889803512527,0.27701450175174064,0.35827099837147036,0.35313802522608795,0.35313802522608795,0.23076923076923078,0.23076923076923078,0.0,0.00014632005072428425,0.4325907608578278,0.5099688637922846,0.584042042362482,0.5150552587279513,0.17574653137295507,0.3826885466720201,0.0
0.21153846153846154,0.7027579162410623,0.5,0.014257947052455467,0.4879889548871018,0.5031136961525814,0.0,0.0018758091975818372,0.0,0.0,0.0017482342833737925,0.0,0.0004430437102896902,0.00042471432905248255,0.0005117761832158736,0.0013011639870085332,0.00501662194096207,0.00017285557408386546,0.0,0.022254778847495462,0.0001723421295404548,0.00034379202604730173,0.0,0.0006883775548424324,0.0,0.001216134735465146,0.0004132895552545175,3.0548653822654884e-05,0.0008249828966960441,0.0032366527354429184,0.0003028100775193799,0.0,0.003856299965766528,0.00501662194096207,3.0276118197965443e-05,0.0,0.0,0.0,0.002406700927998655,0.0,0.004603719082866943,0.0,0.004589586937175654,9.490624618680261e-05,0.004603719082866943,0.0058358938403480914,0.004565021523676043,0.0,0.029586278123164778,0.0005245844307712483,0.6959494830519566,0.005235602094240837,0.007233796296296296,5.1869372173119215e-05,0.0006941506957776115,0.004368130762107975,0.45362494937221554,0.4911115915814564,0.4318853121033806,0.15547370612030662,0.48437913688112255,0.31462745037555717,0.32132889803512527,0.2915694709299747,0.4956912970272434,0.4885894938458357,0.4885894938458357,0.3304195804195804,0.3304195804195804,0.0,0.00014632005072428425,0.4783707319180183,0.5261385825109505,0.5237688737128527,0.5168484227475664,0.1737668254296956,0.3827274022458522,0.0
0.46153846153846156,0.1035069799114743,1.0,0.06673801791162287,0.5198415356003977,0.5568018332785268,5.033320582254525e-05,0.0018758091975818372,0.0010516699243647489,0.0020117762512266925,0.004425530214483372,0.009176003113286771,0.012002456878757062,0.3217817777328345,0.00020257807252294996,0.3421758689556394,0.45071494372571796,0.1650770732500915,3.00486788597528e-05,0.03388546712113058,0.176447927332448,0.23397069678554452,0.0,0.0055373900367472135,0.0,0.41993439004200267,0.0,0.016832308256282843,0.006529437804338203,0.005666760938105563,0.011668281653746768,0.0,0.03947924847459675,0.45071494372571796,0.32393428063943164,0.0013764624913971094,0.0,0.0,0.03256928461077655,0.0,0.10724960381938176,0.0,0.10692037716605504,9.490624618680261e-05,0.10724960381938176,0.006609201328026726,0.10776854539993994,0.0,0.029586278123164778,0.017835870646222447,0.6959494830519566,0.02832200137404942,0.05280671296296297,0.0053840408315697745,0.04590071475829456,0.12826603325415678,0.44252290040335784,0.4911115915814564,0.420341525325949,0.15547370612030662,0.48437913688112255,0.31462745037555717,0.32132889803512527,0.2915694709299747,0.48464489773385966,0.47770135707211964,0.47770135707211964,0.2902097902097902,0.2902097902097902,0.0,0.00014632005072428425,0.5043733667364966,0.5234682569001002,0.5018673638158245,0.518356144331406,0.17399047421826466,0.3842298177673587,0.0
0.15384615384615385,0.2557030983997276,0.75,0.013815077256175574,0.5172245032532596,0.5320875123314699,0.0007348648050091607,0.0018758091975818372,0.0,0.0,0.0024774977272954317,0.0,0.01114657698387925,0.0035089493376478918,0.0007676642748238103,0.015351717738193703,0.07616053190211079,0.006904054988408508,0.0,0.022254778847495462,0.006883547409292283,0.009231827052387839,0.001065607517376668,0.007997327475375317,0.0,0.02478257759246201,0.01815029963492756,0.0060384505722781145,0.01721397239325526,0.00931192324209953,0.0035630652454780357,0.0014163090128755365,0.052165770555186376,0.07616053190211079,0.0017661068948813176,0.0,0.0013157495217756548,0.0,0.0,0.004002411091018686,0.059176345509618665,0.00590525632706035,0.053535181833634975,0.00035250891440812395,0.053890593970030695,0.009454972882684098,0.05727300030033036,0.04165080410334503,0.029586278123164778,0.0,0.6951560659599529,0.004062921987159745,0.007612179487179488,0.00021785136312710068,0.007321120619529496,0.04929747574379001,0.45806909790997413,0.491006122481266,0.4363909080419983,0.15742843956163294,0.48437913688112255,0.3146737202523251,0.32132889803512527,0.29353851612044884,0.49877722266692426,0.49163120721740355,0.49163120721740355,0.33916083916083917,0.33916083916083917,0.000573247755632671,0.0,0.47762024058916275,0.5288352947385087,0.5218214800192071,0.5169069750420844,0.17218471733278112,0.38154230724397414,0.0
0.21153846153846154,0.8811712631937351,0.5,0.015955614604861727,0.49252239674828574,0.508344294639921,0.0017213956391310475,0.002477291494632535,0.0,0.0,0.004035923717045784,0.0,0.0,0.0001415714430174942,0.0,0.00010086542534949871,0.016311531221212,0.0004372229226827185,0.0,0.022254778847495462,0.00043592421001409154,0.0,0.0,0.0,0.0,0.00043944364390757377,0.0,0.011801963260152336,0.0032194454505211478,0.000858917554389383,0.0010295542635658916,1.072961373390558e-05,0.015968907952234237,0.016311531221212,0.0,0.0,0.0,0.0,0.0,0.0028450874020494272,0.004272732743575856,0.0,0.004259616634502895,9.490624618680261e-05,0.004272732743575856,0.005609056977295692,0.004004404845329863,0.0,0.02987991332698811,0.0,0.7053968721371549,0.0017886332946388383,0.007233796296296296,0.00026972073530021995,0.00015184546470135252,0.012570956962840696,0.4487924233093094,0.4911115915814564,0.4268605053651782,0.15547370612030662,0.48437913688112255,0.31462745037555717,0.32132889803512527,0.2915694709299747,0.4908829942863452,0.4838500799878113,0.4838500799878113,0.3304195804195804,0.3304195804195804,0.0,0.00014632005072428425,0.47832213895427944,0.5260963639242175,0.5237688737128527,0.5167313181585302,0.17202733485193622,0.3812573663692057,0.0
0.4807692307692308,0.9121552604698672,0.25,0.010505855722861923,0.5093888611272814,0.522885152910227,0.00036239908192232576,0.00391473223843166,0.0014659641369932862,0.0007605495583905789,0.006093845216331505,0.01590438932470352,0.0031214443224955443,0.003933663666700374,0.0010662003816997367,0.023693288414597245,0.07014258821644571,0.020315613942327247,0.0,0.030457055153580895,0.028608793503715493,0.006026471986005642,0.0,0.0025307998339795306,0.004669337199872207,0.04136902024506647,0.0,0.006517046148833042,0.015825586542718015,0.00270244791503001,0.0042393410852713176,0.0015450643776824034,0.0297730522161139,0.07014258821644571,0.015531648635556275,0.005167028429244534,0.00010121150167505036,0.0,0.0,0.0,0.11675793865719845,0.012199870214146657,0.10512053915147636,0.0010982008487330015,0.1061864355780225,0.006186459901429072,0.10629692661928122,0.08179938058833819,0.032087240031591094,0.0,0.6968574139510536,0.009452512378290019,0.009604255698005697,0.0012448649321548612,0.011214872178657034,0.10416079552316922,0.4549953672109501,0.49361120925596824,0.4360447675089419,0.15697595496873332,0.48437913688112255,0.31428042629979797,0.32132889803512527,0.29264268925451237,0.49900356068343044,0.49185430247363665,0.49185430247363665,0.34265734265734266,0.34265734265734266,0.0,0.00014632005072428425,0.47860829751851935,0.5252150509261703,0.524622525742944,0.5170606748151942,0.17311244564091946,0.3823971298682797,0.0
0.6153846153846154,0.9761661559414369,0.75,0.006864481842338352,0.5027844605976931,0.514782349556067,0.0,0.0026709891835132683,0.0,0.0,0.002527447278248969,0.0017921881080638223,0.005789775759467542,0.00028314288603498833,0.0009062703244447762,0.008664340037521938,0.03585733167781472,0.009476552649774272,0.0,0.029041838585580734,0.016352226761691385,0.0,0.0,0.00015184799003877184,0.0,0.01663754075073326,0.0,0.004266628650564133,0.010986357599903416,0.0042003163330505185,0.0011405846253229974,5.36480686695279e-05,0.019664109224913916,0.03585733167781472,0.0017862909736799614,4.235269204298798e-05,4.0484600670020146e-05,1.5701051970482023e-05,0.0,0.0,0.047601853523500035,0.004261302184728531,0.04351608355248028,9.490624618680261e-05,0.043650077230145835,0.005877136906357619,0.043577935729302235,0.02543497720935497,0.029728033049148457,0.0023497010961628833,0.695941303494307,0.005436971405557793,0.007267183048433049,0.0008817793269430266,0.0041432119654226185,0.03525705543701438,0.45821890066967386,0.4911115915814564,0.4366620514595592,0.1578447253871006,0.48437913688112255,0.31475083671360493,0.32132889803512527,0.2940352122045323,0.49872201827265455,0.4915767937402736,0.4915767937402736,0.3479020979020979,0.3479020979020979,0.0008598716334490065,0.00039018680193142463,0.4811405308511328,0.524054039791018,0.5231339700154723,0.5168411037107516,0.17453717125698903,0.3833231877112772,0.0
0.6153846153846154,0.45182158665304734,0.25,0.016275465013286094,0.5448681953295246,0.5606862463005591,0.0,0.002140869192892314,0.0003930483555706637,0.0,0.0023775986253883577,0.008981422690125555,0.004823134937017309,0.0013044797249469108,0.049525007729952775,0.061780073026567954,0.1778848079464894,0.008510595029893845,0.00011017848915242694,0.022254778847495462,0.008586693160045013,0.004459184808437061,0.0,0.0002530799833979531,0.0,0.013418360568619636,0.1558675636580718,0.0019754796138650157,0.014557929896575315,0.01297803475473714,0.0002321543927648579,0.000536480686695279,0.16564973116655593,0.1778848079464894,0.008245196189245923,0.0,0.000576905559547787,0.0,0.0,0.0,0.10973701630859962,0.0027363184079601988,0.10687038166565008,0.00043385712542538335,0.10745020160077029,0.006722619759552925,0.10807888677545299,0.07263167642428671,0.029586278123164778,0.0,0.6970537233346421,0.007403283504299827,0.010516826923076922,0.005010581351923316,0.017093460883523683,0.10113128547848144,0.45765297913303044,0.48292191595167405,0.4271143417560863,0.17452330748138029,0.48437913688112255,0.31462745037555717,0.32132889803512527,0.31023992194775823,0.4795053686273427,0.5308850896189968,0.5308850896189968,0.43356643356643354,0.42482517482517484,0.04063917124753043,0.010616332569217513,0.4624214413752889,0.5488099635864689,0.5177292855999572,0.5183854204786649,0.17973079312487059,0.38875001618982247,0.0
0.6153846153846154,0.2819203268641471,0.0,0.00926335990552111,0.49283664669548144,0.5058625863202895,0.0011677303750830498,0.0021000907320753177,0.0,0.00018400392541707554,0.0032866804527427297,0.00020482149806443686,0.00040276700935426384,0.0027909798766306,7.463402671898158e-05,0.0034193379193480063,0.014008491208395082,0.006253304591857486,0.001352190548688876,0.022414239869241962,0.007755395829320466,0.0,0.0,0.0,0.0,0.00781800901370451,0.0,0.0030752311514805914,0.0006137067890055937,0.0009636635976076004,0.0009689922480620156,0.0017274678111587984,0.006383535713566524,0.014008491208395082,0.00028257710318101083,0.0,0.0,0.0,0.0,0.0013743218806509944,0.0056267677679484865,0.0001189703655634869,0.005509504144626983,9.490624618680261e-05,0.005526468877254218,0.005670921576309983,0.005325858444288718,0.0007511138091759355,0.029586278123164778,0.0,0.695565043842429,0.0025704200326929,0.007378472222222223,0.0009129009502468982,0.003394830746537381,0.005344418052256532,0.45350843611467123,0.4911115915814564,0.43176416291681086,0.15547370612030662,0.48437913688112255,0.31462745037555717,0.32132889803512527,0.2915694709299747,0.49557536779927686,0.4884752255438627,0.4884752255438627,0.3304195804195804,0.3304195804195804,0.0,0.00014632005072428425,0.47861909595490576,0.5259222122539448,0.5236514965587152,0.516738637195345,0.1720936011596604,0.38132212565892576,0.0
0.8846153846153846,0.15594143684031325,0.25,0.026879736246432438,0.8144019205308248,0.8339413433081224,0.14598643016771026,0.1111722788023366,0.004004844055409195,0.009445534838076546,0.2651821660123275,0.18710443848186303,0.07529729239877962,0.04040853473556477,0.016302203836188973,0.3153960985253475,0.0,0.7131512587952983,0.0,0.042845183280511866,0.7319775752476151,0.003225578126737919,0.0,0.01293744875130336,0.0037969084072645054,0.7573657908452648,0.0,0.24909372326992793,0.16436275101613748,0.005195403743623584,0.060895106589147284,0.011148068669527897,0.48620592440443827,0.0,0.13996649442919426,0.010418762242575043,0.003137556551926561,0.0018841262364578427,0.00025223066494309043,0.017444243520192887,0.0002708070048745261,0.18578844905905256,0.0002699757021868032,0.00902965142291579,0.0002708070048745261,0.024384962778132926,0.0,0.0,0.03337315971730018,0.0,0.7130038607512107,0.07111890265570585,0.042534722222222224,0.06995103531266858,0.12454581936897363,0.0,0.45369707662688574,0.4911115915814564,0.4319603092188762,0.15789902353824853,0.48437913688112255,0.31263784567453773,0.30930566910044255,0.28409242094993126,0.5004167931767368,0.49324728748816504,0.49324728748816504,0.3374125874125874,0.3374125874125874,0.011188567801901955,0.0030239477149685413,0.5564866207373173,0.5024539553538445,0.46757722883209735,0.5128156334626363,0.17885276454752538,0.3831353857710889,0.0
0.8557692307692307,0.9666326183180116,1.0,0.005400551126857592,0.565758089360321,0.5769792009207497,0.0,0.002446707649019788,0.0,0.0017541707556427868,0.0037362264113245626,0.0,0.010149728635727448,0.0019718879563150977,0.00493650776726978,0.016763833693086684,0.1663095285777226,0.036045471183959,0.0,0.029799278438876597,0.043612696546060974,0.0,0.0,0.0017006974884342446,7.372637684008749e-05,0.0457430174448907,0.0,0.01019306749215918,0.016831663246005876,0.09305638479506437,0.002816133720930232,0.004023605150214592,0.12216315270142371,0.1663095285777226,0.004238656547715163,0.008227010429350414,0.001153811119095574,0.0015387030931072383,0.002028354930584019,0.0041109101868595545,0.1140197789412449,0.012589227774172616,0.1020308172264496,0.0008405981805116804,0.10289663196325048,0.020095683913142103,0.11651816998698569,0.030147444669664264,0.032461878050262245,0.0,0.6947225494045283,0.023797114496221364,0.007233796296296296,0.006504419270509149,0.03013047863859695,0.08407141994444221,0.4717288902944457,0.4911115915814564,0.4507095880927656,0.1654102677803821,0.48437913688112255,0.31477397165198884,0.32176585008316183,0.30175174065368754,0.5073725468547297,0.500103385606547,0.500103385606547,0.4160839160839161,0.4160839160839161,0.002026840278844087,0.0007966313872766587,0.48689069822689673,0.5013773813921578,0.5229365629835139,0.49292981043694645,0.21468627044936842,0.3935551554870546,0.0
0.5384615384615384,0.9090909090909091,0.0,0.0003321523472099203,0.4924451221711065,0.5017418201249589,0.0,0.0018758091975818372,0.0,0.0,0.0017482342833737925,0.0,3.0207525701569784e-05,5.056122964910507e-05,0.00011728204198697104,0.00015129813802424805,0.0011915728761965794,0.0,0.0,0.022254778847495462,0.0,0.0006168033408495708,0.0,0.00022271038539019872,0.0,0.0008482284289378749,0.0,0.0,0.00014085073846030021,0.0010265112235385307,3.0281007751937984e-05,0.0,0.00037254072776334604,0.0011915728761965794,0.0,0.0,0.0,0.0,0.0,0.0,0.0005115243425407715,0.0,0.0005099541041306282,9.490624618680261e-05,0.0005115243425407715,0.0056296785103004555,0.00028030833917309044,0.0,0.029586278123164778,0.0,0.6959494830519566,0.0014806567008599654,0.007233796296296296,0.0,0.0001952298831874532,0.00018116671363581466,0.45355837036790453,0.4911115915814564,0.43181608399676935,0.15553705396331255,0.48437913688112255,0.31462745037555717,0.32132889803512527,0.2916315579404852,0.49558640867813075,0.4884861082392887,0.4884861082392887,0.3321678321678322,0.3321678321678322,0.0,0.00014632005072428425,0.4783977280089844,0.5257955564937463,0.5239022568425545,0.5165995754958647,0.17230068337129842,0.38136098123275786,0.0
0.38461538461538464,0.4933605720122574,0.25,0.0007381163271331562,0.49337241709725776,0.5028362380795791,0.0,0.0019063930431945846,0.0,0.0,0.0017782040139459148,0.0,6.041505140313957e-05,0.0010314490848417435,0.0001279440458039684,0.0011801254765891347,0.004375776024352145,0.00029487127343718223,0.0,0.022254778847495462,0.00029399539745136405,0.0031851320060264717,0.0,0.00015184799003877184,0.0,0.003668843445646953,0.0,0.0,0.00027164070988772187,0.0009322397846421351,0.00012112403100775194,0.00028969957081545066,0.0007853561287984052,0.004375776024352145,0.00047432585176812527,0.0,0.0,0.0,0.0,0.0,0.0012838258008866423,0.0,0.0012798848103670669,9.490624618680261e-05,0.0012838258008866423,0.005701853875817129,0.0011212333566923618,0.0,0.029586278123164778,0.0,0.6959494830519566,0.0018123238018525976,0.007233796296296296,3.1121623303871525e-05,0.00037961366175338126,0.000674342767422199,0.45375255913047824,0.4911115915814564,0.4320179993077189,0.15553705396331255,0.48437913688112255,0.31462745037555717,0.32132889803512527,0.2916226883675551,0.495785144497502,0.4886819967569567,0.4886819967569567,0.3409090909090909,0.3409090909090909,0.0,0.00014632005072428425,0.4789106537373389,0.525468362446567,0.5237688737128527,0.5166654468271975,0.17215986746738454,0.38130269787200977,0.0
1.0,0.5257065032345931,0.75,0.0033092215333136504,0.49767918686538254,0.508200427490957,0.0,0.0018758091975818372,0.00019121271352086342,0.0006501472031403337,0.0024575179069140167,0.0,0.0,0.00036404085347355647,4.264801526798947e-05,0.0003732020737931452,0.014719429647134217,0.0014133485175092527,0.0,0.0225637345771293,0.0017132835230786387,0.0019515253243273304,0.0,0.0033609021795248167,0.0,0.007102635639901483,0.003363717769154823,0.0,0.0017103303955893596,0.00366611151263761,0.0002624354005167959,0.00013948497854077255,0.007813286614712337,0.014719429647134217,0.0026642984014209592,0.0,0.0,0.0,0.0,0.0009041591320072332,0.00034101622836051434,0.0,0.0003399694027537522,0.0011659910245807178,0.0011333774648452388,0.0061349060689171635,0.0013915306837521274,0.0,0.029586278123164778,0.0,0.6959494830519566,0.0018123238018525976,0.007233796296296296,0.00013486036765010997,0.00024946040629507914,0.0006542131325737752,0.4539134583908965,0.49102721630130414,0.43209299642321447,0.15547370612030662,0.48437913688112255,0.31462745037555717,0.32132889803512527,0.2915694709299747,0.49589003284661465,0.4887853823635038,0.4887853823635038,0.3321678321678322,0.3321678321678322,0.0,0.00014632005072428425,0.478835064682634,0.5265924323183281,0.5234914368030731,0.5177340262021517,0.17310416235245393,0.38299291533370466,0.0
0.25,0.33844058563159685,0.75,0.5154512351146541,0.4920432943697743,0.5012023183163433,0.3233807807686887,0.019308601196847824,0.0,0.0015088321884200195,0.3409756146292245,0.0,0.3959501777209429,4.0448983719284053e-05,0.15350086895331108,0.0,0.0,0.17766502623337535,0.00013021094172559547,0.023590264904622373,0.1786174106101925,0.8462642951757888,0.0,0.00019234078738244434,0.0,0.0,0.007783619957293413,0.0,0.2565394985713711,0.2150541013313222,3.0281007751937984e-05,0.0,0.0,0.0,0.0,0.0,0.00018218070301509063,0.0,0.0,0.2787462326702833,0.743716274498004,0.0,0.7414332710056095,0.040172458207356584,0.7733646265872299,0.18051058915719795,0.9414756231855042,0.0,0.029586278123164778,0.4571097583632966,0.42071554770318026,0.04385112885266874,0.5744079415954416,0.008091622059006598,0.054143754270653696,0.6893494102016989,0.5952773292942072,0.4911115915814564,0.579173877927772,0.16339218649604983,0.48437913688112255,0.3161157980782578,0.32132889803512527,0.30104217481928247,0.6307378067294156,0.6217011829489927,0.6217011829489927,0.3409090909090909,0.3409090909090909,0.0,0.00014632005072428425,0.4782951428633134,0.6216634123172726,0.5237688737128527,0.5255361194466808,0.3314392213708842,0.5136836379178594,0.0
0.8846153846153846,0.9468845760980592,0.25,0.1335129416396024,0.565340806643553,0.6300713170009865,0.0,0.022458737294960802,4.249171411574743e-05,0.0009445534838076545,0.022727045683859304,0.00833623497122258,0.01904081036722282,0.0039033269289109112,0.003870307385570044,0.03479857174557705,0.3067148636199784,0.09752104770813844,0.0,0.022553768263270147,0.0975355075475715,0.07347037827234394,0.0,0.0004757903687881518,0.0,0.173059038742578,0.018460266801368447,0.058398843224308584,0.00817940359773029,0.006379034031989441,0.04391755490956072,0.007070815450643777,0.13791054995066354,0.3067148636199784,0.05589980623284353,0.0,0.0005262998087102619,0.0,0.0,0.0,0.42259934605123267,0.0336145360155743,0.3902248797608215,0.00029827677372995103,0.3915768991594953,0.019085228795908685,0.40367404144559016,0.2264042227000998,0.1170288167513821,0.0,0.6966365658945165,0.010530430456516074,0.007723468660968662,0.0116602348645172,0.044892027028492716,0.37033495712387776,0.4730826633821025,0.4911115915814564,0.45211722626052836,0.16746454783214632,0.48437913688112255,0.31267640390517765,0.32137118371719336,0.3011042618297929,0.5091170057136548,0.5017956447452905,0.5017956447452905,0.3339160839160839,0.3339160839160839,0.0,0.00014632005072428425,0.4931645897674017,0.5091139374109451,0.5267940030944885,0.5174485837663763,0.17557258231517914,0.38467018093745553,0.0
0.5,0.4027919645897174,0.5,0.003998130105304596,0.5004971331131866,0.5113038474186123,0.0026978598320884254,0.0034661691694446994,0.0,0.0,0.005983956204233724,0.012842307928640188,0.007632434827263299,0.005511174031752453,0.0,0.02575094309172702,0.04949533384066969,0.010920405092121853,0.0008012981029267413,0.022254778847495462,0.011698989264099107,0.001324610453299898,0.0,0.0003340655780852981,0.0,0.013469458666748424,0.0009873028264413474,0.013553419412651218,0.013944223107569721,0.00270244791503001,0.006490229328165375,0.0,0.03650899132080791,0.04949533384066969,0.004410221217503633,0.0,0.0021962895863485926,0.0,0.0,0.0,0.04860484243044272,0.0,0.048455638992490675,9.490624618680261e-05,0.04860484243044272,0.005722475408821892,0.04837321053158474,0.028213069380279662,0.029586278123164778,0.008852362269264816,0.694076364350216,0.007652033830044301,0.009559740028490029,0.0009958919457238888,0.004739747719606504,0.04614718789001168,0.45487330570304657,0.4911115915814564,0.4331833391023422,0.15621578085266197,0.48437913688112255,0.3146197387294292,0.3212584218983452,0.2922346888997295,0.4965193629412902,0.48940569600278594,0.48940569600278594,0.33916083916083917,0.33916083916083917,0.00016378507303790602,0.00019509340096571232,0.4769615359695916,0.5259116576072616,0.5251347169609987,0.5165044280172729,0.17373369227583352,0.3823971298682797,0.0
0.21153846153846154,0.01940755873340143,0.5,0.146393071548076,0.4937227285138038,0.5640260194015126,0.0,0.001947171504011581,0.0,0.0,0.0018181636547087443,0.03471724392192204,0.008538660598310393,0.0018100920214379616,6.39720229019842e-05,0.04457243146194347,0.16675011014539193,0.004911131898971001,0.0,0.022254778847495462,0.004896544033414098,0.11804200329635883,0.0,0.024619620784952875,2.4575458946695827e-05,0.14911446995942812,0.0,1.0182884607551629e-05,0.019517888043784456,0.0010893588494694613,0.0009588985788113695,0.0,0.020761594071568096,0.16675011014539193,0.0,0.0,0.0,0.0,0.0,0.0,0.003721088844757377,0.0,0.0037096661300482954,9.490624618680261e-05,0.003721088844757377,0.005866826139855236,0.003724096506156773,0.0,0.029586278123164778,0.0021092665653927277,0.6959494830519566,0.0015754187297150031,0.007233796296296296,0.000788414457031412,0.0007049968003991367,0.0034522323765046907,0.4536637871247302,0.49103248975631364,0.4318391600323064,0.15547370612030662,0.48437913688112255,0.31462745037555717,0.32132889803512527,0.2915694709299747,0.49564713351182754,0.48854596306413167,0.48854596306413167,0.3304195804195804,0.3304195804195804,0.0,0.00014632005072428425,0.4806330043409715,0.5231727267929706,0.5245158192391826,0.5168337846739369,0.17208531787119485,0.3813998368065899,0.0
0.2403846153846154,0.6973101804562478,0.0,0.030976281862021456,0.4970815968018628,0.5191651594870109,0.000603998469870543,0.0019063930431945846,0.01166397552477267,0.0032016683022571147,0.015953886574559695,0.0,3.0207525701569784e-05,0.00010112245929821014,3.19860114509921e-05,0.00012103851041939844,0.049355148796411265,0.0005287346971977061,0.0,0.02264346508800255,0.0009225372816577286,1.0111530177861816e-05,0.0,0.04822692163631394,0.0,0.04962647290267856,5.740132711868299e-05,0.00010182884607551628,0.00027164070988772187,0.000974138201929422,0.00016149870801033592,0.0,0.0007350127872087638,0.049355148796411265,0.0,0.0,0.0,0.0,0.0,0.0,0.0002708070048745261,0.0,0.0002699757021868032,0.0014507097631411255,0.0012737959118172154,0.005650300043305218,0.0010611672840124136,0.0,0.029586278123164778,2.1857684615468683e-05,0.6959494830519566,0.0017412522802113192,0.007289440883190884,9.336486991161458e-05,0.0013991474961767482,0.0016707596924191795,0.45316999284275705,0.4911115915814564,0.43141225337487016,0.15547370612030662,0.48437913688112255,0.3146197387294292,0.32132889803512527,0.29156060135704465,0.49524414143365814,0.48814874468108255,0.48814874468108255,0.3304195804195804,0.3304195804195804,0.0,0.00014632005072428425,0.4779657905535279,0.5261016412475592,0.5239022568425545,0.5164458757227548,0.17243321598674674,0.3813286015878978,0.0
0.27884615384615385,0.1518556350017024,0.5,0.007356559393760457,0.4883753277729982,0.5006165734955607,0.0,0.0018758091975818372,0.001274751423472423,0.0,0.002947023506258679,0.0,0.0,6.067347557892608e-05,0.0,2.017308506989974e-05,8.010573957624064e-05,0.0,0.0,0.022254778847495462,0.0,1.0111530177861816e-05,0.0,6.073919601550874e-05,0.0,7.153733738030271e-05,0.0,0.0,0.0,0.0007960699284584524,3.0281007751937984e-05,0.0,1.0068668317928272e-05,8.010573957624064e-05,0.0,0.0,0.0,0.0,0.0,0.003978300180831826,0.00035104611742994125,0.0,0.0003499685028347449,9.490624618680261e-05,0.00035104611742994125,0.005588435444290929,8.008809690659726e-05,0.0,0.029586278123164778,0.0,0.6959494830519566,0.0014806567008599654,0.007233796296296296,0.0,8.676883697220143e-05,8.05185393936954e-05,0.4534973396139528,0.4911115915814564,0.4317526248990423,0.15547370612030662,0.48437913688112255,0.31462745037555717,0.32132889803512527,0.2915694709299747,0.4955643269204229,0.48846434284843665,0.48846434284843665,0.3304195804195804,0.3304195804195804,0.0,0.00014632005072428425,0.4782951428633134,0.5260963639242175,0.5237688737128527,0.5166947229744565,0.17201076827500517,0.3812185107953736,0.0
0.33653846153846156,0.0446033367381682,0.5,0.006089459698848539,0.49822526054411603,0.5099114189411378,0.0,0.0018758091975818372,0.0,0.00013493621197252208,0.0018581232954715738,0.014296540564897693,0.012314601311006616,0.0003033673778946304,0.00034118412214391577,0.027001674366060803,0.04388793207033284,0.015780697116362305,0.0,0.022254778847495462,0.015733822649810932,6.066918106717089e-05,4.843670533530309e-05,0.000738993551522023,0.0,0.016688638848862045,0.0,0.003737118650971447,0.00825988973399332,0.0012883763315840744,0.015261627906976744,5.36480686695279e-05,0.027688837874302746,0.04388793207033284,0.0012917810431131924,0.0,0.00015181725251257552,0.0,0.0,0.0005786618444846293,0.09174339531804779,0.001081548777849881,0.09046185843274104,0.007728080046639641,0.09638723395719243,0.005660610809807601,0.09600560616678347,0.07207605799010176,0.029586278123164778,0.015868679030830266,0.6963911791650308,0.0034943498140295186,0.00900329415954416,0.0012344910577202373,0.003167062549485352,0.09310962599138453,0.4553837447360975,0.4911115915814564,0.43371408791969535,0.15547370612030662,0.48437913688112255,0.3143112728843099,0.32132889803512527,0.2912058184398421,0.49766209390267463,0.49053205497937724,0.49053205497937724,0.34440559440559443,0.34440559440559443,0.00025591417662172814,0.0002113511843795217,0.4792454052653176,0.5260330360441183,0.5228885450568213,0.5166874039376418,0.17219300062124662,0.38136098123275786,0.0
0.11538461538461539,0.7620020429009193,0.5,0.04285995472886527,0.4920432943697743,0.5012023183163433,0.44603273671706695,0.0018758091975818372,0.46552859692359994,0.02227674190382728,0.900310686206931,0.5471806320791429,0.08129852083815814,0.7232379411467287,0.09253553112772016,0.0,0.0,0.0,0.0,0.15513564153162315,0.0,0.0,0.22709549296456852,0.38254557970500996,0.0,0.0,0.8057194682341057,0.5401816626613988,0.3165720954565576,0.38768605515926635,0.32919492894056845,0.03141630901287554,0.0,0.0,0.0,0.07827836306845254,0.010809388378895378,0.009043805934997646,0.0,0.0,0.0002708070048745261,0.6260328790828467,0.0002699757021868032,0.0314275255230012,0.0002708070048745261,0.19977110098364712,0.0,0.0,0.029586278123164778,1.0,0.6833529642716922,0.37371775129705526,0.22217770655270655,0.45191709199551844,0.8398355730539377,0.0,0.45350288786431203,0.4905526053504475,0.4317583939079266,0.35439498285083393,0.537549642573471,0.29609636473001527,0.32132889803512527,0.3939686904075569,0.4955698473598499,0.48846978419614967,0.48846978419614967,0.833916083916084,0.833916083916084,0.07132839930800808,0.01903786437757076,0.4782951428633134,0.3837669534012349,0.0,0.5227914806411477,0.19006005384137503,0.40072400885907083,0.0
0.8846153846153846,0.24208375893769152,0.0,0.03454384410983171,0.6459639488339266,0.669151800394607,0.2731583079989531,0.0018758091975818372,0.0,0.0,0.2728244473082187,0.2313868463633943,0.006202611944055663,0.0016786328243502883,0.01502276337814929,0.24996469710112768,0.8471482356710859,0.33929515597673565,0.0,0.022254778847495462,0.3382873247432609,0.024763137405583585,0.11716839020609818,0.0,0.0,0.41547863588517236,0.0,0.20739481080200398,0.2161153366332649,0.0018854287779279137,0.0201671511627907,0.0,0.4424978352363117,0.8471482356710859,0.0419122396253835,0.0,0.0,0.0,0.0,0.0,0.9330705502397143,0.0,0.9302062814346708,9.490624618680261e-05,0.9330705502397143,0.005722475408821892,0.9311742917208929,0.6850981078105547,0.029586278123164778,0.13575807914667598,0.6936510273524409,0.009061619009262988,0.05112624643874644,0.08148678368397028,0.019739910411175825,0.9358569185554975,0.45368043187580803,0.4911115915814564,0.43194300219222337,0.15552800427145458,0.48437913688112255,0.309846229776208,0.32132889803512527,0.2861235531509158,0.49913053079025094,0.4919794534710357,0.4919794534710357,0.3304195804195804,0.3304195804195804,0.0,0.00014632005072428425,0.4970466276483166,0.5260963639242175,0.5054366963666436,0.5169655273366025,0.17255746531372954,0.38189200740846274,0.0
0.21153846153846154,0.8566564521620701,0.75,0.012941639602401338,0.651125890589502,0.6652725254850378,0.0,0.0018758091975818372,0.0,0.0008586849852796858,0.0024475279967233095,0.005827171619933229,0.03210053064553482,0.00608757204975225,0.046635604695546486,0.08805551633011237,0.4078483598349822,0.014977427095619637,0.0,0.022274711475213774,0.01496335195304184,0.051568803907095256,0.023467583734954344,0.05929157851047245,0.0,0.13696334222440243,0.06619521043326522,0.0,0.06458006358404764,0.14481140474918558,0.008428213824289404,0.006030042918454936,0.27516663646066175,0.4078483598349822,0.29032778943968995,0.0,0.05237695211683856,0.0018684251844873607,0.0008092400500257485,0.005099457504520796,0.33409560490260976,0.0,0.33307002369786715,0.0012880133411066067,0.3349682052516499,0.023518858391932858,0.35148663529882873,0.0,0.029586278123164778,0.0,0.6959494830519566,0.22212219563620858,0.007422987891737892,0.0076662932071870195,0.09590125706352563,0.2840794717983816,0.4916970433373836,0.4911115915814564,0.47147225106726665,0.17410702165591263,0.48437913688112255,0.3093372611317612,0.3231189919093395,0.30487383032506987,0.5252918932347015,0.5177660002829501,0.5177660002829501,0.33916083916083917,0.33916083916083917,0.04036278393677896,0.010339950251182752,0.5096052091657128,0.5468731859201013,0.5033612548684843,0.5592110078313693,0.23695174984468834,0.46960846533435224,0.0
0.15384615384615385,0.04698672114402452,1.0,0.05449758881999803,0.9369078835523637,0.9676607201578429,0.42171173166361314,0.10632983658031826,0.0002018356420498003,0.36821638861629047,0.8226491243843718,0.6629252606353563,0.2544077814586207,0.15810496511275154,0.0352165986075423,0.0,0.0,0.9517732948306015,4.006490514633707e-05,0.20957164783033344,0.0,0.06394531684479812,0.0,0.4352570786471356,0.0,0.0,0.0,0.5538165451509104,0.4696466658618053,0.028365228503493278,0.13872739018087854,0.029206008583690986,0.0,0.0,0.10877200064589053,0.004923500449997353,0.04758964808760868,0.0,0.0,0.03750452079566004,0.0002708070048745261,0.23157040882543803,0.0002699757021868032,0.0631668858549019,0.0002708070048745261,0.00761965644526014,0.0,0.0,0.16338267754804478,0.3717664287821991,0.710034681324434,0.10774442680817795,0.16023415242165243,0.08159052242831653,0.20489376240523216,0.0,0.5879480905696389,0.4929467539247689,0.5735606322833737,0.19574483488837205,0.4873576912893831,0.3285084134059256,0.32132889803512527,0.34301299392434254,0.5992436997985039,0.5906582942463189,0.5906582942463189,0.36713286713286714,0.36713286713286714,0.049882791307107245,0.01607894779625746,0.6710310347061745,0.35580241701409043,0.5129381635810702,0.5269267364414842,0.18223234624145787,0.3982631558497067,0.0
0.5865384615384616,0.41266598569969354,1.0,0.013950398582816652,0.49152813052191247,0.5065151266030912,0.028790593730495886,0.0018758091975818372,0.0,0.0,0.030319377428796916,0.0010241074903221841,0.00014096845327399234,4.0448983719284053e-05,0.0,0.0011498658489842851,0.04013297552769656,0.00014235164924553627,0.0,0.022254778847495462,0.00014192881256272749,0.028372953679080253,0.0,0.006823036352408815,0.0,0.03570735097239681,0.0,0.0,0.00011066843736166445,0.00114173187107857,0.004774305555555556,0.0,0.0051752955154151315,0.04013297552769656,0.0,0.0,0.0,0.0,0.0,0.0,0.0002708070048745261,0.0,0.0002699757021868032,9.490624618680261e-05,0.0002708070048745261,0.005609056977295692,2.0022024226649315e-05,0.0,0.029586278123164778,0.0,0.6959494830519566,0.0014806567008599654,0.007233796296296296,1.0373874434623843e-05,3.253831386457554e-05,4.02592696968477e-05,0.4534917913635935,0.4911115915814564,0.43174685589015804,0.15547370612030662,0.48437913688112255,0.31462745037555717,0.32132889803512527,0.2915694709299747,0.49555880648099593,0.4884589015007237,0.4884589015007237,0.3304195804195804,0.3304195804195804,0.0,0.00014632005072428425,0.47512040256570853,0.5307562404348515,0.5222216294083124,0.5167313181585302,0.17224270035203976,0.38143221645145,0.0
0.6346153846153846,0.7494041538985359,0.0,0.007454974904044877,0.4931045318963696,0.5053744656363038,0.009533109182790071,0.0023243722665687986,0.0,0.0007850834151128557,0.012287589534570084,0.0,0.006041505140313957,0.000758418444736576,0.0011728204198697104,0.007877589719795849,0.02650498658228862,0.003101232358563468,0.0,0.022254778847495462,0.0030920205594022767,0.0,0.0,0.003259670186165636,0.0008724287926077019,0.007133294498778756,0.0,0.011791780375544784,0.007002293854883496,0.0010684096408258177,0.0006661821705426356,5.36480686695279e-05,0.0196238345516422,0.02650498658228862,6.0552236395930885e-05,0.0,2.0242300335010073e-05,0.0,0.0,0.0,0.04558584582054523,0.004218040233614536,0.04154626083652472,9.490624618680261e-05,0.04167418908346874,0.0058358938403480914,0.04156572229452398,0.03627982590622395,0.029586278123164778,0.002688495207702648,0.6960394581861014,0.002250598185307147,0.008335559116809117,0.0002489729864309722,0.0012147637176108202,0.04108458472563308,0.4538912653894595,0.4911115915814564,0.4321622245298258,0.15568184903304041,0.48437913688112255,0.3146197387294292,0.32132889803512527,0.2917646015344361,0.49583482845234483,0.48873096888637374,0.48873096888637374,0.3321678321678322,0.3321678321678322,0.00030709701194607373,0.00022760896779333106,0.4769291406604324,0.5259274895772863,0.5253161180173931,0.5167239991217155,0.17218471733278112,0.38138688494864587,0.0
0.6153846153846154,0.33265236636023154,0.5,0.010468949906505265,0.52262857201733,0.5360746876027622,0.007882180031810586,0.004526409150686608,0.0,0.0,0.012167710612281595,0.013979067242897814,0.005709222357596689,0.008939225401961775,0.008817477156656822,0.03670492828468258,0.114841590899988,0.03520152926343189,8.012981029267414e-05,0.04622376367876577,0.05955941241471599,0.0028110053894455844,0.0,0.004970490873935799,0.0,0.06789915279353302,0.0,0.031668771129485566,0.015131393617449394,0.001916852590893379,0.0010598352713178294,0.0,0.04858132463400391,0.114841590899988,0.012090263200387535,0.0004764677854836148,0.0004858152080402417,0.0,0.0,0.0034237492465340564,0.0670598383181882,0.0016006921912178238,0.06536411722944933,9.490624618680261e-05,0.06556538484684359,0.0058255830738457096,0.06541195314846332,0.01514574694667092,0.032806140013365466,0.01021846755773161,0.693937311870174,0.012212456468692994,0.010817307692307694,0.004554130876799867,0.009609648694671308,0.0506360964612102,0.46184190815426357,0.4911115915814564,0.4404292142609899,0.16017049619460458,0.48437913688112255,0.31474312506747687,0.32132889803512527,0.2963058228746286,0.5009191531645919,0.4937424501300482,0.4937424501300482,0.3531468531468531,0.3531468531468531,0.0017402164010277513,0.0006177957697247557,0.4855408936785954,0.5168504934297324,0.5258709918369525,0.5165776183854205,0.17274798094843655,0.3816977295393024,0.0
0.028846153846153848,0.3939393939393939,0.0,0.008660564905029033,0.5133865325866891,0.5261067494245314,0.013922164730516016,0.006952727569297897,0.0,0.0005029440628066731,0.020938851759722682,0.0057759662454171185,0.005779706584233686,0.0133785013651532,0.002622852938981352,0.0272639244719695,0.09483518244082188,0.036136982958473986,0.00014022716801217975,0.03888855667842692,0.05480479719386462,1.0111530177861816e-05,0.0,0.006195397993581891,0.0,0.06151189052743457,0.0,0.01620096941061464,0.013702764698780633,0.002650074893420901,0.003270348837209302,0.0,0.034757043033488394,0.09483518244082188,0.025502583562086227,0.0003176451903224098,0.0014979302247907452,0.00032972209138012245,0.0,0.0,0.08799221680608212,0.008598312783906555,0.07976282134607884,0.0003253928440690375,0.08017893322099857,0.005856515373352854,0.08002803083391731,0.03117636769593267,0.029586278123164778,0.0,0.6948370632116215,0.01406031603136623,0.008569266381766383,0.004917216482011702,0.030022017592381694,0.07366439872780708,0.45724795685680525,0.4911115915814564,0.4356524749048113,0.15741938986977494,0.48437913688112255,0.31455804556040534,0.32132889803512527,0.2933966029535678,0.49815893345110274,0.49102177627354743,0.49102177627354743,0.34265734265734266,0.34265734265734266,0.0021599156506873856,0.0006990846867938026,0.4821933783988079,0.5203968547152884,0.525908339113269,0.517009441557491,0.17312072892938496,0.38236475022341954,0.0
0.9519230769230769,0.477357848144365,0.0,0.006224781025489617,0.5003477355973067,0.5120848405129892,0.006986248968169281,0.003822980701593418,0.0,0.0006256133464180569,0.011098790221875906,0.027784036212440855,0.02451844169444081,0.013004348265749822,0.0011088483969677262,0.06591555546589739,0.09601674209957144,0.029873510391670393,0.00016025962058534827,0.022942454503777233,0.03065662351354913,0.0005662456899602617,0.0,0.0013261391130052742,0.0,0.03281519861830742,0.0,0.03902081381613784,0.02291842730089742,0.0025453288502026833,0.0010396479328165374,0.0,0.06421796653174651,0.09601674209957144,0.006135959954787664,0.0031446873841918578,1.0121150167505037e-05,0.0,0.0,0.0,0.13468135042426432,0.00020549426779147738,0.13407793298603127,0.01595780739455238,0.14622575274317468,0.006186459901429072,0.14626088697567324,0.07915504841082839,0.05395800004050141,0.02232762483470126,0.6843672294202331,0.018241690554594774,0.010839565527065527,0.002365243371094236,0.015596698445753208,0.14223599983896293,0.45615495153603314,0.4911115915814564,0.4345159801546094,0.15674066298042552,0.48437913688112255,0.31475083671360493,0.32132889803512527,0.29294425473413455,0.49735294929476387,0.4902273395074492,0.4902273395074492,0.34265734265734266,0.34265734265734266,0.0007779790969300535,0.00034141345168999654,0.4779549921171415,0.5187661618027336,0.5315104305607427,0.5166874039376418,0.17298819631393664,0.3819761944850989,0.0
0.6153846153846154,0.3925774599931903,0.5,0.005535872453498672,0.49096660192774305,0.5024406034199277,0.0022347943385210094,0.0018758091975818372,0.0,4.906771344455348e-05,0.004005953986473661,0.0,0.0002718677313141281,7.07857215087471e-05,0.0,0.0003025962760484961,0.00496655585372692,0.0035384552812461867,0.0,0.02226474516135462,0.003538082541742278,0.0,0.0,2.0246398671836248e-05,0.0,0.0035870864886408927,0.0,0.00038694961508696187,0.00012072920439454303,0.0014873938136986875,0.00027252906976744186,4.291845493562232e-05,0.0014599569060995993,0.00496655585372692,0.0,0.0,0.0,0.0,0.0,0.0,0.0043529718561312715,0.0003677265844689596,0.003999640032397084,0.0001355803516954323,0.0040320154059096105,0.00559874621079331,0.003764140554610071,0.0008848738025908282,0.029586278123164778,0.0,0.6960149195131529,0.002286133946127787,0.007233796296296296,0.0002593468608655961,0.0016594540070933525,0.0034220379242320543,0.453702624877245,0.4911063181264469,0.4319603092188762,0.15547370612030662,0.48437913688112255,0.31462745037555717,0.32132889803512527,0.2915694709299747,0.4957630627397941,0.48866023136610476,0.48866023136610476,0.3321678321678322,0.3321678321678322,0.0,0.00014632005072428425,0.47855970455478053,0.5259380442239696,0.5238702448914261,0.516980165410232,0.17223441706357426,0.3816459221075263,0.0
0.11538461538461539,0.014640789921688798,0.75,0.36108650723353997,0.46855697454575423,0.628596678724104,0.454398115524774,0.0018758091975818372,0.007053624543214073,0.00662414131501472,0.4647106422513262,0.05383733076623722,0.05626655120679065,0.4227626655880271,0.0009489183397127657,0.5319440802081863,0.0,0.06515638345467116,0.0,1.0,0.0,0.0,0.0722191276549369,0.04064464533371126,0.002125777198889189,0.0,0.0,0.03429595535823388,0.0232101895448509,0.023368842241984305,0.028888081395348836,0.016105150214592273,0.12274713546386355,0.0,0.11851081866623608,0.019852824395150615,0.0007995708632328978,0.0,0.0,1.2055455093429777e-05,0.0002708070048745261,0.0,0.0002699757021868032,9.490624618680261e-05,0.0002708070048745261,0.008774462293526901,0.003093402743017319,0.0,0.029586278123164778,0.0,0.6959494830519566,0.005673876477695387,0.01600338319088319,0.002583094734221337,0.012266944326944978,0.025393534361286687,0.44121906156893426,0.4911115915814564,0.41898580823814463,0.15547370612030662,0.48437913688112255,0.3578743618612829,0.32132889803512527,0.34131003592177034,0.45239449060145187,0.4459130037327645,0.4459130037327645,0.32517482517482516,0.32517482517482516,0.0,0.00014632005072428425,0.5112789668056066,0.4247981423821838,0.5882996318625621,0.5094415574910341,0.18943880720646097,0.3884262197412219,0.0
0.7980769230769231,0.6779026217228464,1.0,0.028565101860053142,0.4877828893479571,0.5088837964485367,0.003623990819223258,0.0018758091975818372,0.0,0.0003189401373895976,0.0056043396169868425,0.004598242631546607,0.01706725202138693,0.0009505511174031753,3.19860114509921e-05,0.022573682193217808,0.0412444426643169,0.032181640704437305,0.0,0.025792820267495863,0.03569509635952596,0.0,0.0027366738514446242,0.0005972687608191692,0.0,0.0377308356582968,0.0,0.0019754796138650157,1.0060767032878587e-05,0.001016036619216709,3.0281007751937984e-05,0.0022424892703862657,0.004289252703437443,0.0412444426643169,0.0,0.0,0.0,0.0,0.0,0.0,0.012507271669575333,0.0,0.012468877800997908,9.490624618680261e-05,0.012507271669575333,0.007114428886643433,0.013695064571028131,0.004321476710327301,0.029586278123164778,0.003890667861553426,0.6963421018191337,0.0023453602141621853,0.007567663817663818,0.002583094734221337,0.0022885280751418127,0.01395990176738194,0.45339747110748624,0.4911115915814564,0.4316487827391253,0.15547370612030662,0.48437913688112255,0.31468143189845305,0.32132889803512527,0.2916315579404852,0.49542631593474845,0.48832830915561165,0.48832830915561165,0.3304195804195804,0.3304195804195804,0.0,0.00014632005072428425,0.47889445608275927,0.5254103118898095,0.5237528677372886,0.5165337041645319,0.17237523296748808,0.38135450530378584,0.0
0.6346153846153846,0.46884576098059244,0.75,0.02500984155102844,0.5312421115535796,0.5507439986846433,0.061698443697275965,0.013915649753800042,0.001412849494348602,0.0,0.07610313583280887,0.15180345329045736,0.08494356227281423,0.040954596015775106,0.01299698265291979,0.28771862580944507,0.45670284775904196,0.13596616097937933,0.00015024339429876399,0.025304470888397216,0.13882665423099927,0.0001921190733793745,0.0,0.010710344897401374,0.0010321692757612247,0.15182266916025386,0.0,0.14913852796220115,0.13349631775926596,0.01742974159151138,0.011274628552971577,0.001459227467811159,0.3096518254495661,0.45670284775904196,0.03505974487324399,0.0008682301868812535,0.002226653036851108,0.0,0.0,0.0,0.596166576397665,0.0627298291152931,0.536341729244368,0.0004067410550862969,0.5382239072435859,0.007083496587136287,0.5384022424667133,0.36418730514770187,0.04116968064640246,0.04972623250019126,0.7048897395628845,0.032148018289071566,0.04942352207977208,0.015093987302377692,0.03837351815095608,0.5390112323362454,0.4547623406958616,0.4917496796376082,0.43376600899965384,0.15608003547479207,0.48437913688112255,0.31499760938970034,0.32132889803512527,0.292589471816932,0.4968561097463358,0.48973761821327905,0.48973761821327905,0.3321678321678322,0.3321678321678322,0.001044129840616651,0.0004227023687590434,0.502780597369501,0.5236160219536651,0.5032598836899108,0.5183122301105174,0.18333402360737214,0.39150228600292714,0.0
0.36538461538461536,0.9897854954034729,1.0,0.041691270544237775,0.444777011328453,0.47147319960539297,0.09032797116913971,0.0018758091975818372,0.0,0.0,0.09138769842459117,0.04298179136882207,0.05372911904785879,0.24546465770047526,0.006301244255845444,0.34691654394706584,0.3763067248768375,0.18906332614796437,0.0,0.022932488189918075,0.18919110714611573,5.055765088930908e-05,0.0,0.0009819503355840578,0.0015974048315352289,0.1930997128286885,0.0,0.026455134210419128,0.044699987927079556,0.002032073238433418,0.11548166989664083,0.0009549356223175966,0.18814313618880768,0.3763067248768375,0.10315073470046826,0.0,1.0121150167505037e-05,0.0,0.0,0.0013261000602772756,0.010571503079175943,0.0003460956089119619,0.010229079382855543,9.490624618680261e-05,0.010260576518023711,0.00773307487678634,0.012053258584442887,0.007912418072004034,0.029586278123164778,0.0,0.698067988483183,0.01754282059178887,0.03350917022792023,0.0065251670193783974,0.007321120619529496,0.060872015781633725,0.42662161487374956,0.4911115915814564,0.40380754586362055,0.15547370612030662,0.48437913688112255,0.3134707034563598,0.32132889803512527,0.2902390349904652,0.4696513842501863,0.4629226566836073,0.4629226566836073,0.2902097902097902,0.2902097902097902,0.0,0.00014632005072428425,0.46482949268945856,0.526091086600876,0.5366910313183588,0.5161604332869794,0.17359287637191964,0.38198267041407097,0.0
0.6153846153846154,0.08069458631256383,0.5,0.09426975691368959,0.4695976055184351,0.5181889181190398,0.0,0.0018758091975818372,0.0,0.009065260058881254,0.00913077791430655,0.024209901071216434,0.011921903476886209,0.06479927191829307,0.002910727042040281,0.10314498396239738,0.1428986261865663,0.036147150933420094,0.012550331537090086,0.022354441986087027,0.04884378706623007,0.05863676350142067,0.0,0.0012957695149975199,0.0034405642525374156,0.11266108675435099,0.0,0.0018736507677894997,0.00384321300655962,0.0016654620871696568,0.026243540051679587,0.0,0.03268289735999517,0.1428986261865663,0.4422533505570806,0.0,2.0242300335010073e-05,0.0,0.0,0.00378541289933695,0.017512186315219353,0.0005407743889249405,0.016958473737363637,9.490624618680261e-05,0.01701069186174801,0.025003608768275832,0.035559115026529184,0.0020681352827994935,0.04077479192401936,0.0,0.6954832482659338,0.018206154793774132,0.014745815527065527,0.012946595294410557,0.007472966084230848,0.05307178227786948,0.4439488007456849,0.4911115915814564,0.4218241606092073,0.15547370612030662,0.48437913688112255,0.31462745037555717,0.32132889803512527,0.2915694709299747,0.4860636506665931,0.479099783434361,0.479099783434361,0.3269230769230769,0.3269230769230769,0.0,0.00014632005072428425,0.47774982182579967,0.5267771386352841,0.5237688737128527,0.5168996560052697,0.1721764340443156,0.38152935538603017,0.0
0.23076923076923078,0.004426285325161729,0.0,0.023127644916838896,0.6184438960811486,0.636930697139099,0.2008798244377781,0.015516204340867153,0.0005842610690915272,0.0005642787046123651,0.2154823628135583,0.057206644409397205,0.05937792635405234,0.04307816766103752,0.038585791813713466,0.1952552903915596,0.6725677894821164,0.05005694065969821,0.1291091568340712,0.022254778847495462,0.18059427621374477,0.11776899198155656,0.0,0.014212971867629045,0.18291514094025707,0.467547597878407,0.05279774068376462,0.05143375015274327,0.0857479174212242,0.013606511014046445,0.0025032299741602065,0.019066523605150213,0.21565073803338772,0.6725677894821164,0.20973276279670594,0.0,0.0,1.5701051970482023e-05,0.0,0.0033393610608800483,0.2708671842089427,0.0,0.2700356967872891,0.011863280773350325,0.2795831578102746,0.011929556843255728,0.2849334267694464,0.050458385208202575,0.029586278123164778,0.11294958525043441,0.7014625049077347,0.008777332922697875,0.03900685541310541,0.014471554836300261,0.01298278723196564,0.22118442771448127,0.4894888396944024,0.4911115915814564,0.4691761855313257,0.17181744961584058,0.48437913688112255,0.3143883893455897,0.3239506103233445,0.3089627034458291,0.520549835766927,0.5130918825974817,0.5130918825974817,0.33916083916083917,0.33916083916083917,0.0023134641566604224,0.0007478580370352305,0.46629268081981734,0.5488363502031769,0.5034359494211171,0.5040620654321891,0.1930834541312901,0.38651582069447865,0.0
0.04807692307692308,0.9101123595505618,0.75,0.7919742151363055,0.4920432943697743,0.5012023183163433,0.0,0.04582479534309977,0.0,1.0,0.0017482342833737925,0.0,0.0,4.0448983719284053e-05,0.0,0.0,0.0,0.0,0.0,0.022254778847495462,0.0,0.0,0.0,0.0,0.1521835295274139,0.0,0.11577847679838357,0.0,0.0,0.23766877206213535,3.0281007751937984e-05,0.11701716738197425,0.0,0.0,0.0,0.2841547990894171,0.9492525530601298,0.39585492227979274,0.0,0.13416515973478,0.0002708070048745261,0.0,0.0002699757021868032,0.5168458586981574,0.0002708070048745261,0.005588435444290929,0.0,0.0,0.029586278123164778,0.46856318510180217,1.0,0.0014806567008599654,0.007233796296296296,0.0,0.0,0.0,0.18389120990695584,0.206418849437586,0.4317583939079266,0.0,0.0,0.31462745037555717,0.32132889803512527,0.2915694709299747,0.6802395870711309,0.6704937478914778,0.6704937478914778,0.3321678321678322,0.3321678321678322,0.6639027935591519,0.15199401713570374,0.4782951428633134,0.5260963639242175,0.5237688737128527,0.5116519066090902,0.342282045972251,0.5098757916823168,0.0
0.8461538461538461,0.6959482465100443,1.0,0.01721041236098809,0.49982742011096626,0.5161593636961526,0.023767339789405866,0.0025180699554495315,0.0,1.226692836113837e-05,0.025963776585648492,0.0,0.005860259986104539,0.008261704924663767,0.001748568625987568,0.015724919811986846,0.06903112107982537,0.038933176068654166,0.0,0.022254778847495462,0.04485964254214779,0.0,0.0,0.00028344958140570745,0.004743063576712295,0.04945273936904068,0.0,0.010936418068510449,0.006750774679061531,0.0016235636698823702,0.002331637596899224,0.0,0.0206911133933426,0.06903112107982537,0.0004844178911674471,0.0,0.0,0.0,0.0,0.0,0.14950552646887727,0.0,0.14904658580727734,0.007755196116978728,0.15516238390403403,0.00784649330831254,0.1568024827310041,0.12372799390877569,0.029586278123164778,0.010917913465426608,0.6994830519565503,0.010009239297813366,0.012219551282051284,0.008765923897257147,0.001268994240718446,0.15686017955634285,0.4539301031419742,0.4911115915814564,0.4322026075920156,0.1556094514981765,0.4842864707439767,0.3143189845304379,0.3220477546302822,0.29192425384717724,0.49577410361864804,0.48867111406153074,0.48867111406153074,0.3304195804195804,0.3304195804195804,0.0,0.00014632005072428425,0.48982247370580745,0.5229246925959153,0.5158405804833804,0.5170460367415648,0.1722675502174363,0.38173010918416245,1.0
0.5384615384615384,0.9659516513449098,0.75,0.0047977561263655155,0.4961388469602757,0.507290981585005,0.001016730757615414,0.0018758091975818372,3.186878558681057e-05,0.0,0.0027871849432073606,0.0,0.0,0.0018303165132976034,6.39720229019842e-05,0.0018458372838958262,0.014749469299475309,0.006924390938300728,0.0,0.022254778847495462,0.0069038229539441,0.0068960635813017585,0.0006054588166912886,8.098559468734499e-05,0.0,0.014266588997557512,0.0,3.0548653822654884e-05,0.0001609722725260574,0.000890341367354848,0.0005046834625322997,0.0,0.0007752874604804769,0.014749469299475309,0.0008679153883416761,0.0,0.0,0.0,0.0,0.0001687763713080169,0.0371105895568795,0.0,0.036996670299673025,9.490624618680261e-05,0.0371105895568795,0.005804961540840946,0.03698067874662128,0.0,0.06543002369332335,0.0,0.6960721764166994,0.0017057165193906801,0.007311698717948719,0.0003838333540810822,0.0005531513356977841,0.03692781512943355,0.45364159412329325,0.4911115915814564,0.4319026191300334,0.15551895457959658,0.48437913688112255,0.3146428736678131,0.32132889803512527,0.2916315579404852,0.49566921526953545,0.4885677284549837,0.4885677284549837,0.3321678321678322,0.3321678321678322,0.0,0.00014632005072428425,0.47889985530095247,0.5224813974352208,0.526745985167796,0.5165849374222352,0.17220956719817768,0.38127679415612176,0.0
0.9711538461538461,0.463398025195778,0.25,0.005843420923137487,0.5189657570590326,0.5304946974679382,0.004147456159777728,0.0018758091975818372,0.0,0.0008709519136408243,0.0065733609054854595,0.036007619359727995,0.002859645766415273,0.005238143391647285,0.00018125406488895526,0.04368481571886789,0.1052889814555213,0.06430227355919794,0.0,0.022254778847495462,0.06411127218904918,0.016714359384005582,0.007895182969654402,0.0035633661662431795,0.00341598879359072,0.09129186211689201,0.0,0.013421041912753045,0.0006036460219727152,0.0015921398569169048,0.0012516149870801033,4.291845493562232e-05,0.015928633278962524,0.1052889814555213,0.006368076860972065,0.0,0.0,0.0,0.0,0.00020494273658830622,0.027040580931174903,0.0008003460956089119,0.026217640412362884,9.490624618680261e-05,0.02629836914003731,0.006928835089600561,0.02729001902092302,0.014271162374342774,0.029586278123164778,0.004185746603862253,0.6965302316450728,0.0050697685437445204,0.013488247863247866,0.001441968546412714,0.0009219188928296402,0.02947985023551673,0.45237659304138444,0.4911115915814564,0.430587285104419,0.15547370612030662,0.48437913688112255,0.31462745037555717,0.32132889803512527,0.2915694709299747,0.4944491981561733,0.4873651906104104,0.4873651906104104,0.32342657342657344,0.32342657342657344,0.0,0.00014632005072428425,0.4804170356132432,0.5259960947807272,0.521816144694019,0.5167532752689746,0.1725740318906606,0.38171068139724645,0.0
0.5576923076923077,0.6455566905005107,0.0,0.0013163074500541286,0.49325392941224955,0.5029646908911543,0.009382109565322434,0.0018758091975818372,0.0,0.0,0.011058830581113076,0.0,0.0,0.00568308221255941,0.00017059206107195788,0.005789675415061226,0.018514439059558616,0.007727660959043397,0.0,0.02234447567222787,0.007795946918624102,1.0111530177861816e-05,0.0,0.0,0.0,0.007879326731459056,0.0,0.0052645513421041915,0.0039941245120527985,0.0008693921587112046,0.0016149870801033593,0.0,0.010854024446726675,0.018514439059558616,0.0,0.0,3.0363450502515105e-05,0.0,0.0,0.0,0.025225171009608634,0.0019684187756867835,0.023327900488955992,9.490624618680261e-05,0.02339973119897294,0.005660610809807601,0.023165482030233258,0.01803702065048514,0.029586278123164778,0.0035300160653981925,0.6953523753435414,0.0014806567008599654,0.008268785612535613,0.000529067596165816,0.0011713792991247195,0.022706228109022102,0.4538246863851485,0.4911115915814564,0.43209299642321447,0.15547370612030662,0.48437913688112255,0.31462745037555717,0.32132889803512527,0.2915694709299747,0.49589003284661465,0.48877449966807773,0.48877449966807773,0.33916083916083917,0.33916083916083917,0.0,0.00014632005072428425,0.4789646459192709,0.5249986806691646,0.5241956997278984,0.5166581277903828,0.1721018844481259,0.3812638422981777,0.0
0.9230769230769231,0.08341845420497106,0.5,0.008623659088672374,0.48873079082802284,0.5015054669516607,0.0017314622802955565,0.0020797015016668194,0.0,6.133464180569185e-05,0.00370625668075244,3.0723224709665525e-05,0.00030207525701569785,0.0008898776418242492,9.595803435297629e-05,0.0012709043594036837,0.0038150358473184607,0.0020640989140602757,0.0,0.022254778847495462,0.002057967782159548,2.0223060355723633e-05,0.0,0.0,8.601410631343541e-05,0.002166559360660596,0.0,0.0001120117306830679,0.00099601593625498,0.001016036619216709,0.0003734657622739018,3.2188841201716734e-05,0.0017016049457298779,0.0038150358473184607,0.00010092039399321815,0.0,0.0,0.0,0.0,0.0,0.0098092315098995,0.0,0.00977911987921087,9.490624618680261e-05,0.0098092315098995,0.006413296764481471,0.010321353488837722,0.0,0.037180292015147526,0.0004699402192325767,0.6959576626096061,0.0020373836203833122,0.007233796296296296,9.336486991161458e-05,0.0009327649974511654,0.009420669109062361,0.4540299716484407,0.4911115915814564,0.4323064497519326,0.15547370612030662,0.48437913688112255,0.3147816832981168,0.32132889803512527,0.291746862388576,0.49598388031687324,0.4888778852746248,0.4888778852746248,0.3321678321678322,0.3321678321678322,0.0,0.00014632005072428425,0.4778254108805045,0.5265079951448625,0.5237688737128527,0.5166361706799385,0.17225098364050528,0.38135450530378584,0.0
0.15384615384615385,0.888321416411304,1.0,0.31347800413345145,0.4920432943697743,0.5012023183163433,0.0,0.19682743574843764,0.001774029064332455,0.09647939156035329,0.0017482342833737925,1.0,0.0,0.37706542623116596,0.6575364373980447,0.0,0.0,0.0,0.0,0.08487312882457294,0.0,0.0,0.0,0.42651063442090237,0.01560541643115185,0.0,0.0,0.0,0.0,0.6023421215263592,0.20089429909560724,0.04066523605150214,0.0,0.0,0.0,0.009614061093758272,0.05472505895569973,0.09018684251844873,0.09771836344336897,0.12706449668474987,0.0002708070048745261,0.273112697382652,0.0002699757021868032,0.13251623574711552,0.0002708070048745261,0.20639061307817622,0.0,0.0,0.029586278123164778,0.0,0.0,0.3925753950392078,0.21509971509971512,0.19991493422963608,0.0,0.0,0.9273734027974279,0.4911115915814564,0.9244836737048575,0.3634899231681161,0.48437913688112255,0.30403164859570925,0.32132889803512527,0.4832586810945053,0.84775732148279,0.8356114442425099,0.8356114442425099,0.3741258741258741,0.3741258741258741,0.32597324161369245,0.1035133069957242,0.6638716713819839,0.5425141168399388,0.10857920290241689,0.22146673497767694,0.9714143715054877,0.7449779170822056,0.0
0.9230769230769231,0.43990466462376576,0.0,0.0012301938785552603,0.4945469906703827,0.5042132522196646,0.0,0.0018758091975818372,0.0,0.0,0.0017482342833737925,0.0,0.0,0.0003033673778946304,8.529603053597894e-05,0.0003429424461882956,0.00621820803460568,0.0,0.0,0.022254778847495462,0.0,0.004236731144524101,0.0,0.0,0.0,0.004282020623192405,0.0,0.0,0.0,0.0007960699284584524,0.0020591085271317823,0.0,0.0020338710002215108,0.00621820803460568,0.0,0.0,0.0,0.0,0.0,0.0,0.0002708070048745261,0.0,0.0002699757021868032,9.490624618680261e-05,0.0002708070048745261,0.006021487637390964,0.0004204625087596356,0.0,0.029586278123164778,0.0,0.6959494830519566,0.0014806567008599654,0.007233796296296296,0.0,2.1692209243050358e-05,2.012963484842385e-05,0.45372481787868196,0.4911115915814564,0.43198915426329754,0.15553705396331255,0.48437913688112255,0.31462745037555717,0.3213429932624813,0.29164042751341523,0.49574098098208613,0.4886384659752527,0.4886384659752527,0.3356643356643357,0.3356643356643357,1.0236567064869126e-05,0.00014632005072428425,0.47734488046130924,0.527030450155681,0.5237635383876647,0.5166947229744565,0.17201076827500517,0.3812185107953736,0.0
0.6826923076923077,0.18556350017024173,0.0,1.0,0.48856593839670703,0.915400978296613,0.0,0.0018758091975818372,0.0,7.360157016683021e-05,0.0018081737445180368,0.00025602687258054603,0.0,0.0927292951764587,6.39720229019842e-05,0.09276593169393396,0.9140565546521409,0.09306747468174238,0.0,0.0,0.0701635222676169,0.0,0.0,0.8260125730135752,0.03080533778968322,0.9302204371953277,0.0,0.0,0.0,0.0031528559008683443,0.0003936531007751938,0.0,0.0026279224309792787,0.9140565546521409,0.0,0.0,0.00018218070301509063,0.0,0.0,0.00012055455093429777,0.0002708070048745261,0.0,0.0002699757021868032,9.490624618680261e-05,0.0002708070048745261,0.005588435444290929,0.0,0.0,0.029586278123164778,0.0,0.6959494830519566,0.0014806567008599654,0.007233796296296296,0.0,0.0,0.0,0.45350288786431203,0.4911115915814564,0.4317583939079266,0.15547370612030662,0.48437913688112255,0.31462745037555717,0.32132889803512527,0.2915694709299747,0.4955698473598499,0.48846978419614967,0.48846978419614967,0.3304195804195804,0.3304195804195804,0.0,0.00014632005072428425,0.4656609722912123,0.5289038999419494,0.5321239929573707,0.514916197028471,0.17588734727686892,0.3826755948140761,0.0
0.6346153846153846,0.12359550561797752,1.0,0.02122084440507824,0.4935012080592232,0.5115196481420585,0.018583019589683707,0.002110285347279567,0.00861519503696779,0.0001717369970559372,0.02866105233713949,0.009001904839931999,0.006867177509490198,0.0016179593487713622,0.0012154684351376997,0.01846845938149321,0.06541634958144751,0.025247081791190465,0.00034055169374386506,0.043921545177300715,0.047556289980839606,0.0,0.0,0.0,7.372637684008749e-05,0.048001553382183114,0.0,0.005274734226711743,0.002676164030745704,0.0010788842451476396,0.00813549741602067,0.002349785407725322,0.018486075031716304,0.06541634958144751,0.0007569029549491361,0.011932870983111863,0.0001113326518425554,0.0,0.0,0.00039783001808318263,0.06520430884034421,0.006683971447112264,0.05882470577648012,9.490624618680261e-05,0.05900583739543841,0.005701853875817129,0.05873460806887577,0.036135776682546375,0.029586278123164778,0.005956219057715217,0.6973727260829735,0.009606500675179454,0.009170227920227921,0.005114320096269554,0.0021692209243050356,0.058204839164217564,0.45396894089448897,0.4911115915814564,0.43224299065420557,0.15589904163763224,0.48437913688112255,0.3142341564230301,0.32132889803512527,0.29153399263825447,0.496055646029424,0.4889486227948938,0.4889486227948938,0.3321678321678322,0.3321678321678322,0.0,0.00014632005072428425,0.48629138500745095,0.5148134466198744,0.5272581763858507,0.5166654468271975,0.17222613377510873,0.38136098123275786,0.0
0.6538461538461539,0.923391215526047,0.5,0.023988780631827578,0.5172502614456528,0.5363624219006906,0.0014999295335118485,0.0018758091975818372,0.0,0.0,0.003236730901789193,0.015330889130123098,0.017550572432612044,0.0074729497421377284,0.0,0.040094006576425735,0.10981495574157889,0.016573799162158866,0.0013221418698291232,0.04014431222468058,0.036060056163258684,0.0,0.0,0.007673385096625938,0.0014376643483817058,0.04530357380098313,0.000826579110509035,0.012932263451590566,0.019628556481146125,0.002880516188500979,0.030735222868217057,0.0,0.06578867878934333,0.10981495574157889,0.008124091716454061,0.0,9.109035150754532e-05,0.0,0.0,0.0,0.05516438988184791,0.003893575600259572,0.051395374416302535,0.004474151605949266,0.05479328398627911,0.007537170313241086,0.05630193212533788,0.030919136939365568,0.05481865494825945,0.0021639107769313996,0.6903546656196833,0.0034943498140295186,0.010494569088319089,0.0006535540893813021,0.004208288593151769,0.05962397842103145,0.4518439610068965,0.4911115915814564,0.4300334602515287,0.15547370612030662,0.48437913688112255,0.31462745037555717,0.32132889803512527,0.2915694709299747,0.4939192359711833,0.4868428212299622,0.4868428212299622,0.3269230769230769,0.3269230769230769,0.0,0.00014632005072428425,0.47880806859166797,0.525800833817088,0.5225364135944086,0.5152967869428383,0.1752412507765583,0.38250722066080384,0.0
0.40384615384615385,0.163772557030984,0.0,0.04871567759078831,0.4920432943697743,0.5012023183163433,0.0,0.0018758091975818372,0.02102277555876604,0.12325809617271835,0.12189688414701151,0.0,0.573369045341496,0.11212458286985541,0.2759859688029769,0.9472473825422122,0.0,0.35409972749827145,0.008133175744706424,0.08670693057465766,0.426840766010077,0.05930412449315955,0.04536097454651134,0.1922193089904133,0.0,0.7034164188408907,0.76551557872018,0.5284509795934993,0.7225240452332086,0.10943866595439357,0.16932130167958656,0.0021244635193133046,0.0,0.0,0.17008113999677055,0.021303404097622956,0.09531087112739492,0.206123410268488,0.030814179567214217,0.04593128390596745,0.0002708070048745261,0.2653255461821328,0.0002699757021868032,0.12396111555513373,0.0002708070048745261,0.08845606582393335,0.0,0.0,0.2569915554565521,0.0,0.6580944902499674,0.30309634929283835,0.012520032051282052,0.038009875928461764,0.4817188906604193,0.0,0.898677851939391,0.4911115915814564,0.894646359755394,0.34834978868969513,0.48437913688112255,0.3132779123031602,0.32132889803512527,0.4790545035256552,0.8218222970548456,0.8100479926868286,0.8100479926868286,0.36713286713286714,0.36713286713286714,0.304026041826613,0.07935424084280349,0.7100565838066649,0.4560926697978785,0.36108947340340386,0.510612603381395,0.19179126113066888,0.3913015322047948,0.0
0.8653846153846154,0.6884576098059244,0.25,0.006692254699340617,0.4897250570543961,0.5016853008878659,0.0002415993879482172,0.0018758091975818372,0.0,0.0,0.00198799212795077,0.0,8.055340187085276e-05,4.0448983719284053e-05,0.00011728204198697104,0.00019164430816404754,0.001361797572796091,1.0167974946109733e-05,0.0,0.022254778847495462,1.0137772325909106e-05,0.0,0.0,0.0008098559468734499,0.0,0.0008277891896863599,0.0,2.0365769215103257e-05,0.00041249144834802203,0.0008274937414239177,3.0281007751937984e-05,8.583690987124464e-05,0.0005638454258039832,0.001361797572796091,0.0,0.0,0.0,0.0,0.0,0.0,0.014021784919058797,0.0,0.013978741913227809,9.490624618680261e-05,0.014021784919058797,0.005588435444290929,0.013725097607368106,0.013602362407268313,0.029586278123164778,0.0,0.6959494830519566,0.0015635734761081236,0.007233796296296296,0.0,0.0004446902894825323,0.01379886468859455,0.45350288786431203,0.4911115915814564,0.4317583939079266,0.15547370612030662,0.48437913688112255,0.31462745037555717,0.32132889803512527,0.2915694709299747,0.4955698473598499,0.48846978419614967,0.48846978419614967,0.3304195804195804,0.3304195804195804,0.0,0.00014632005072428425,0.47823035224499494,0.5260963639242175,0.5238222269647335,0.5166800849008271,0.1720521847173328,0.3812379385822896,0.0
0.9711538461538461,0.0068096697310180455,0.5,0.014799232359019782,0.4919557165156378,0.5072961196974679,0.002788459602569007,0.0018758091975818372,0.0,0.0,0.0045154394061997375,0.0,1.0069175233856595e-05,4.0448983719284053e-05,0.0,1.008654253494987e-05,0.014659350342452039,0.0,0.0,0.022254778847495462,0.0,0.005359110994266762,0.0,0.00015184799003877184,0.0,0.005579912315663611,0.0,0.0,0.008974204193327699,0.0010265112235385307,7.065568475452197e-05,0.0,0.009243037515858152,0.014659350342452039,0.0,0.0,0.0,0.0,0.0,0.0,0.0002708070048745261,0.0,0.0002699757021868032,9.490624618680261e-05,0.0002708070048745261,0.005609056977295692,2.0022024226649315e-05,0.0,0.029586278123164778,0.0,0.6959494830519566,0.001492501954466845,0.007233796296296296,0.0,2.1692209243050358e-05,4.02592696968477e-05,0.4534917913635935,0.4911115915814564,0.43174685589015804,0.15547370612030662,0.48437913688112255,0.31462745037555717,0.32132889803512527,0.2915694709299747,0.49555880648099593,0.4884589015007237,0.4884589015007237,0.3304195804195804,0.3304195804195804,0.0,0.00014632005072428425,0.4745696823100016,0.5308037363449258,0.5227071440004268,0.5167239991217155,0.17215986746738454,0.38136098123275786,0.0
0.41346153846153844,0.8232890704800817,1.0,0.0027556342879637833,0.5131134957473223,0.5233681354817494,0.016066359298556446,0.004404073768235618,0.0,0.0003434739941118744,0.020449346160378017,0.016252585871413063,0.015204454603123458,0.008201031449084841,0.0023776268511904127,0.041627161041738116,0.10326631153122122,0.022339040956603082,0.003575792784310583,0.022254778847495462,0.025891870520371854,0.0034884779113623266,0.0,0.0011945375216383385,0.0001597404831535229,0.030965447466045314,0.0,0.03219828112907825,0.03313010583926918,0.0066827975573222715,0.0026445413436692504,5.36480686695279e-05,0.07332004269115366,0.10326631153122122,0.01669223316647828,0.0027211604637619774,0.0008198131635679079,0.0,0.0,0.00013261000602772754,0.1488034342340174,0.015671641791044775,0.13385795278424942,0.00218284366229646,0.13581472788910953,0.005990555337883818,0.1356792471718891,0.05343197275411826,0.030092545715963627,0.0,0.6930620992016753,0.028890573547179645,0.011651976495726498,0.003890202912983941,0.04847124155359602,0.1252465880268932,0.4596558975127194,0.4911115915814564,0.43815622476058613,0.1590935828635035,0.48437913688112255,0.3146197387294292,0.3212866123530572,0.2950818218102798,0.49950592067128546,0.4923494651155198,0.4923494651155198,0.3409090909090909,0.3409090909090909,0.000573247755632671,0.00032515566827618725,0.48296006738224306,0.5226713810755185,0.522872539081257,0.5170387177047501,0.1762766618347484,0.38485798287764383,0.0
0.15384615384615385,0.7616615594143684,0.0,0.008808188170455663,0.489173831737184,0.5020192781979612,0.0,0.0018758091975818372,0.0,0.0,0.0017482342833737925,0.0024168936771603545,0.00047325123599125995,0.00018202042673677826,0.0,0.0029957031328801116,0.004566027155845716,0.0015048602920242403,0.0,0.023151747094819507,0.002422927585892276,0.0,0.0,0.00027332638206978933,0.0,0.002708199200825745,0.0,0.0018940165370046028,0.0,0.0008379683457457395,3.0281007751937984e-05,0.0,0.0019231156487242997,0.004566027155845716,0.0033000968835782333,0.0,0.0,0.0,0.0,0.0,0.0002708070048745261,0.0,0.0002699757021868032,9.490624618680261e-05,0.0002708070048745261,0.00559874621079331,1.0011012113324657e-05,0.0,0.029586278123164778,0.0,0.6959494830519566,0.0014806567008599654,0.007233796296296296,2.0747748869247687e-05,1.0846104621525179e-05,3.0194452272635774e-05,0.4534917913635935,0.4911115915814564,0.43174685589015804,0.15547370612030662,0.48437913688112255,0.31462745037555717,0.32132889803512527,0.2915694709299747,0.49555880648099593,0.4884589015007237,0.4884589015007237,0.3304195804195804,0.3304195804195804,0.0,0.00014632005072428425,0.4782789452087338,0.5261121958942424,0.5237688737128527,0.5166947229744565,0.17204390142886727,0.3812444145112616,0.0
0.9038461538461539,0.9877425944841676,0.5,0.0006150969392776302,0.49258421641002914,0.5019987257481092,0.005737985463770159,0.0018758091975818372,0.0,0.0,0.007442483092077003,0.005642832271675235,0.01256633069185303,0.00048538780463140864,0.000319860114509921,0.018882007625426155,0.026004325709937118,0.00024403139870663357,0.0,0.02304211764236879,0.001044190549568638,0.0,0.0,3.036959800775437e-05,1.2287729473347913e-05,0.0011037189195818133,0.0,0.010946600953118,0.0140951346130629,0.0007960699284584524,0.00012112403100775194,3.2188841201716734e-05,0.025070984111641395,0.026004325709937118,0.0,0.0,0.0,0.0,0.0,0.0,0.0325971394756374,0.0,0.03249707526322631,9.490624618680261e-05,0.0325971394756374,0.005588435444290929,0.03226549204124537,0.03356346911687536,0.029586278123164778,0.0,0.692824892029839,0.0019307763379213948,0.008168625356125357,4.149549773849537e-05,0.0013015325545830214,0.03146261926808648,0.4540410681491592,0.4911115915814564,0.43231798776970115,0.1557451968760464,0.48437913688112255,0.31462745037555717,0.32132889803512527,0.2918266885449466,0.49594523724088435,0.48883979584063375,0.48883979584063375,0.3548951048951049,0.3548951048951049,0.0,0.00014632005072428425,0.47512040256570853,0.5256689007335479,0.5273382062636718,0.5166947229744565,0.17200248498653967,0.3812185107953736,0.0
0.25961538461538464,0.12734082397003746,0.25,0.007454974904044877,0.49370212195988933,0.5059704866820125,0.0,0.002558848416266528,0.0,0.0,0.0024175582661511872,0.0,0.0,0.00010112245929821014,0.0,6.051925520969922e-05,0.01002323066447711,0.0023081303127669094,0.0,0.022254778847495462,0.002301274317981367,0.0,0.0,0.0,0.0,0.002319853655046959,0.0,0.0,0.0014990542878989095,0.0008693921587112046,0.006268168604651163,0.0,0.007793149278076482,0.01002323066447711,0.0,0.0,0.0,0.0,0.0,0.0,0.0003309863392910875,0.0,0.0003299703026727595,9.490624618680261e-05,0.0003309863392910875,0.005588435444290929,6.006607267994794e-05,0.0,0.029586278123164778,0.0,0.6965956681062688,0.0015280377152874843,0.007233796296296296,0.00018672973982322916,8.676883697220143e-05,0.001107129916663312,0.45293141807730936,0.4911115915814564,0.4311641859928464,0.15547370612030662,0.48437913688112255,0.31458889214491725,0.32132889803512527,0.2915251230653244,0.49502884429600597,0.4879365321202755,0.4879365321202755,0.3269230769230769,0.3269230769230769,0.0,0.00014632005072428425,0.478284344426927,0.5260963639242175,0.5237421970869125,0.5166434897167532,0.1721267343135225,0.3812638422981777,0.0
0.7980769230769231,0.19816138917262513,0.0,0.019916838893809664,0.7101018478927222,0.72700694672805,0.3771869777929896,0.08015006473580655,0.0011578992096541174,0.0017419038272816485,0.4552701771211077,0.26184380312557604,0.09892964667264105,0.07525533420972798,0.003721039332132081,0.4355369066591354,0.0,0.6059502989384634,1.0016226286584267e-05,0.028812613366820145,0.6108311959530013,0.004651303881816435,0.0,0.0983063887511009,0.0001843159421002187,0.7198597868187346,0.03909030376782311,0.5022504174982689,0.0197794679866393,0.0581026301731452,0.019410125968992248,0.0,0.6251233411868947,0.0,0.04753350557080575,0.0,0.000283392204690141,0.0,0.0,0.006666666666666667,0.6972076788830716,0.027968851395197922,0.6692097711205991,9.490624618680261e-05,0.6712703857495336,0.028911389272678528,0.6923816197817599,0.512681476298758,0.029586278123164778,0.0,0.6650961915979584,0.0477245267821184,0.06074163105413106,0.04088343914685256,0.11299471794704932,0.6957405692660735,0.453702624877245,0.4911115915814564,0.43196607822776045,0.1556094514981765,0.4844122319301032,0.31212116538396284,0.321920897584078,0.2891480775200674,0.4972756631427862,0.4901511606394672,0.4901511606394672,0.3304195804195804,0.3304195804195804,0.0020677865471035633,0.0006828269033799932,0.5348573526553355,0.513256636234102,0.44413914528090487,0.40242260118568396,0.346655622282046,0.41664831820124604,0.0
0.4326923076923077,0.17943479741232551,1.0,0.0025465013286093885,0.49192480668476607,0.5021477310095364,0.0,0.0018758091975818372,0.0,0.0,0.0017482342833737925,0.0,0.00012083010280627914,4.0448983719284053e-05,1.0662003816997368e-05,0.00013112505295434832,0.001982617054511956,2.0335949892219465e-05,0.0,0.022254778847495462,2.0275544651818212e-05,0.0,0.0,0.001801929481793426,0.0,0.0018293119130105978,0.0,0.0,0.00018109380659181453,0.0007855953241366307,3.0281007751937984e-05,0.0,0.00018123602972270887,0.001982617054511956,0.0,0.0,0.0,0.0,0.0,0.0,0.0002708070048745261,0.0,0.0002699757021868032,9.490624618680261e-05,0.0002708070048745261,0.005588435444290929,0.0,0.0,0.029586278123164778,0.0,0.6959494830519566,0.0014806567008599654,0.007233796296296296,1.0373874434623843e-05,2.1692209243050358e-05,4.02592696968477e-05,0.453480694862875,0.4911115915814564,0.4317353178723895,0.15547370612030662,0.48437913688112255,0.31462745037555717,0.32132889803512527,0.2915694709299747,0.495547765602142,0.4884480188052977,0.4884480188052977,0.3304195804195804,0.3304195804195804,0.0,0.00014632005072428425,0.4782951428633134,0.5260963639242175,0.5237688737128527,0.5166947229744565,0.17200248498653967,0.3812120348664016,0.0
0.5384615384615384,0.7524685052774941,0.0,0.003690581635665781,0.49488184717149286,0.5055748520223611,0.0006442650345285792,0.0023753453425900436,0.0,0.0,0.002877094134923727,0.009196485263093215,0.002738815663608994,0.00011123470522803116,0.00040515614504589993,0.012265235722499043,0.021828814034525575,0.006110952942611949,0.0,0.02242420618310112,0.006265143297411827,0.0006875840520946035,0.0,0.0007592399501938592,0.002138064928362537,0.009555344350083289,0.0,0.005600586534153395,0.005905670248299731,0.0009950874105730655,0.0005450581395348837,0.00040772532188841203,0.012535492055820698,0.021828814034525575,2.018407879864363e-05,0.0,0.0,0.0,0.0,0.0,0.07678883071553229,0.0,0.0765531102200802,9.490624618680261e-05,0.07678883071553229,0.005877136906357619,0.07665431975172689,0.06704462439164925,0.0328770174763573,0.0036611621730910046,0.6962357675696899,0.0025348842718722607,0.008224269943019943,0.0004875720984273206,0.001757068948687079,0.076462417971738,0.45383578288586696,0.4911115915814564,0.432104534440983,0.15557325273074454,0.48437913688112255,0.31465829696006914,0.32132889803512527,0.29170251452392565,0.4958182671340639,0.4887146448432348,0.4887146448432348,0.3321678321678322,0.3321678321678322,0.0,0.00014632005072428425,0.47880806859166797,0.5256794553802311,0.5236248199327749,0.5166068945326795,0.17222613377510873,0.3813091738009818,0.0
0.9038461538461539,0.33129043241402795,0.5,0.018809664403109928,0.49223905663196177,0.509253740545873,0.011184038333769554,0.0018758091975818372,0.0,0.0,0.012847024505249697,2.0482149806443683e-05,0.0031717901986648275,0.0026190716958236424,0.0,0.0057795888725262765,0.032552969920294786,0.0048806279741326715,0.003014884112261864,0.022254778847495462,0.00791760018653501,1.0111530177861816e-05,0.001162480928047274,0.008543980239514895,4.9150917893391654e-05,0.017138302112395375,0.0,0.0021689544214084965,0.012364682683407782,0.0009322397846421351,0.0011809593023255813,4.291845493562232e-05,0.0158480839324191,0.032552969920294786,0.0,0.0,0.0,0.0,0.0,0.0,0.00035104611742994125,0.0,0.0003499685028347449,9.490624618680261e-05,0.0003610760064993681,0.0074856164807291774,0.001922114325758334,0.0,0.029586278123164778,0.0,0.6962357675696899,0.0015754187297150031,0.007422987891737892,0.0017428109050168054,0.00033622924326728057,0.0026168525302951006,0.4531256068398831,0.4911115915814564,0.431366101303796,0.15547370612030662,0.48437913688112255,0.31496676280518837,0.32132889803512527,0.29195973213889753,0.49495155814402825,0.4878603532522935,0.4878603532522935,0.32867132867132864,0.32867132867132864,0.0,0.00014632005072428425,0.47927240135628363,0.5246925959153517,0.5242383823294029,0.5167093610480861,0.1721018844481259,0.38130269787200977,0.0
0.75,0.2863466121893088,0.25,0.004933077453006593,0.5050820913591567,0.5162672640578757,0.005566852563973505,0.003201109174134222,0.0,0.0001226692836113837,0.00867124204553401,0.02829608995760195,0.026481930865042844,0.004681969865507129,7.463402671898158e-05,0.05910713925480624,0.09496535426763328,0.014540204172936918,0.0,0.022882656620622294,0.015135694082582293,0.0027705592687341375,0.0,0.004029033335695413,0.001302499324174879,0.023198536550469592,0.0,0.0131359211437416,0.052557446979757734,0.001057935036503996,0.0063791989664082685,0.00048283261802575106,0.07263537324553455,0.09496535426763328,0.020062974325851766,0.0,0.0,0.0,0.0,0.0004942736588306209,0.206475296383222,0.015087605451005839,0.1918927296543311,0.0034844150385726098,0.1949910733987282,0.006619512094529107,0.19535489037941736,0.10740927471215879,0.09573520179826249,0.0,0.6949597565763643,0.0032455994882850444,0.01231971153846154,0.0010996306900701274,0.018742068785995512,0.19417045774789646,0.4547401476944246,0.4911115915814564,0.43304488288911963,0.15588094225391624,0.48467699232194866,0.31506701420485217,0.32137118371719336,0.29210164530577853,0.49646967898644734,0.4893567238733689,0.4893567238733689,0.3374125874125874,0.3374125874125874,0.0,0.00014632005072428425,0.47603287044036025,0.5230935669428465,0.5290881929253588,0.5167605943057894,0.17215158417891904,0.3813804090196739,0.0
0.38461538461538464,0.9822948586993531,0.5,0.0037643932683790967,0.5122531721213932,0.522926257809931,0.031085787916003946,0.009175153683824204,0.0,0.0011653581943081451,0.04069889411694189,0.011429039591995576,0.0070182151379980465,0.01168975629487309,0.0038916313932040388,0.033588186641383064,0.11472143229062362,0.05734737869605889,0.0,0.022523869321692678,0.05830232864630326,1.0111530177861816e-05,0.0,0.00045554397011631555,0.0,0.0592431349705164,0.0,0.013797808643232457,0.036520584329349265,0.001717835108778766,0.0028565083979328163,0.0032725321888412017,0.056988662679474014,0.11472143229062362,0.0023413531406426607,0.00017999894118269892,0.0041193081181745495,0.0,0.0,0.00162748643761302,0.09088082485807707,0.006781310837118753,0.0843324100830925,0.0006643437233076182,0.08501333975246234,0.006217392200936218,0.08519371308439283,0.020650485137206884,0.038213077904457174,0.0,0.6956713780918728,0.018454905119518607,0.011585202991452992,0.008714054525084029,0.030922244275968288,0.08393051250050325,0.4544460904253844,0.4911115915814564,0.43273912541825316,0.15665016606184562,0.48437913688112255,0.3136943411940713,0.32132889803512527,0.2916492970863453,0.49646415854702036,0.4893512825256559,0.4893512825256559,0.33916083916083917,0.33916083916083917,0.000563011188567802,0.0002926401014485685,0.48169125110683975,0.5246609319753021,0.52142666595529,0.5161018809924613,0.17341892731414374,0.3817883925449106,0.0
0.9038461538461539,0.9952332311882873,1.0,0.02400108257061313,0.5753143787381576,0.5942792255836896,0.0025166602911272625,0.006769224495621412,0.0,0.0014720314033366043,0.01023965794547507,0.05065235647133523,0.03311751734415434,0.014713317827889573,0.0066744143894403515,0.10402251316293801,0.29315696719669965,0.09565014031805424,0.0013321580961157076,0.026948912675157966,0.1025435670765706,0.016026775331910978,0.0,0.031199700353299657,0.0,0.1510664173079478,0.007496613321699998,0.07834711417050222,0.02904543442392048,0.003927976620683154,0.029907541989664086,0.0,0.14594534726837027,0.29315696719669965,0.013301307928306152,0.005050558526126316,0.00992884831432244,0.005008635578583765,0.006978381730092169,0.01784207353827607,0.3088002246695152,0.0,0.3078522932936036,0.02368588744119202,0.3262522316503179,0.021652609655001754,0.34097507257983783,0.12662955684285257,0.050282497316781756,0.0,0.6918760633424945,0.0698633057733766,0.009693287037037038,0.008350968919872194,0.13256109068428074,0.33088087282096706,0.46007756454002235,0.4911115915814564,0.4385946694357909,0.1574374892534909,0.48437913688112255,0.3147662600058609,0.32132889803512527,0.29365382056853967,0.5008142648154793,0.49363906452350115,0.49363906452350115,0.33916083916083917,0.33916083916083917,0.0061931230742458205,0.0017720983921052204,0.47919141308338553,0.5245237215684204,0.524547831190311,0.5167898704530484,0.1742141230068337,0.38303177090753665,0.0
0.49038461538461536,0.1797752808988764,1.0,0.0034199389823836236,0.4942842571079732,0.5048657925024663,0.0,0.0020695068864625705,7.4360499702558e-05,0.0,0.001997982038141477,0.0005735001945804232,0.006544963902006787,0.0017696430377186774,0.00014926805343796316,0.008977022856105386,0.016311531221212,0.0022674584129824702,0.0,0.022254778847495462,0.0022607232286777305,0.0,0.0,0.0,0.0,0.002278975176543929,0.0,0.0051932711498513294,0.008290072035091956,0.0009636635976076004,0.0005753391472868218,1.072961373390558e-05,0.01415654765500715,0.016311531221212,0.00036331341837558535,0.0,0.0,0.0,0.0,0.0,0.025265290565886344,0.0,0.02518773310402064,0.0039047141288284497,0.0280836893943953,0.00559874621079331,0.027770547602362597,0.024683863400179033,0.029586278123164778,0.0007978054884646069,0.6956223007459758,0.002250598185307147,0.007411858974358975,0.0001659819909539815,0.001746222844065554,0.027074358871130078,0.45396894089448897,0.4911115915814564,0.43224299065420557,0.15568184903304041,0.48437913688112255,0.31460431543717327,0.32132889803512527,0.291746862388576,0.49592315548317645,0.4888180304497818,0.4888180304497818,0.3356643356643357,0.3356643356643357,0.0,0.00014632005072428425,0.47842472409995035,0.5260699773075096,0.5236728378594675,0.5167020420112712,0.172135017601988,0.38132212565892576,0.0
0.21153846153846154,0.613210759278175,1.0,0.0031862021454581242,0.49087902407360656,0.5013718760276226,0.0,0.0018758091975818372,0.0,2.453385672227674e-05,0.0017682141037552073,0.0,2.013835046771319e-05,4.0448983719284053e-05,0.0,2.017308506989974e-05,0.00037048904554011296,1.0167974946109733e-05,0.0,0.022254778847495462,2.0275544651818212e-05,0.0,0.0,0.0,0.0,2.043923925151506e-05,0.0,0.0,0.00011066843736166445,0.0009846128062512437,3.0281007751937984e-05,5.36480686695279e-05,0.00036247205944541774,0.00037048904554011296,0.0,0.0,0.0,0.0,0.0,0.001398432790837854,0.0018856191450522559,0.0,0.0018798308152266296,9.490624618680261e-05,0.0018856191450522559,0.005588435444290929,0.0016117729502452699,0.0,0.029586278123164778,0.0,0.6959494830519566,0.0015517282225012438,0.007233796296296296,1.0373874434623843e-05,0.0015943773793642012,0.0015399170659044245,0.453547273867186,0.4911115915814564,0.4318045459790008,0.1554918055040226,0.48437913688112255,0.31462745037555717,0.32132889803512527,0.29157834050290476,0.4956029699964117,0.4885024322824277,0.4885024322824277,0.3304195804195804,0.3304195804195804,0.0,0.00014632005072428425,0.4783923287907911,0.5260963639242175,0.5237688737128527,0.5168264656371221,0.17201076827500517,0.38133507751686985,0.0
0.21153846153846154,0.5042560435818862,0.0,0.054460683003641375,0.5565933245068594,0.5883292913515291,0.0003221325172642896,0.002202036884117809,0.0,0.0012389597644749755,0.003396569464840511,0.014593531737091124,0.0017117597897556211,0.0028921023359288096,0.004158181488628973,0.02286619192673136,0.19414627308046623,0.05481555293447757,0.0,0.022254778847495462,0.054652730608975984,0.013165212291576084,0.0,0.0,0.0,0.0684101337748209,0.0,0.0,0.04512254014246046,0.0019273271952152007,0.08180918927648578,0.0,0.1278318129644173,0.19414627308046623,0.0027046665590182467,0.0013341097993541213,0.010121150167505035,0.0,0.05263213208479154,0.0,0.0505004914645644,0.0,0.0503454689077983,9.490624618680261e-05,0.0505004914645644,0.013012187326005816,0.05734307738512364,0.0,0.029586278123164778,0.0,0.6959494830519566,0.04043969581388737,0.010372150997150997,0.0042429146437611516,0.012342867059295654,0.051511735577116635,0.45688732058345405,0.4911115915814564,0.4352774893273335,0.15601668763178614,0.48437913688112255,0.31455033391427734,0.32144165985397344,0.2920839061599184,0.4986226503629689,0.4914788494814395,0.4914788494814395,0.3321678321678322,0.3321678321678322,0.0,0.00014632005072428425,0.4822257737079671,0.5247717557654757,0.5209945046150563,0.5163800043914221,0.17326154483329884,0.3819179111243508,0.0
0.38461538461538464,0.36636023152877084,0.5,0.008512941639602402,0.4913375198982036,0.5040539707333114,0.0022851275443435543,0.0019777553496243285,7.4360499702558e-05,0.0,0.004175782459715687,0.0030825635458697743,0.002628054736036571,0.0002932551319648094,0.00017059206107195788,0.006082185148574772,0.014028517643289141,0.003914670354252247,0.0026042188345119094,0.022254778847495462,0.006538863150211373,0.0,0.0,0.0020043934685117885,0.00017202821262687082,0.008747994399648447,0.0,0.00268828153639363,0.0027767717010744896,0.0008274937414239177,4.037467700258398e-05,0.0,0.005487424233270908,0.014028517643289141,0.0,0.0023611625813965797,4.0484600670020146e-05,0.0,0.0,0.0,0.012768048785380435,0.0,0.01272885440310372,9.490624618680261e-05,0.012768048785380435,0.005588435444290929,0.012473721093202524,0.010073156427167683,0.029586278123164778,0.0,0.695532325611831,0.0017767880410319585,0.007556534900284901,0.00022822523756172456,0.0021800670289265607,0.012118040178751158,0.45374146262975973,0.4911115915814564,0.4320064612899503,0.15569089872489844,0.48437913688112255,0.31462745037555717,0.32132889803512527,0.29178234068029624,0.4956747357089625,0.4888506785360598,0.4888506785360598,0.3304195804195804,0.3304195804195804,0.0,0.00014632005072428425,0.4791050255922943,0.5243020739880733,0.5247665795230219,0.5166727658640122,0.1720604680057983,0.3812379385822896,0.0
0.6442307692307693,0.6472591079332652,0.25,0.0,0.4920432943697743,0.5012023183163433,0.0,0.0018758091975818372,0.0,0.5170387634936212,0.0017482342833737925,0.0,0.20216890034537272,4.0448983719284053e-05,0.0,0.0,0.0,0.0,0.32304333019491577,0.022254778847495462,0.0,0.0,0.0,0.0,0.0,0.0,0.21038734415539687,0.4483625921551057,0.0,0.0007855953241366307,0.42998021640826867,0.0,0.0,0.0,0.0,0.0,0.17731242978452072,0.0,0.010141774652920096,0.0,0.0002708070048745261,0.0,0.0002699757021868032,0.1749122117222772,0.0002708070048745261,0.645618955313138,0.0,0.0,0.029586278123164778,0.0,0.6959494830519566,1.0,0.007233796296296296,0.0,0.8785127821342965,0.0,0.45350288786431203,0.4911115915814564,0.4317583939079266,0.9618917475859948,0.48437913688112255,0.6648441476317535,0.3176782341499168,0.2915694709299747,0.4955698473598499,0.48846978419614967,0.48846978419614967,0.34265734265734266,0.34265734265734266,1.0,0.2553447462972898,0.4782951428633134,0.5260963639242175,0.5237688737128527,0.5166947229744565,0.17200248498653967,0.3812120348664016,0.0
0.21153846153846154,0.09090909090909091,0.0,0.012301938785552604,0.5001159118657689,0.5143918530088787,0.01739515593227164,0.0018758091975818372,0.0,0.0006378802747791952,0.01952028451264223,0.005325358949675358,0.002285702778085447,0.002244918596420265,0.0001599300572549605,0.009884811684250873,0.05333039612288221,0.002775857160287957,0.0014723852641278872,0.022254778847495462,0.004268002149207733,0.026856224152400982,0.0003148385846794701,0.0051830780599900796,0.0002457545894669583,0.037005242664868016,0.0,0.0,0.014970421344923338,0.001717835108778766,0.0011405846253229974,0.00019313304721030043,0.017167079482067703,0.05333039612288221,0.015158243177781366,0.0014823442215045792,0.0012853860712731396,0.0,0.01993673214154344,0.005075346594333936,0.03754187478686486,0.0,0.037426631603155715,9.490624618680261e-05,0.03754187478686486,0.0059493122718742904,0.037541295424967466,0.0,0.029586278123164778,0.0,0.6959494830519566,0.023299613844732416,0.009081196581196582,0.0010996306900701274,0.010987103981605007,0.031482748902934905,0.45695944783812426,0.4911115915814564,0.4353524864428291,0.1555913521144605,0.4844651840084723,0.31462745037555717,0.32132889803512527,0.2915694709299747,0.4990090811228574,0.49185974382134967,0.49185974382134967,0.3356643356643357,0.3356643356643357,0.0,0.00014632005072428425,0.4778848022806298,0.5232941052298274,0.5272101584591581,0.5169728463734172,0.1724249326982812,0.3817883925449106,0.0
0.11538461538461539,0.7620020429009193,1.0,0.04285995472886527,0.4920432943697743,0.5012023183163433,0.4040850429845578,0.0018758091975818372,0.9054134443783463,0.023442100098135424,0.0017482342833737925,0.22013190504475347,0.2943924763122653,0.8822125594094448,0.07347186830292884,0.0,0.0,0.0,0.0832749053466616,0.5316330801889614,0.0,0.0,0.4727180257198905,0.4658595102396161,0.0,0.0,0.1936720776984364,0.9356645350494889,0.47928488067930297,0.32287967822015523,0.45062177002583975,0.01638412017167382,0.0,0.0,0.7537340545777491,0.13530626290433587,0.007651589526633806,0.012435233160621763,0.0,0.0,0.0002708070048745261,0.7822517845554834,0.0002699757021868032,0.01865585639329148,0.0002708070048745261,0.14772235167962383,0.0,0.0,0.029586278123164778,0.0,0.6312491820442351,0.540475231574708,0.14148192663817663,0.9593551599651438,0.0,0.0,0.6955675027879958,0.4724119201177035,0.6629975770162686,0.24217880381173024,0.5190164151442944,0.2742724061878249,0.32132889803512527,0.2837198988868686,0.7217312098043005,0.720450761244545,0.720450761244545,0.5437062937062938,0.5437062937062938,0.08558793722937076,0.02591490676161212,0.4782951428633134,0.0,0.38582404097529743,0.5092805386811096,0.2060550838682957,0.4012744628216918,0.0
0.8076923076923077,0.5185563500170242,0.0,0.025218974510382835,0.6909995724140062,0.7186677902005919,0.023183474601864342,0.0018758091975818372,0.0,0.0027600588812561333,0.02701271715567277,0.08517501997009606,0.03164741776001128,0.046496106785317015,0.010555383778827393,0.17191503096568558,0.6197881203188209,0.1569325253182576,0.0005308599931889661,0.0604357272419223,0.20494520534057847,0.005601787718535446,0.023564457145624954,0.04555439701163155,0.0024944090830896263,0.2702680606227836,0.0,0.1845546006272657,0.10112076944746268,0.00577150698132378,0.061914567183462534,0.007167381974248927,0.3569443605388751,0.6197881203188209,0.04735184886161796,0.0002964688443009159,0.00041496715686770646,0.0,0.0,0.005509342977697409,0.2170668592405368,0.0034501406013411205,0.2132108110270076,9.490624618680261e-05,0.21386732462738964,0.023652898356463815,0.2307338071879067,0.10183251190978403,0.14120815698345515,0.0,0.6079701609736945,0.014699959726137737,0.025407318376068376,0.006400680526162911,0.05948003774444409,0.19137243850396554,0.47588452981352336,0.4911115915814564,0.4550305757470866,0.16274965837413236,0.48437913688112255,0.31403365362370256,0.3197220421165393,0.2970065191361036,0.514449750200116,0.507079193374615,0.507079193374615,0.3356643356643357,0.3356643356643357,0.0,0.00014632005072428425,0.47527158067511827,0.5012454483086178,0.552206156965267,0.5171485032569714,0.17544004969973082,0.38429457705707887,0.0
0.20192307692307693,0.2679605039155601,0.75,0.0113423875602795,0.4920432943697743,0.5012023183163433,0.46434395699530895,0.02761721258831085,0.005693889691510156,0.013346418056918549,0.5039909691211876,0.0,0.005356801224411708,0.24803316816664983,0.014948129351430308,0.2668596558471687,0.0,0.45724366535160854,0.015675394138504377,0.022254778847495462,0.4717510974138543,0.529631839186224,0.0,0.8941315813449682,0.0058735346882603035,0.0,0.8648887562280441,0.0,0.0681717574147853,0.12563240423592997,0.3481306524547803,0.015547210300429186,0.0,0.0,0.07843533021152914,0.0,0.028835156827221844,0.0,0.0642347426721737,0.0,0.32796734268119,0.0,0.32696057354838065,0.010941334381821386,0.335981224047662,0.2906192646361331,0.6118330163179497,0.0,0.02964703023430064,0.0,0.6959494830519566,0.14688114472530855,0.04122150997150997,0.03189966388646832,0.13657414939424506,0.31202946978541807,0.6205828991827428,0.4911115915814564,0.6054863274489443,0.20649586881566684,0.49074000529520784,0.3157225041257307,1.0,0.7613818794625039,0.36940020425625886,0.36410778221549917,0.36410778221549917,0.243006993006993,0.243006993006993,0.0377319862011076,0.010323692467768944,0.5413310152689891,0.6248509156155997,0.37283252414234647,0.532050062211813,0.21061089252433216,0.42498283878822424,0.0
0.5384615384615384,0.9366700715015321,0.5,0.017665584096053538,0.4990237645083018,0.515547928313055,0.0027381263967464617,0.0018758091975818372,0.0,0.0001226692836113837,0.004565388957153275,0.03930524547856543,0.04417347175092888,0.002902214581858631,0.0,0.08581630388735349,0.11597308447150238,0.02920242404522715,1.0016226286584267e-05,0.02226474516135462,0.029125819892336858,0.00010111530177861816,0.006296771693589402,0.0008604719435530404,0.0007126883094541789,0.033591889709865,0.0,0.056912142071606046,0.022747394261338483,0.003498517843488462,0.0012213339793281652,0.0007188841201716739,0.08351960369721502,0.11597308447150238,0.000595430324559987,0.0,2.0242300335010073e-05,0.0,0.0,0.002796865581675708,0.13648673045676116,0.014709063378758382,0.12246897779199871,9.490624618680261e-05,0.12284608132234057,0.005815272307343328,0.1225748323155471,0.09773739826523577,0.03801057086733764,0.0,0.6966365658945165,0.010601501978157351,0.014256143162393162,0.0015457072907589526,0.00942526491610538,0.1291919964571843,0.4502183236516365,0.4911115915814564,0.4283431406484366,0.15547370612030662,0.48437913688112255,0.3132239307802644,0.32132889803512527,0.2899552086567032,0.4933064671947887,0.48623883163381904,0.48623883163381904,0.32517482517482516,0.32517482517482516,0.0,0.00014632005072428425,0.4811567285057124,0.5243865111615388,0.5222909886357573,0.5161750713606089,0.17473597018016154,0.38288930047015246,0.0
0.4519230769230769,0.03745318352059925,0.25,0.08270593445527015,0.4920432943697743,0.5012023183163433,0.42448005798385313,0.17527601920665503,0.005077759836831818,0.3259322865554465,0.8631082606567367,0.14163406591155808,0.17212248144754463,0.15907574072201436,0.08243861351302363,0.5485263561356439,0.0,0.0,0.01213966625934013,0.21093703282903783,0.0,0.6542261140378374,0.0,0.5166172317099096,0.0,0.0,0.1344453883773793,0.1860514846645758,0.3559197553221457,0.19661879772491594,0.09861514857881137,0.02771459227467811,0.970659900521557,0.0,0.0,0.0,0.0034917968077892375,0.0005652378709373528,0.022963500120860528,0.0,0.0002708070048745261,0.0,0.0002699757021868032,9.490624618680261e-05,0.0002708070048745261,0.034303920153424206,0.0,0.0,0.7281140519633057,0.8575425405186828,0.6803510666143175,0.509061619009263,0.07801371082621082,0.09453711772272708,0.4899076996496708,0.0,0.6407674339896915,0.4911115915814564,0.6264739817699319,0.21420620627867623,0.4985107227958697,0.36319539768959086,0.32132889803512527,0.38605703135394026,0.6230864776836237,0.6141594750187727,0.6141594750187727,0.3618881118881119,0.36013986013986016,0.05506249424193103,0.014339364970979856,0.6525387123944453,0.29076996147553963,0.6137864802859734,0.5500036595184074,0.289161317042866,0.5022795269981478,0.0
0.7788461538461539,0.7807286346612189,0.0,0.04410245054620608,0.8309953480704538,0.8576845609996712,0.3838309609615656,0.038647786239308396,0.000892325996430696,0.009506869479882238,0.42726845885655484,0.20553837330766236,0.06624510386354254,0.08294064111639196,0.014542973206384409,0.36523370519053483,0.0,0.6619148330418514,0.03531721388649612,0.145866969642608,0.822994495189627,0.11177285458608452,0.0,0.11280281020013565,0.0007741269568209186,0.0,0.04791862787867656,0.2634923221050059,0.04362348585456155,0.002555803454524505,0.10022004198966408,0.002821888412017167,0.45051249521738257,0.0,0.3531608267398676,0.010164646090317114,0.010191998218677572,0.0,0.0005149709409254763,0.0007233273056057866,0.9507231550019056,0.07680077871512006,0.8768110870021698,0.01111758883902545,0.8876552125333493,0.03165405316231209,0.9110221243367704,0.5764644146971365,0.07420870375245539,0.0,0.6442056013610784,0.04056999360356305,0.04246794871794872,0.05978463836673721,0.19081551860649248,0.8447401264141069,0.49274011440492244,0.4911115915814564,0.4725568247375101,0.16775413797160207,0.48437913688112255,0.32039576167928807,0.32132889803512527,0.31023992194775823,0.5229898699936515,0.5154969582866283,0.5154969582866283,0.3548951048951049,0.3548951048951049,0.011014546161799178,0.0029751743647271132,0.44686089454247024,0.425098949812655,0.6446780131249,0.4998755763741491,0.1924373576309795,0.3823064668626715,0.0
0.9711538461538461,0.8130745658835546,0.25,0.009620116130302137,0.4989722481235157,0.5138677655376521,0.0002516660291127262,0.0018758091975818372,0.0,0.0,0.001997982038141477,0.0005120537451610921,0.0,0.00012134695115785216,0.0,0.0005951060095620423,0.025513678055032643,0.00020335949892219467,0.0,0.022254778847495462,0.00020275544651818212,0.01670424785382772,0.0002906202320118185,2.0246398671836248e-05,0.0,0.01722005906940144,0.0,0.0,0.004829168175781722,0.00114173187107857,0.0035630652454780357,0.0,0.008689260758372098,0.025513678055032643,0.0,0.0,0.0180864953493315,0.0,0.019505838088932328,0.0,0.018886281117730837,0.0,0.018828305452509273,9.490624618680261e-05,0.018886281117730837,0.005588435444290929,0.018580438482330562,0.0,0.047396772037828314,0.0,0.6959494830519566,0.0018123238018525976,0.007256054131054131,7.261712104236691e-05,0.0006182279634269352,0.01866017150448891,0.4535139843650305,0.4911115915814564,0.4317699319256951,0.15547370612030662,0.48437913688112255,0.31462745037555717,0.32132889803512527,0.29157834050290476,0.4955808882387038,0.48848066689157565,0.48848066689157565,0.3304195804195804,0.3304195804195804,0.0,0.00014632005072428425,0.47780381400773175,0.52939996833606,0.5207810916075334,0.5169216131157139,0.17202733485193622,0.38143221645145,0.0
0.23076923076923078,0.4058563159686755,1.0,0.11296870386772956,0.4920432943697743,0.5012023183163433,0.0,0.0018758091975818372,0.0,0.014634445534838076,0.0017482342833737925,0.0,0.0,4.0448983719284053e-05,0.12203729568935186,0.0,0.0,0.48483954935535034,0.0,0.022254778847495462,0.48339939781632385,0.0,0.07422925092635198,0.7189192472388973,0.7276670516821901,0.0,0.0,0.17028837929208585,0.0,0.13101635085734636,0.8599907138242894,0.0,0.0,0.0,0.0,0.0,0.025029604364239955,0.0,0.009721390211348277,0.03668474984930681,0.0002708070048745261,0.0,0.0002699757021868032,9.490624618680261e-05,0.0002708070048745261,0.050450580496154085,0.0,0.0,0.029586278123164778,0.0,0.6959494830519566,0.22555731918220367,0.7338630698005698,0.09373832939126105,0.31461295675658085,0.0,0.0490076954232483,0.521075362945541,0.043948309680396876,0.15547370612030662,0.48437913688112255,0.31462745037555717,0.32132889803512527,0.2915694709299747,0.12446934776008171,0.12268606688504609,0.12268606688504609,0.2972027972027972,0.2972027972027972,0.0,0.00014632005072428425,0.25666263525041577,0.48887012507256317,0.7793789681481086,0.5151650442801726,0.2613129012217851,0.4496885078164463,0.0
0.9134615384615384,0.001361933946203609,0.25,0.06627054423777187,0.34572130666158374,0.38293838375534367,0.47370593327830235,0.0018758091975818372,0.005800118976799524,0.002980863591756624,0.47972547726795933,0.0,0.01218370203296648,0.005632520982910305,0.0,0.01778257448911662,0.2662714783514239,0.18824988815227559,0.0007211682926340672,0.022254778847495462,0.18842063644934665,0.0,0.0,0.00398854053835174,0.002162640387309233,0.19576703355101124,0.0,0.043317991120524625,0.02354219485693589,0.007835004032722664,0.0005955264857881138,0.0012124463519313303,0.07487061761211462,0.2662714783514239,0.2758658969804618,0.0,0.0004554517575377266,0.0,0.0011035091591260209,0.000650994575045208,0.24346552727126838,0.0,0.24271815536601707,0.003525089144081239,0.2460030892058334,0.006310189099457654,0.24597056762438682,0.1279054213954254,0.03659302160750086,0.0,0.6985914801727523,0.03351022245386274,0.008892004985754987,0.013952861114569068,0.08659529929825703,0.257931076130279,0.44763838723458554,0.4904629566152856,0.4249509634244837,0.15547370612030662,0.48437913688112255,0.31462745037555717,0.32132889803512527,0.2915694709299747,0.4890557288360154,0.48197281502682576,0.48197281502682576,0.32342657342657344,0.32342657342657344,0.0,0.00014632005072428425,0.47824654989957455,0.5263707847379808,0.5236888438350318,0.5168996560052697,0.17371712569890246,0.38273387817482424,0.0
0.6442307692307693,0.11338100102145046,0.75,0.02316455073319555,0.5200012363932348,0.5387619204209142,0.0807545954216916,0.008074135241765298,0.0,0.0,0.08797114913936924,0.01250435245683387,0.005024518441694441,0.03707149357872383,0.02033244127901398,0.07351072199471465,0.23259702807706173,0.03243584007809005,0.0,0.022254778847495462,0.03524903437718596,0.10673731255750933,0.0,0.03745583754289705,0.0,0.18122451482355828,0.0341308291047689,7.12801922528614e-05,8.04861362630287e-05,0.003351873382982958,0.0081859657622739,0.015622317596566524,0.05533740107533378,0.23259702807706173,0.041034232197642496,0.0,0.0019128973816584516,0.0,0.0,0.0,0.02381095665081944,0.0,0.023737863592276694,9.490624618680261e-05,0.02381095665081944,0.0073721980492029784,0.025217739513464812,0.0,0.029586278123164778,0.010163823346192938,0.6959494830519566,0.002688872568761697,0.013733084045584047,0.006338437279555169,0.001681146216336403,0.023974395104472808,0.45426299816352916,0.4911115915814564,0.43254874812507205,0.15588094225391624,0.48437913688112255,0.3143421194688218,0.32132889803512527,0.29164042751341523,0.49628198404593005,0.48917171805112686,0.48917171805112686,0.3304195804195804,0.3304195804195804,0.0,0.00014632005072428425,0.4819720104528864,0.5198269037943954,0.5266286080136584,0.5169069750420844,0.1728887968523504,0.38209276120659513,0.0
0.5384615384615384,0.005107252298263534,0.5,0.015992520421218383,0.5534405217579451,0.5691178888523513,0.01620729227485957,0.008390168313097022,0.0,0.0007360157016683021,0.024814936913717146,0.12917067775433708,0.03225156827404267,0.01866720598644959,0.0055655659924726255,0.18337334328538865,0.3375155204870429,0.037174116402977186,0.0003906328251767864,0.03581893200980685,0.051256576879796435,0.020506183200703763,0.0,0.0,0.0,0.07238556580924058,0.0,0.10427273838132867,0.08294096341905106,0.02204904209743477,0.06170260012919897,0.0,0.2680682252965223,0.3375155204870429,0.07008921362829001,0.0,0.0007793285628978877,0.00010990736379337417,0.0007461823837899759,0.007956600361663652,0.19059798198631925,0.003244646333549643,0.18701316881480667,9.490624618680261e-05,0.18758901526549115,0.008918813024560246,0.19019921914105517,0.04688802230705121,0.05583119013385715,0.013912416257745818,0.6978798586572439,0.02571604558053588,0.03061565170940171,0.001919166770405411,0.04995715788674498,0.17710052739643303,0.46128708311833866,0.4911115915814564,0.43985231337256253,0.15800761984054446,0.48620598358485567,0.31790489997994975,0.3218504214472979,0.29572930063417446,0.5007259377846477,0.49355200296009316,0.49355200296009316,0.34265734265734266,0.34265734265734266,0.0019961305776494795,0.0006828269033799932,0.4810271472690754,0.5197160800042218,0.5286987141866296,0.5183122301105174,0.18698695382066682,0.39435817067958395,0.0
0.9711538461538461,0.7991147429349676,0.75,0.013212282255683496,0.5082400457465497,0.5228748766853009,0.0,0.0018758091975818372,0.0007117362114387695,0.0012144259077526986,0.003416549285221926,0.00016385719845154946,0.016553724084460243,0.013226817676205883,0.010342143702487445,0.03968045833249279,0.08329995594184324,0.011662667263187864,3.00486788597528e-05,0.022254778847495462,0.011658438174795472,0.0,0.020101232714150784,0.004970490873935799,0.00017202821262687082,0.025405974389633216,0.0,0.02509062767300721,0.018904181254778864,0.013019933172024425,0.0029877260981912143,0.0003111587982832618,0.0587305422984756,0.08329995594184324,0.01240311642176651,0.0,0.0024594394907037236,0.0,0.0,0.0055575647980711275,0.24451866562355823,0.00019467878001297857,0.24358807707306343,0.00010846428135634584,0.24434815750937797,0.0072794011506815415,0.2452597857643408,0.007531716552284724,0.2221907211275592,0.0,0.6929066876063343,0.013752339437587358,0.007322827635327636,0.0006950495871197975,0.03346023275740518,0.237318330045493,0.45860727819482133,0.4911115915814564,0.4370658820814584,0.15547370612030662,0.48437913688112255,0.3163471474620973,0.32132889803512527,0.2935473856933789,0.4994175936404538,0.49226240355211176,0.49226240355211176,0.3409090909090909,0.3409090909090909,0.0016480872974439294,0.0006665691199661838,0.4805898105954258,0.5258219431104544,0.5228405271301285,0.5181512113005928,0.1781818181818182,0.3873317877449521,0.0
0.9038461538461539,0.6561116785835887,0.25,0.013716661745891152,0.5717082318031249,0.586392222952976,0.022025810867945802,0.00552548144070302,0.029531741310444462,0.0026619234543670263,0.057132296380655534,0.043248059316305834,0.02845548921087874,0.06728688441702903,0.014191127080423496,0.15160073430029655,0.37202106780950855,0.10622483426200838,0.003095013922554538,0.024905818334030973,0.11173852657617016,0.0018200754320151268,0.0,0.026897340635534454,0.0017694330441620995,0.14311555323910843,0.0,0.17576677121094866,0.043915248098515026,0.0040536718725450145,0.012253714470284236,0.0,0.23307960289172155,0.37202106780950855,0.08644840949459066,0.0,0.0,0.0,0.0,0.008812537673297167,0.7435758560510322,0.062383733506381135,0.6836184743373096,9.490624618680261e-05,0.6857234558985777,0.02451900274266389,0.7025427970767845,0.3335562666556915,0.03903323140479131,0.0,0.6927349168956943,0.13632702376157874,0.014656784188034188,0.01101705464957052,0.1159990889272118,0.5713494907202383,0.5278993769314847,0.4911115915814564,0.5091150340371524,0.19194396430801533,0.48437913688112255,0.3154217499267393,0.32524737124009806,0.3306931571244845,0.5452482817632284,0.5374364722654507,0.5374364722654507,0.47202797202797203,0.47202797202797203,0.04224631227671488,0.011022777154562747,0.5444841586938212,0.5127605678399916,0.47213359654270926,0.5170899509624532,0.17413957341064404,0.38323252470566904,0.0
0.25961538461538464,0.8365679264555669,1.0,0.0047977561263655155,0.4963243059455059,0.5074759536336731,0.0,0.0018758091975818372,0.0,0.0,0.0017482342833737925,0.006585011162771644,0.013885392647488243,0.002973000303367378,0.0004264801526798947,0.023723548042202093,0.035777225938238476,0.008876642127953797,8.012981029267414e-05,0.022254778847495462,0.008931377419125922,0.0,0.0,0.0015387262990595547,0.0,0.010567086693033285,0.0,0.012148181336809092,0.009758944021892228,0.0014873938136986875,0.0028565083979328163,0.00030042918454935627,0.02556434885921988,0.035777225938238476,0.017661068948813176,0.0,2.0242300335010073e-05,0.0,0.0,0.0,0.11950612826222141,0.012070084360804673,0.10798028177464028,0.0005152053364426427,0.10862369862189324,0.005660610809807601,0.10821904094503954,0.08156272829229645,0.04286061440635062,0.0,0.6969719277581469,0.006704413541493924,0.008969907407407409,0.0004564504751234491,0.008850421371164546,0.10889125971254882,0.45344740536071954,0.4911115915814564,0.4317007038190838,0.15547370612030662,0.48437913688112255,0.3142264447769021,0.32132889803512527,0.29110825313761146,0.4958017058157829,0.48869832080009573,0.48869832080009573,0.3321678321678322,0.3321678321678322,0.00020473134129738252,0.0002113511843795217,0.48403991102088423,0.5260330360441183,0.5176599263725123,0.5160067335138695,0.17333609442948852,0.3816459221075263,0.0
0.25,0.8406537282941777,0.75,0.03969835646097825,0.5258792558973381,0.5526656527458074,0.0,0.0018758091975818372,0.0,0.0001226692836113837,0.0018481333852808665,0.17575732748909326,0.03512128321569181,0.0885428253615128,0.012037402309390027,0.30795223013455447,0.40610605999919897,0.0008236059706348884,0.0,0.022254778847495462,0.0008211595583986376,0.1450903465221392,0.0015015378653943957,0.002216980654566069,0.0,0.15034082431451903,0.0,0.044427925542747757,0.130095778502153,0.003383297195948423,0.053536821705426355,0.032231759656652356,0.26023480134517407,0.40610605999919897,0.012160907476182788,0.0,0.0,0.0,0.0,0.02496684749849307,0.07716996650017051,0.0,0.07693307602315791,0.020676003633553423,0.09239533810756052,0.007392819582207741,0.09370307338071879,0.0,0.029586278123164778,0.04223997551939323,0.7112207171836147,0.0026296463007272983,0.033531428062678066,0.00018672973982322916,0.003145370340242302,0.08554088328837715,0.4582799314236256,0.4911115915814564,0.4367255105572862,0.15846010443344408,0.48437913688112255,0.31468143189845305,0.3230626109999154,0.29564947447780393,0.49777802313064123,0.49064632328135027,0.49064632328135027,0.3304195804195804,0.3304195804195804,0.0016480872974439294,0.0005690224194833276,0.4880731270112088,0.5336376589793657,0.5056661153497306,0.5155822293786138,0.17379167529509215,0.3816329702495823,0.0
0.9903846153846154,0.9247531494722506,0.0,0.004231866942230095,0.491332368259725,0.5022607694837224,0.0,0.0018758091975818372,0.0,0.0,0.0017482342833737925,0.0,0.0,5.056122964910507e-05,0.0,1.008654253494987e-05,0.0010313613970440983,3.0503924838329196e-05,0.0,0.022254778847495462,3.0413316977727315e-05,0.0,0.0,0.0,0.0012287729473347915,0.0010526208214530256,0.0,0.0,0.0,0.0007960699284584524,3.0281007751937984e-05,0.0,1.0068668317928272e-05,0.0010313613970440983,0.0,0.0,0.0,0.0,0.0,0.0,0.0002708070048745261,0.0,0.0002699757021868032,9.490624618680261e-05,0.0002708070048745261,0.005588435444290929,0.0,0.0,0.029586278123164778,0.0,0.6959494830519566,0.0014806567008599654,0.007233796296296296,1.0373874434623843e-05,1.0846104621525179e-05,2.012963484842385e-05,0.4534917913635935,0.4911115915814564,0.43174685589015804,0.15547370612030662,0.48437913688112255,0.31462745037555717,0.32132889803512527,0.2915694709299747,0.49555880648099593,0.4884589015007237,0.4884589015007237,0.3304195804195804,0.3304195804195804,0.0,0.00014632005072428425,0.4782951428633134,0.5260963639242175,0.5237688737128527,0.5166947229744565,0.17201076827500517,0.3812185107953736,0.0
0.5576923076923077,0.6731358529111338,0.0,0.006446215923629564,0.48973020869287476,0.5015928148635318,0.005234653405544706,0.0018758091975818372,0.0,0.0,0.006942987582541633,0.007680806177416381,0.0015103762850784891,5.056122964910507e-05,0.0002985361068759263,0.009360311472433479,0.015250130171826812,0.006771871314109082,0.0,0.022254778847495462,0.006751756369055464,0.0,0.0,0.0002632031827338712,0.0,0.00707197678102421,0.0,0.00021384057675858417,0.006368465531812145,0.0,0.002563791989664082,0.0,0.008367063372198395,0.015250130171826812,0.0004844178911674471,0.0,0.0,0.0,0.0,0.0,0.0042025235200898675,0.0,0.0041896229339359456,9.490624618680261e-05,0.0042025235200898675,0.005609056977295692,0.003944338772649915,5.1446151313420244e-05,0.029586278123164778,0.002404345307701555,0.6960312786284518,0.003375897277960721,0.007289440883190884,0.0005601892194696875,0.0009436111020726906,0.005445066226498652,0.4526817468111431,0.4911115915814564,0.4309045805930541,0.15547370612030662,0.48437913688112255,0.31462745037555717,0.32132889803512527,0.2915694709299747,0.49475282232465706,0.4876154926052084,0.4876154926052084,0.32517482517482516,0.32517482517482516,0.0,0.00014632005072428425,0.47875407640973594,0.526064699984168,0.5233527183481833,0.5166947229744565,0.1713812383516256,0.38072634019350077,0.0
0.15384615384615385,0.8120531154239019,0.25,0.02130695797657711,0.6220500430161813,0.6397669352186781,0.05690672250296966,0.01717792661915976,2.1245857057873714e-05,0.0009813542688910696,0.07403522442333244,0.16896749482825718,0.0638889168588201,0.046941045606229144,0.013050292672004778,0.289544290008271,0.6299315095926624,0.1818745678610648,0.0,0.041629292989694824,0.20104216299510347,0.06645297632890786,0.0,0.10576718666167255,0.005332874591432994,0.3810385177463695,0.003111151929832618,0.0738462791739644,0.09364561954203388,0.021127276917114458,0.010729570413436692,0.062145922746781115,0.25801969431522986,0.6299315095926624,0.062348619409010174,0.0065858436126846305,0.02902745868040444,0.0,0.0,0.0,0.779683456700969,0.05890114644170452,0.722824945754882,0.0016134061851756445,0.7261840284046458,0.03133441940073825,0.7495344879367305,0.4043667493234831,0.11984366456734372,0.026447798384717107,0.6944199057714959,0.030086944161474494,0.02959179131054131,0.008350968919872194,0.11890584496578054,0.6706993035146342,0.4991816330720108,0.4894504532534581,0.47743740625360553,0.16950072850019457,0.48437913688112255,0.3167789996452643,0.32132889803512527,0.30779191981906073,0.5291838030307212,0.5216021504206161,0.5216021504206161,0.3916083916083916,0.3916083916083916,0.017729734156353327,0.0025036986457266414,0.4756441267304495,0.4889228983059792,0.5526916715573814,0.501222279148064,0.20626216607993372,0.39430636324780793,0.0
0.23076923076923078,0.6288729996595165,0.25,0.016607617360496013,0.5460994369259142,0.5620529842157186,0.11057198655096741,0.009705273674445156,0.0,0.0017664376840039252,0.12058820591202885,0.10799213485447433,0.04359952876259905,0.1051471331782789,0.003539785267243126,0.2582255754372516,0.49405214883646414,0.10022572904380363,0.0,0.022254778847495462,0.09992802181648604,1.0111530177861816e-05,0.0,0.05279248453681301,0.09358334766901771,0.23187294968881256,0.0,0.09205327685226672,0.1522797698096503,0.021651007133205544,0.004895429586563308,0.0,0.26833001067278844,0.49405214883646414,0.18104109478443403,0.0,0.0015586571257957755,0.0,0.0,0.0,0.27226133878959297,0.0,0.2714255716985471,9.490624618680261e-05,0.27226133878959297,0.03054049038005485,0.29570527580338374,0.0,0.029586278123164778,0.24432519863170896,0.6905264363303233,0.017637582620643907,0.04481615028490029,0.008848914892734138,0.009826570787101812,0.2837573976408068,0.46097083284786144,0.4911115915814564,0.439523479866159,0.1582791105962842,0.48437913688112255,0.31465829696006914,0.3207509937135286,0.29399086433988203,0.5014877584255707,0.49430290894448736,0.49430290894448736,0.34440559440559443,0.34440559440559443,0.0,0.00014632005072428425,0.4883862816664148,0.5525779724523721,0.48572800512191217,0.514916197028471,0.1762021122385587,0.3829216801150125,0.0
0.15384615384615385,0.5348995573714674,1.0,0.010321326641078635,0.501300788715851,0.5147463827688261,0.0,0.0018758091975818372,0.0,0.0,0.0017482342833737925,0.0001433750486451058,0.0007350497920715314,0.00039437759126301946,9.595803435297629e-05,0.001321337072078433,0.027706572675932233,0.0,0.0,0.022254778847495462,0.0,0.00015167295266792723,4.843670533530309e-05,0.010902685684783819,0.0,0.01117004425095298,0.0,0.0,0.0,0.0010369858278603526,0.016674741602067184,0.0,0.016844882095894,0.027706572675932233,0.0,0.0,0.0,0.0,0.0,0.0,0.016148121401777297,0.0,0.016098551130398264,9.490624618680261e-05,0.016148121401777297,0.005990555337883818,0.016237861647812595,0.0,0.029586278123164778,0.0,0.6959494830519566,0.001587263983321883,0.007233796296296296,0.0,0.017321229080575713,0.01616409678328435,0.45359165987006,0.4911115915814564,0.4318506980500749,0.15550990488773858,0.48437913688112255,0.3146351620216851,0.32132889803512527,0.29161381879462506,0.4956305721935466,0.4885296390209927,0.4885296390209927,0.3304195804195804,0.3304195804195804,0.0,0.00014632005072428425,0.47857050299116694,0.5159533484616602,0.533815291041989,0.5167825514162336,0.1721018844481259,0.3813674571617299,0.0
0.5288461538461539,0.1651344909771876,0.25,0.0,0.4920432943697743,0.5012023183163433,0.0,0.0018758091975818372,0.0,0.17374877330716387,0.0017482342833737925,0.0,0.0025676396846334316,4.0448983719284053e-05,0.0,0.0,0.0,0.10234066783259446,0.0002504056571646067,0.08280013554186848,0.1767115094129216,0.0,0.0,0.0,0.0,0.0,0.25486189240695245,0.018848519408578065,1.0060767032878587e-05,0.0007855953241366307,3.0281007751937984e-05,0.6040665236051502,0.0,0.0,0.0,0.10705701731166287,0.05752861755209863,0.0,9.458649935365892e-05,0.0,0.48828508956690936,0.07646549859398659,0.41609255167034964,9.490624618680261e-05,0.4173737738460613,0.005588435444290929,0.0,0.015567605387440966,0.029586278123164778,0.050709828307887346,0.7099038084020416,0.4105446447608443,0.42871928418803423,0.007220216606498194,0.11023980737318193,0.9240307580820485,0.45350288786431203,0.4911115915814564,0.4317583939079266,0.5627098397299571,0.48437913688112255,0.31462745037555717,0.44092690215093167,0.7659585790944166,0.4955698473598499,0.48846978419614967,0.48846978419614967,0.3531468531468531,0.3531468531468531,0.0,0.00014632005072428425,0.4782951428633134,0.9639083856667897,0.5237688737128527,0.39191978335651023,0.5669331124456409,0.5795697392790997,0.0
0.23076923076923078,0.15355805243445692,0.25,0.045467965751402425,0.7963608825787042,0.8237062232818152,0.027159797861845417,0.0541334067345628,0.0,0.0,0.07990929161546838,0.562788030231653,0.5711336884395799,0.1092324805339266,0.0,0.0,0.0,0.17142188961646398,0.0,0.04456935557814587,0.193621313652538,0.04796909916377645,0.0,0.00199427026917587,0.0,0.24567965580321102,0.0,0.0,0.0,0.14960877352857996,0.3057574289405684,0.0017703862660944205,0.0,0.0,0.0,0.0,0.01133568818760564,0.0,0.00025223066494309043,0.031187462326702834,0.0002708070048745261,0.08189487345879298,0.0002699757021868032,9.490624618680261e-05,0.0002708070048745261,0.013682387148660631,0.0,0.8300013375999341,0.029586278123164778,0.9565469229844483,0.6959494830519566,0.16930420980313188,0.09645432692307693,0.015010996306900701,0.07628065380318658,0.0,0.4654649156388533,0.48709321886420326,0.43980039229260415,0.17011610754653805,0.48437913688112255,0.3100004626987677,0.32132889803512527,0.30058982659984923,0.4976510530238207,0.49052117228395126,0.49052117228395126,0.3304195804195804,0.3304195804195804,0.0,0.00014632005072428425,0.4670107768395137,0.5124544830861787,0.5814970922477725,0.5616702042011271,0.23879063988403393,0.4732220337007344,0.0
0.8076923076923077,0.1205311542390194,1.0,0.0,0.4920432943697743,0.5012023183163433,0.0,0.5086501310008054,0.5826676298121866,0.4305691854759568,0.0017482342833737925,0.0,0.10220212862364443,4.0448983719284053e-05,0.0,0.0,0.0,0.0,0.009315090446523368,0.09012537622834818,0.0,0.0,0.0,0.285980381239687,0.0,0.0,0.0,0.0,0.34126121775524165,0.9311399511883438,0.3947936854005168,0.12070815450643776,0.0,0.0,0.0,0.0,0.0005060575083752518,0.025121683152771235,0.0,0.0,0.0002708070048745261,0.0,0.0002699757021868032,9.490624618680261e-05,0.0002708070048745261,0.005588435444290929,0.0,0.0,0.029586278123164778,0.0,0.6959494830519566,0.2909786548530004,0.0,0.0,0.8310285361012593,0.0,0.45350288786431203,0.4911115915814564,0.4317583939079266,0.5937502828028706,0.48437913688112255,0.3641362185172047,0.32132889803512527,0.7780655461439532,0.4955698473598499,0.48846978419614967,0.48846978419614967,0.3548951048951049,0.3548951048951049,0.0,0.6426539205644701,0.4782951428633134,0.5260963639242175,0.5237688737128527,0.48654029129766513,0.21126527231310832,0.3852271108290485,0.0
0.7115384615384616,0.6748382703438883,0.25,0.8503100088573959,0.4920432943697743,0.5012023183163433,0.0,0.0655513757633218,0.2064778618169457,0.0,0.0017482342833737925,0.0,0.43389083000211454,0.5484477702497725,0.026665671546310415,0.0,0.0,0.0,0.002814559586530179,0.5857102991887421,0.0,0.02072863686461672,0.0,0.6236396950892359,0.0,0.0,0.010332238881362938,0.34530161704207574,0.9149462755040444,0.2922414605788266,0.34275072674418605,0.7270386266094421,0.0,0.0,0.0,0.004288210069352533,0.16389178466240906,0.0,0.0,0.0,0.0002708070048745261,0.0001838632922344798,0.0002699757021868032,0.02119120896999607,0.0002708070048745261,0.03074670571010249,0.0,0.5132062270421549,0.5526822057066484,0.0,0.6968737730663527,0.05570822771315534,0.29400373931623935,0.10984895638823187,0.4261217583704812,0.0,0.4938386679760538,0.4911115915814564,0.47369908849659625,0.1687858028434132,0.4941157002912364,0.3566713450653176,0.3208496603050207,0.3396248170650583,0.5057937011786138,0.49854716016062856,0.49854716016062856,0.3304195804195804,0.3304195804195804,0.0,0.00014632005072428425,0.1417996674081593,0.28373001213784366,0.5237688737128527,0.4594159408621825,0.2627044936839925,0.40143636104599206,0.0
0.5096153846153846,0.7214845080013619,0.5,0.01332299970475347,0.4952115520341244,0.5099319713909898,0.00019126618212567196,0.002487486109836784,0.007489164612900484,0.0,0.009580323872888383,0.0063597075149007636,0.0008659490701116671,0.0012033572656487005,0.0,0.008291137963728793,0.03309368366243441,0.003497783381461748,9.01460365792584e-05,0.022254778847495462,0.0035786336310459138,0.0007583647633396362,0.0,0.00641810837897209,0.011661055270207171,0.02055165506739839,0.0,0.002708647305608733,0.009557728681234657,0.0013302747488713614,0.00029271640826873386,0.0,0.013028856803399182,0.03309368366243441,0.07305627321169061,0.0,0.0006983593615578474,0.0,0.0015344032117371336,0.0007474382157926461,0.03236645202704058,0.0,0.03226709596136348,9.490624618680261e-05,0.03236645202704058,0.006722619759552925,0.033136450095104616,0.0,0.029586278123164778,0.029988743292423035,0.6944689831173931,0.003553576082063917,0.00849136396011396,0.001058135192331632,0.0028850638293256977,0.03239864728853818,0.4540077786470037,0.4911115915814564,0.43228337371639547,0.15547370612030662,0.48437913688112255,0.3145194873297654,0.32132889803512527,0.2914452969089539,0.49614949349968257,0.4890411257060148,0.4890411257060148,0.3304195804195804,0.3304195804195804,0.0,0.00014632005072428425,0.47825734833596095,0.525932766900628,0.5237742090380408,0.5164165995754958,0.17274798094843655,0.38154878317294616,0.0
0.009615384615384616,0.8586993530813756,0.25,0.006150969392776302,0.4828888327932699,0.4946409487010852,0.009774708570738288,0.0018758091975818372,0.0,0.0,0.011448437078550665,0.0024373758269667983,0.0,0.000728081706947113,0.0,0.00308648201569466,0.0,0.0,0.0,0.022254778847495462,0.0,0.0,0.0,0.0,0.0,0.0,0.0,0.0,0.0,0.0007855953241366307,3.0281007751937984e-05,0.0,0.0,0.0,0.0,0.0,0.0,0.0,0.0,0.0,0.0002708070048745261,0.0,0.0002699757021868032,9.490624618680261e-05,0.0002708070048745261,0.00588744767286,0.00029031935128641503,0.0,0.029586278123164778,0.0,0.6959494830519566,0.0014806567008599654,0.007233796296296296,0.0,0.00022776819705202877,0.00021136116590845041,0.45354172561682676,0.4911115915814564,0.43179877697011654,0.15547370612030662,0.48437913688112255,0.31462745037555717,0.32132889803512527,0.2915694709299747,0.4956084904358387,0.4885078736301407,0.4885078736301407,0.3304195804195804,0.3304195804195804,0.0,0.00014632005072428425,0.4781925577176425,0.5261544144809752,0.5238115563143574,0.5166947229744565,0.17200248498653967,0.3812120348664016,0.0
0.5576923076923077,0.9363295880149812,0.0,0.01228963684676705,0.49213602386238936,0.50642777869122,0.0,0.0018758091975818372,0.0,0.0,0.0017482342833737925,0.003512688691805092,0.011791004198846074,8.089796743856811e-05,0.0,0.015321458110588852,0.025383506228221255,0.011113596616097938,0.0,0.022254778847495462,0.011080585152218651,0.0,0.0,0.0,0.0,0.01117004425095298,0.0,0.0002443892305812391,0.013300334017465491,0.0012464779142967873,0.0005551518087855298,0.0,0.014519019714452568,0.025383506228221255,0.0,0.0,0.0,0.0,0.0,0.0,0.01954825379631301,0.0,0.01948824605785479,9.490624618680261e-05,0.01954825379631301,0.00559874621079331,0.01926118730603664,0.0,0.029586278123164778,0.0004699402192325767,0.7108035597434891,0.0015280377152874843,0.007233796296296296,0.0,0.0005206130218332086,0.01923386609766899,0.45357501511898224,0.4911115915814564,0.4318333910234221,0.15550990488773858,0.48437913688112255,0.31462745037555717,0.32132889803512527,0.291604949221695,0.49561953131469266,0.4885187563255667,0.4885187563255667,0.3304195804195804,0.3304195804195804,0.0,0.00014632005072428425,0.4782951428633134,0.5260963639242175,0.5237688737128527,0.5166947229744565,0.17200248498653967,0.3812120348664016,0.0
0.6923076923076923,0.884916581545795,0.5,0.04949069973427812,0.4920432943697743,0.5012023183163433,0.22649942620145364,0.0018758091975818372,0.0,0.13263002944062807,0.3345321225562182,0.0,0.11998429208663518,0.055455556679138436,0.03307353584032583,0.20675394888140244,0.0,0.2823951681783056,0.004998096917005549,0.04817716119516036,0.3129834450177918,1.0,0.01411929960524085,0.20497454015367014,0.0,0.0,0.05908892613597227,0.1886175715856788,0.0029578655076663045,0.15091809906880768,0.18526929909560724,0.0049678111587982835,0.5750417849735194,0.0,0.19560390763765542,0.0005717613425803377,0.006406688056030688,0.0,0.0,0.013116335141651598,0.9358789191791539,0.060458576681808346,0.8771110600045995,0.07992461732445734,0.938867826121843,0.06785515435217454,0.9972870157172891,0.0017388799143936043,0.529515400660173,0.0,0.6913116738646775,0.08779701973419252,0.01600338319088319,0.017241379310344827,0.35359385676634236,0.9190587382744877,0.4995811070978767,0.4899092438392862,0.47835467866620507,0.1692020886688808,0.486517077045274,0.31974798340453753,0.32123023144363316,0.3079870504235221,0.5299401032322173,0.5223476150572973,0.5223476150572973,0.36538461538461536,0.36538461538461536,0.02381025499288559,0.006568144499178982,0.500367146837138,0.38179851179481766,0.5804673744864749,0.4242699260777282,0.39532822530544626,0.4740315248222358,0.0
0.038461538461538464,0.5386448757235274,0.5,0.3631040251943707,0.4920432943697743,0.5012023183163433,0.0,0.6286917250308387,0.441276451092037,0.5416952894995093,0.0017482342833737925,0.05594699219630092,0.0,4.0448983719284053e-05,0.0,0.0,0.0,0.0,0.20713555960656263,0.5161254958241145,0.0,0.0,0.0,0.0,0.036678872477943526,0.0,0.0,0.0,0.0,0.0007855953241366307,0.7705809916020672,0.5456437768240343,0.0,0.0,0.08800258356208623,0.15022499867647837,0.4650870924971914,0.06932014444967813,0.1348908576893569,0.20567811934900543,0.0002708070048745261,0.0,0.0002699757021868032,0.7295714305082907,0.0002708070048745261,0.5718247994555914,0.0,0.0,0.029586278123164778,0.0,0.6245337652139772,0.0014806567008599654,0.22000756766381768,0.7373853686874973,0.0,0.0,0.45350288786431203,0.5388996408777138,0.4317583939079266,1.0,0.48437913688112255,0.43883122291284293,0.32132889803512527,0.2915694709299747,0.4955698473598499,0.48846978419614967,0.48846978419614967,0.43006993006993005,0.42657342657342656,0.817052073416659,0.15131119023232373,0.4782951428633134,0.5260963639242175,0.5237688737128527,0.5370782405035497,0.17200248498653967,0.3812120348664016,0.0
0.47115384615384615,0.11065713312904324,0.5,0.05138519830725323,0.4920432943697743,0.5012023183163433,0.5014294630453603,0.0018758091975818372,0.43133338998895215,0.18298577036310104,0.0017482342833737925,0.7334657845687483,0.49294654274868344,0.6885731620993022,0.2080690044887036,0.0,0.0,0.5109814129417986,0.028255774354454217,0.13510335067471946,0.681795602234365,0.0026087747858883487,0.2548739434743649,0.28646629480781105,0.003022781450443587,0.0,0.0017909214061029093,0.0,0.8667451406495231,0.08135625176758948,0.3897771317829457,0.39381974248927043,0.0,0.0,0.15033101889229777,0.0,0.6810521947714138,0.0,0.0,0.0,0.0002708070048745261,0.2054510058403634,0.0002699757021868032,0.05015117209214041,0.0002708070048745261,0.11239766564246387,0.0,0.0,0.03880034831210385,0.0,0.6387580159664966,0.8773187083935466,0.16414040242165245,0.05212871903398481,0.500753804271196,0.0,0.3790564645439061,0.49644832805108924,0.36018806968962724,0.15547370612030662,0.48437913688112255,0.28188380091614357,0.32132889803512527,0.25390926426892546,0.4505230616357062,0.44500974001240623,0.44500974001240623,0.2972027972027972,0.2972027972027972,0.01065626631452876,0.0030239477149685413,0.40352137010560873,0.45652013298854816,0.6063543722989916,0.4321232525799605,0.33143093808241875,0.4310248805191105,0.0
0.2980769230769231,0.6346612189308819,0.0,0.0002952465308532625,0.4927027040950374,0.5019833114107202,3.019992349352715e-05,0.0018758091975818372,0.0,0.0,0.001788193924136622,0.0,0.00186279741826347,5.056122964910507e-05,0.0,0.001876096911500676,0.0034145071494372575,9.151177451498758e-05,0.0,0.022254778847495462,9.123995093318194e-05,0.00014156142249006543,0.0,0.0,1.2287729473347913e-05,0.0002452708710181807,0.0,0.0,0.00284719707030464,0.00114173187107857,4.037467700258398e-05,0.0,0.0032018365251011904,0.0034145071494372575,0.0,0.0,0.0,0.0,0.0002837594980609768,0.0,0.017512186315219353,0.0,0.017458428741413273,9.490624618680261e-05,0.017512186315219353,0.005866826139855236,0.017479227149864853,0.0,0.045908345314999696,0.0,0.6965138725297737,0.0015517282225012438,0.007256054131054131,1.0373874434623843e-05,0.0005965357541838849,0.017563106405249808,0.4535139843650305,0.4911115915814564,0.4317699319256951,0.15547370612030662,0.48437913688112255,0.31462745037555717,0.32132889803512527,0.2915694709299747,0.49557536779927686,0.4884752255438627,0.4884752255438627,0.3304195804195804,0.3304195804195804,0.0,0.00014632005072428425,0.4783977280089844,0.5261016412475592,0.5237688737128527,0.5168337846739369,0.1721267343135225,0.38143221645145,0.0
0.6057692307692307,0.11133810010214505,0.0,0.020408916445231767,0.5976827930123175,0.6150885810588623,0.0008153979343252331,0.0018758091975818372,0.0,0.002355250245338567,0.004475479765436909,0.05637711734223624,0.13621580256361202,0.008322378400242693,0.0023456408397394208,0.2024570817615138,0.42566187367324876,0.16831048928295442,0.0,0.022254778847495462,0.1678105453107734,0.0,0.001332009396720835,0.0014374943057003733,0.0,0.17116840911181286,0.0,0.04266628650564132,0.18719063141373898,0.014999633388848736,0.01571584302325581,0.0005793991416309013,0.25937896453815024,0.42566187367324876,0.015188519295979332,0.0,0.0016193840268008057,0.0,0.0,0.0,0.5118553288800626,0.04990266060999351,0.4641482266596006,9.490624618680261e-05,0.46557742071372693,0.009372486750665043,0.4680949043948343,0.36397123131218556,0.03201636256859926,0.0,0.7038427561837456,0.016938712657838004,0.022847667378917382,0.006276194032947425,0.03175739433182573,0.43098554692217883,0.4753518977790354,0.4911115915814564,0.4544767508941963,0.16687631786137683,0.48437913688112255,0.30943751253142493,0.32145575508132945,0.2968646059692226,0.5140136354853846,0.5066493269052879,0.5066493269052879,0.3339160839160839,0.3339160839160839,0.0016992701327682748,0.0006015379863109463,0.4922899164201024,0.5250303446092142,0.5139251987408632,0.5206835980384982,0.1720604680057983,0.3847867476589517,0.0
0.3942307692307692,0.9070480081716037,0.0,0.01233884460190926,0.6014177309093157,0.6154431108188095,0.003986389901145583,0.004506019920278109,0.0,0.0017787046123650637,0.009730172525748993,0.039725129549597525,0.04034718516206338,0.006937000707857215,0.11313452250215907,0.19344979927780356,0.42267793487403377,0.09237605238540691,0.0011017848915242693,0.030865674021806292,0.10197585182631969,0.10501835242727281,0.0,0.005203324458661915,0.0,0.21419300773625205,0.0,0.06099547879923425,0.04667189826552376,0.0010369858278603526,0.10702317506459948,0.0,0.21398940776092956,0.42267793487403377,0.06456886807686096,0.0,0.005283240387437629,0.0018213220285759144,0.019579405366207395,0.0,0.21705682935146736,0.013833008868699977,0.20360167584917357,0.004379245359762463,0.2073980461776093,0.02417874744808529,0.22478726599259186,0.10135920731770057,0.05325935076243899,0.0,0.6891686297605026,0.03696903650707162,0.010127314814814815,0.004315531764803519,0.0349353029859326,0.18371311244414026,0.4768110876235179,0.4911115915814564,0.4559940002307603,0.16832426855865557,0.48437913688112255,0.31201320233817115,0.32132889803512527,0.3011574792673733,0.5127936183720224,0.5054467890607146,0.5054467890607146,0.38461538461538464,0.38461538461538464,0.0061624133730512134,0.0017395828252776016,0.49396367405999614,0.5003060847538128,0.5343915061623006,0.516738637195345,0.17215158417891904,0.3813674571617299,0.0
0.8461538461538461,0.003745318352059925,0.25,0.31324426729652594,0.4920432943697743,0.5012023183163433,0.7120638627715477,0.014945305889429203,0.0,0.06073356231599607,0.7706516418417398,0.917549105954161,0.6024588925921078,0.24906461725149154,0.10083057009734409,0.0,0.0,0.0,0.006460465954846852,0.20075146006498037,0.0,0.34086979382589966,0.0,0.1915410546349068,0.0025066968125629745,0.0,0.0,0.7417416805832756,0.4080144070183911,0.042024112539148825,0.21679182816537468,0.27486051502145925,0.0,0.0,0.6671948167285645,0.1669966647255016,0.054057063044644395,0.0,0.002574854704627382,0.004749849306811332,0.0002708070048745261,0.019197490806835388,0.0002699757021868032,0.2537386281980015,0.0002708070048745261,0.14561895531313795,0.0,0.0,0.06745509406451874,0.014863225538518704,0.6988695851328361,0.42851389448248084,0.3079927884615385,0.13538943524627575,0.0,0.0,0.5846024956030117,0.4911115915814564,0.5680743048344293,0.23253183229111052,0.5050900185332274,0.31462745037555717,0.32132889803512527,0.3393409907312963,0.5962792238262166,0.7247494259378162,0.7247494259378162,0.36013986013986016,0.36013986013986016,0.026410343027362344,0.0069583313011104065,0.6821588234023714,0.5713969074885218,0.2707997652456917,0.5192490668228061,0.1913191136881342,0.3985740004403632,0.0
0.46153846153846156,0.16241062308478038,0.75,0.004379490207656727,0.49348575314378734,0.5044701578428149,7.046648815156336e-05,0.0021000907320753177,0.0008073425681992012,0.0,0.002797174853398068,0.0004710894455482047,4.027670093542638e-05,0.00016179593487713621,1.0662003816997368e-05,0.0006455387222367917,0.008060640044859214,0.006883719038516288,0.0,0.022254778847495462,0.006863271864640464,0.0006976955822724652,0.0,0.00016197118937468999,0.0,0.0077771305352014805,0.0,0.00023420634597368746,0.00019115457362469315,0.0007227476982057002,0.00011103036175710595,0.0,0.0004329527376709157,0.008060640044859214,0.0,0.0,0.0,0.0,0.0,0.0,0.00397183607149305,0.0,0.003959643632073113,9.490624618680261e-05,0.00397183607149305,0.005609056977295692,0.003724096506156773,0.0,0.029586278123164778,0.0005027267461557797,0.6959494830519566,0.0025111937646585016,0.007333956552706553,0.0003838333540810822,0.001691992320957928,0.0033817786545352066,0.453702624877245,0.4911115915814564,0.43196607822776045,0.15556420303888654,0.48437913688112255,0.3146351620216851,0.32132889803512527,0.2916670362322054,0.49570785834552433,0.4886058178889747,0.4886058178889747,0.3321678321678322,0.3321678321678322,0.0,0.00014632005072428425,0.47844632097272316,0.5256161275001319,0.5239982926959398,0.5165483422381614,0.17211845102505693,0.38117317929256955,0.0
0.33653846153846156,0.41470888661899896,0.25,0.0016361578584784963,0.48088999706356605,0.4907565356790529,0.03632044132154865,0.0018758091975818372,0.010707911957168352,0.0006010794896957802,0.04835116532302375,0.0,0.0002718677313141281,0.00031347962382445143,0.0002452260877909394,0.0007867503177260899,0.032142428004966556,0.013818277951763127,0.0,0.022254778847495462,0.013777232590910474,0.011506921342406747,0.0,0.0055373900367472135,0.0,0.031098302521180163,0.0,0.0005396928842002363,0.00013078997142742163,0.0016445128785260133,0.00016149870801033592,7.510729613733907e-05,0.0016814676090940212,0.032142428004966556,0.006408445018569352,0.0,0.0,0.0,0.0004939517188468854,0.0009885473176612417,0.0002708070048745261,0.0,0.0002699757021868032,9.490624618680261e-05,0.0002708070048745261,0.006846348957581506,0.0012213434778256082,0.0,0.029586278123164778,0.0,0.6959494830519566,0.001658335504963161,0.007244925213675214,0.003651603800987593,0.0010303799390448919,0.004670075284834333,0.45161093449180806,0.4911115915814564,0.4297911618783893,0.15547370612030662,0.48437913688112255,0.31462745037555717,0.32132889803512527,0.2915694709299747,0.49368737751525027,0.48661428462601614,0.48661428462601614,0.32517482517482516,0.32517482517482516,0.0,0.00014632005072428425,0.4783599334816319,0.5269196263655074,0.5229098863575734,0.5167532752689746,0.1726154483329882,0.38174306104210654,0.0
0.5576923076923077,0.26149131767109296,1.0,0.030607223698454877,0.6719385100431191,0.6934088293324564,0.2856409430429443,0.03956530160769082,0.0007329820684966431,0.004845436702649656,0.3267799522482293,0.260410052639125,0.15304139437938638,0.12387501264030741,0.005885426106982546,0.5388735349296968,0.0,0.6663073982185708,0.02159498387387568,0.02673962008411569,0.6907371174258169,0.0013043873929441743,0.0,0.0028648654120648287,0.0,0.7005140468671757,0.0,0.12407844894301658,0.2647390237031671,0.031821847929694454,0.13488170219638243,0.0,0.5519845345254637,0.0,0.08970813822057161,0.0,0.054532757102517135,0.0,0.0,0.0,0.0002708070048745261,0.012502703871944625,0.0002699757021868032,9.490624618680261e-05,0.0002708070048745261,0.015249623657022662,0.0,0.5218388912325469,0.2164091452177963,0.06667686691948722,0.6912707760764298,0.15068347113311695,0.08183092948717949,0.043964479853935846,0.06807015260469203,0.0,0.46019407779756655,0.4911115915814564,0.4387158186223606,0.15776327816037866,0.48605374635954457,0.3086817712108827,0.32132889803512527,0.28473103020089585,0.5064782356675591,0.49922188727704075,0.49922188727704075,0.34440559440559443,0.3409090909090909,0.0025489051991524126,0.0009592092214147522,0.547183767790424,0.44990764684152196,0.5344875420156858,0.5191173241601404,0.19381238351625596,0.4004002124104703,0.0
0.21153846153846154,0.982635342185904,1.0,0.014331758685168783,0.48848866381952777,0.503642921736271,0.0007650647285026878,0.0018758091975818372,0.0,0.00030667320902845924,0.0027572152126352383,0.0,0.00024166020561255827,0.00035392860754373547,7.463402671898158e-05,0.000625365637166892,0.006388432731205191,3.0503924838329196e-05,0.003235241090566718,0.022254778847495462,0.003304913778246368,0.00015167295266792723,0.00019374682134121237,0.0,0.0,0.003566647249389378,0.0,0.0,0.0006640106241699868,0.0010893588494694613,0.001978359173126615,1.072961373390558e-05,0.0029098451438812705,0.006388432731205191,0.0,0.0,0.0,0.0,0.0,0.0,0.005727066658642756,0.0,0.005709486146246838,9.490624618680261e-05,0.005727066658642756,0.005650300043305218,0.005506056662328561,0.0,0.029586278123164778,0.0,0.6959494830519566,0.002108455142024591,0.007233796296296296,2.0747748869247687e-05,0.0057701276586513955,0.0059080478280124004,0.4532976026010198,0.4911115915814564,0.43154494057920845,0.15547370612030662,0.48437913688112255,0.31462745037555717,0.32132889803512527,0.2915694709299747,0.49536559110105166,0.4882684543307686,0.4882684543307686,0.3304195804195804,0.3304195804195804,0.0,0.00014632005072428425,0.47830594129969983,0.5260963639242175,0.5237688737128527,0.5167093610480861,0.17222613377510873,0.3813998368065899,0.0
0.14423076923076922,0.512087163772557,1.0,0.050216514122625726,0.6304884268441578,0.6602628658336074,0.03180051943868409,0.008583866001977754,0.0,0.0,0.039879721481303886,0.07893820535403395,0.023209448914039452,0.008443725351400547,0.00011728204198697104,0.10948941921688084,0.45689309889053553,0.2823138243787367,0.0,0.022653431401861705,0.2818706217495768,0.0038120468770539047,0.0,0.001305892714333438,0.0,0.2893276512248214,0.0,0.10397743472770966,0.04983097911384764,0.006431407053598549,0.015816779715762272,0.000536480686695279,0.17436919792988181,0.45689309889053553,0.030124737606975618,0.0014611678754830853,0.0,0.0,0.0,0.0,0.14706826342500653,0.00918234912394549,0.13812756851883332,0.0003660669495776672,0.13875348538645163,0.007145361186150578,0.13973370707778557,0.02401506343310457,0.043164374962029926,0.0,0.7036955241460543,0.016903176897017366,0.030849358974358976,0.009606207726461678,0.05189861061399798,0.13846169330488345,0.45462363443688036,0.4911115915814564,0.43292373370254983,0.1558356937946263,0.4846438972729679,0.31462745037555717,0.32132889803512527,0.29183555811787665,0.4965193629412902,0.48940569600278594,0.48940569600278594,0.3304195804195804,0.3304195804195804,0.0,0.00014632005072428425,0.4974893635401594,0.5239009974141116,0.5067118390865923,0.5162702188392007,0.1769558914889211,0.38470256058231556,0.0
0.2403846153846154,0.035410282601293835,0.5,0.022893908079913393,0.619773018808632,0.6381587060177573,0.011123638486782501,0.005678400668766757,0.006023200475907198,0.0017787046123650637,0.023626137601022966,2.0482149806443683e-05,0.006917523385659481,0.0770350894933765,0.003721039332132081,0.08725867946985133,0.3754556013938399,0.043712124293325744,0.0017127746950059096,0.022254778847495462,0.04543749556472461,0.03698797739061852,0.0,0.0,0.0,0.0831877037536663,0.03495740821527794,0.1691478962160401,0.00868244194937422,0.05254061527825786,0.03936531007751938,0.0,0.29558589580942024,0.3754556013938399,0.0028459551106087516,0.0,0.0006376324605528172,0.0,0.0,0.016130198915009043,0.11980702493430423,0.0,0.11943925046745793,9.490624618680261e-05,0.11980702493430423,0.01790980141463716,0.13127440184202624,0.0,0.029586278123164778,0.12370356608124501,0.6512890982855648,0.014723650233351496,0.010605858262108261,0.002655711855263704,0.0198158331435265,0.09423688554289625,0.47430882671149655,0.4911115915814564,0.45339217722395286,0.159690862526131,0.48437913688112255,0.31504387926646826,0.32154032644546554,0.29635904031220894,0.5132904579204505,0.5059365103548846,0.5059365103548846,0.36013986013986016,0.36013986013986016,0.004289121600180164,0.0008616625209318962,0.43851910243396763,0.5801150456488469,0.5155097903217201,0.5263631706067481,0.201987989231725,0.4132095999171081,0.0
0.15384615384615385,0.5454545454545454,0.0,0.008106977659679165,0.5052520954289511,0.5177624547846104,0.018703819283657813,0.0018758091975818372,0.0,0.0033979391560353287,0.02307669254053406,0.004321733609159617,0.004823134937017309,0.009404388714733541,0.0,0.018428113211353413,0.07194496735691112,0.03445926709236589,0.0,0.022254778847495462,0.03435691041250596,0.008625135241716129,0.0,0.006458601176315763,0.0,0.04987174377369674,0.0,0.01144556229888803,0.008833353454867398,0.0015921398569169048,0.0023114502583979324,0.0,0.023208280472824666,0.07194496735691112,0.008608509607621507,0.0,0.00012145380201006042,0.0,0.0,0.002555756479807113,0.08612665743916871,0.008663205710577547,0.07785299323060924,9.490624618680261e-05,0.0781027461836272,0.005856515373352854,0.07794574031434578,0.051549043616047084,0.029586278123164778,0.0,0.6955405051694805,0.017009784179479282,0.010338764245014245,0.004896468733142453,0.01241878979164633,0.08218929908611458,0.45138900447743807,0.4911115915814564,0.42956040152301833,0.15547370612030662,0.48437913688112255,0.31462745037555717,0.32132889803512527,0.2915694709299747,0.4934665599381711,0.4863966307174961,0.4863966307174961,0.31993006993006995,0.31993006993006995,0.0,0.00014632005072428425,0.4758600954581777,0.5253944799197846,0.52355546070533,0.5121276440020492,0.17780078691240422,0.38171068139724645,0.0
0.5480769230769231,0.35308137555328567,1.0,0.16055260309024702,0.5648977657343918,0.6409230105228544,0.0,0.0018758091975818372,0.0,0.13530421982335622,0.11193694368687625,0.0,0.012375016362409754,0.028294064111639195,0.00023456408397394207,0.040789978011337276,0.42323867505106744,0.008297067556025542,2.0032452573168534e-05,0.21077757180729137,0.20005879907949028,0.0005055765088930907,0.0,0.034509986536144885,0.06029588852571822,0.28717131148378655,0.025715794549169977,0.023430817481976295,0.0030785947120608474,0.00847395489635379,0.08621002906976744,0.0005257510729613734,0.14265289272840775,0.42323867505106744,0.07159292749878896,0.0,0.016315294070018117,0.0,0.0,0.0,0.04086176806884516,0.0,0.040736333729964304,9.490624618680261e-05,0.04086176806884516,0.013280267255067741,0.04797277004705176,0.0,0.029586278123164778,0.03340947093474388,0.6959903808402041,0.009381440856648741,0.023559918091168093,0.04025063280634051,0.008351500558574388,0.10619388864286003,0.4215505140453958,0.4911115915814564,0.4317583939079266,0.15547370612030662,0.48437913688112255,0.31462745037555717,0.32132889803512527,0.2915694709299747,0.4955698473598499,0.48846978419614967,0.48846978419614967,0.1660839160839161,0.1660839160839161,0.0,0.00014632005072428425,0.48414789538474834,0.5272362657660035,0.5109480872859201,0.5086218253677816,0.20438185959826052,0.39938349156186453,1.0
0.5288461538461539,0.529792305073204,1.0,0.010149099498080898,0.49660249442335136,0.5099884906280829,0.0,0.0018758091975818372,0.0,0.0,0.0017482342833737925,0.0,0.0002718677313141281,5.056122964910507e-05,0.0,0.0002824231909785964,0.017402971922938278,0.0,0.0,0.022254778847495462,0.0,0.0,0.0006781138746942433,0.0,0.0,0.00028614934952121083,0.0,0.0014052380758421245,0.0003521268461507505,0.0013302747488713614,0.01501937984496124,0.0,0.017217422823657347,0.017402971922938278,0.0,0.0,0.0,0.0,0.0,0.0,0.004914645644019178,0.0,0.004899559039686428,9.490624618680261e-05,0.004914645644019178,0.005588435444290929,0.004635098608469316,0.0,0.029586278123164778,0.003333296903858974,0.6977653448501506,0.0015991092369287627,0.007233796296296296,0.0,0.00022776819705202877,0.005606103305286042,0.45298135233054254,0.4911115915814564,0.43121610707280483,0.15547370612030662,0.48437913688112255,0.31438067769946176,0.32132889803512527,0.2912856445962127,0.4952275801153772,0.4881324206379436,0.4881324206379436,0.3304195804195804,0.3304195804195804,0.0,0.00014632005072428425,0.4777822171349589,0.5263549527679561,0.5237688737128527,0.5163580472809778,0.17280596396769518,0.38154878317294616,0.0
0.21153846153846154,0.8583588695948247,0.5,0.004650132860938884,0.491966019792595,0.5030674531404143,0.0,0.0018758091975818372,0.0,0.0,0.0017482342833737925,0.0,0.0,0.00012134695115785216,0.0,8.069234027959896e-05,0.00371490367284816,1.0167974946109733e-05,0.0,0.022254778847495462,1.0137772325909106e-05,0.0035390355622516353,0.0,0.00010123199335918124,0.0,0.003689282684898468,0.0,0.0,0.0,0.000890341367354848,3.0281007751937984e-05,0.0,0.00010068668317928272,0.00371490367284816,0.0,0.0,0.0,0.0,0.0,0.0,0.0003008966720828068,0.0,0.00029997300242978135,9.490624618680261e-05,0.0003008966720828068,0.005588435444290929,3.003303633997397e-05,0.0,0.029586278123164778,0.0,0.6959494830519566,0.0014806567008599654,0.007233796296296296,0.0,2.1692209243050358e-05,2.012963484842385e-05,0.45350288786431203,0.4911115915814564,0.4317583939079266,0.15547370612030662,0.48437913688112255,0.31462745037555717,0.32132889803512527,0.2915694709299747,0.4955698473598499,0.48846978419614967,0.48846978419614967,0.3304195804195804,0.3304195804195804,0.0,0.00014632005072428425,0.4783491350452455,0.5260594226608264,0.5237688737128527,0.5167166800849008,0.1720521847173328,0.38127679415612176,0.0
0.5384615384615384,0.0020429009193054137,1.0,0.017124298789489224,0.5089715784105134,0.5252384084182835,0.7011818236727133,0.007299344486242366,0.004174810911872185,0.0033243375858684984,0.709533371294992,0.0034000368678696515,0.12929827917795253,0.025482859743148952,0.0002558880916079368,0.1584898428516673,0.9136159730844715,0.170588115670883,0.01781886656383341,0.02405868165600271,0.18995144007055892,0.10559470964741095,0.0,0.14140084832410435,4.9150917893391654e-05,0.44098680647106314,0.0,0.009154413262188913,0.45806672300696205,0.00739507065120615,0.010366198320413435,5.36480686695279e-05,0.48420225940917055,0.9136159730844715,0.02986234458259325,0.0,0.0,0.0,0.0,0.007377938517179023,0.2539166716816112,0.0007678996322734154,0.252427281544661,9.490624618680261e-05,0.2532045495576819,0.028230878683521334,0.2744418860746821,0.00902365494037391,0.258803993438772,0.0,0.6973727260829735,0.03067920684181848,0.009415064102564104,0.007074982364413461,0.024718272432455883,0.29499979870365156,0.44298340518317547,0.4911115915814564,0.42082035306334364,0.15547370612030662,0.48437913688112255,0.31515955395838796,0.32176585008316183,0.29245642822298107,0.48455105026360096,0.4776088541609986,0.4776088541609986,0.3041958041958042,0.3041958041958042,0.0,0.00014632005072428425,0.41987560201282853,0.527294316322761,0.4872752494264525,0.3891019541828295,0.32163180782770756,0.38529834604774055,1.0
0.11538461538461539,0.017024174327545116,0.0,0.23121493947446117,0.4920432943697743,0.5012023183163433,0.5094525760534739,0.530323882925039,0.3954491374182034,0.1509568204121688,0.0017482342833737925,0.0,0.7151732401598985,4.0448983719284053e-05,0.0,0.0,0.0,0.0,0.0012720607383962018,0.3866531124798182,0.0,0.45006420821662946,0.0,0.4533978518571009,0.06898331326337519,0.0,0.0,0.0,0.18888084027526258,0.0007855953241366307,0.3354630975452196,0.016094420600858368,0.0,0.0,0.5706745519134507,0.022637513896977074,0.04244810380251612,0.002684879886952426,0.014545301678384883,0.1108499095840868,0.0002708070048745261,0.0,0.0002699757021868032,0.31283810350204044,0.0002708070048745261,0.2034623553914998,0.0,0.0,0.2014945019339422,0.0,0.6187426383981155,0.632844519201156,0.11508413461538462,0.4930702518776713,0.0,0.0,0.45350288786431203,0.4911115915814564,0.4317583939079266,0.42282875268097125,0.48437913688112255,0.4285284636858584,0.0,0.4824072020932192,0.4955698473598499,0.48846978419614967,0.48846978419614967,0.45454545454545453,0.4527972027972028,0.5381260940331051,0.1387926970036905,0.4782951428633134,0.38981476595070974,0.11384516886304219,0.9153992534582448,0.17200248498653967,0.3812120348664016,0.0
0.15384615384615385,0.6336397684712292,0.5,0.015082176951087491,0.49483548242518527,0.5102865011509372,0.1823068714892589,0.0018758091975818372,0.0,0.00789990186457311,0.1890990099999001,0.08592261843803126,0.06432189139387592,0.08004853878046315,0.007697966755872099,0.23614613382824637,0.4399206953178195,0.23248057916785292,0.015855686211662893,0.029829177380454066,0.2561815066757231,0.003468254851006603,0.0,0.02018565947582074,0.004263842127251726,0.285679247018426,0.0,0.04916296688525926,0.06927844178840195,0.009364296263708638,0.030987564599483205,0.00407725321888412,0.1608973197204938,0.4399206953178195,0.08879985467463264,7.411721107522897e-05,0.0005262998087102619,0.0,0.015922060724532585,0.002603978300180832,0.20043730316342703,0.006435215228206792,0.19387255147036767,0.00957197282969752,0.20148041162664743,0.009506526715196006,0.20463509860846932,0.10833530543580036,0.03215811749458294,0.0,0.7000801596649653,0.025265925943474446,0.026553596866096867,0.0074380679696252954,0.06112864564691591,0.21523612061677203,0.4482653395251807,0.4949981279234716,0.4305642090688819,0.15547370612030662,0.48437913688112255,0.31462745037555717,0.32132889803512527,0.2915694709299747,0.4944271163984653,0.4873434252195583,0.4873434252195583,0.3269230769230769,0.3269230769230769,0.0,0.00014632005072428425,0.4912640649633933,0.523642408570373,0.49722563090220345,0.4944594891312303,0.20073721267343136,0.3840031602533383,0.0
0.9326923076923077,0.08409942117807287,1.0,0.001488534593051865,0.4911726674668878,0.500955688918119,0.0018824618977631925,0.0018758091975818372,0.0,0.0,0.0036163474890360736,0.0,0.0026079163855688577,0.00018202042673677826,0.0,0.0027637126545762645,0.004135458805623423,0.0,0.0,0.022254778847495462,0.0,0.0009605953668968724,0.0,0.0010021967342558943,0.0,0.0019826062073969608,0.0,0.0,0.002173125679101775,0.0008170191371020959,3.0281007751937984e-05,0.0,0.0022050383616262913,0.004135458805623423,0.0,0.0,0.0,0.0,0.0,0.0,0.003018996609897495,0.0,0.003009729124378806,9.490624618680261e-05,0.003018996609897495,0.0057327861753242735,0.002883171488637501,0.0,0.03233024847613455,0.0,0.6959494830519566,0.0015161924616806045,0.007233796296296296,0.0,9.76149415937266e-05,0.002848343331051975,0.45353062911610825,0.4911115915814564,0.43178723895234794,0.1554918055040226,0.48437913688112255,0.31462745037555717,0.32132889803512527,0.2915872100758348,0.49559192911755773,0.48849154958700164,0.48849154958700164,0.3304195804195804,0.3304195804195804,0.0,0.00014632005072428425,0.4782951428633134,0.5260963639242175,0.5237688737128527,0.5166947229744565,0.17200248498653967,0.3812120348664016,0.0
0.17307692307692307,0.39564181137214843,1.0,0.03883722074598957,0.9689047101430609,0.9930327195001645,0.0,0.0018758091975818372,0.0,0.0030912659470068693,0.0042656916514320535,0.0,0.1319061955635214,0.022964910506623522,0.018914394771353326,0.17289342559157572,0.0,0.11114613413592549,0.0,0.06774103530068369,0.15708478218996158,0.0,0.008064711438327965,0.18123563771094217,0.0,0.34471798959642724,0.0,0.1144963545273105,0.17948408386655398,0.4382050718034126,0.055595930232558134,0.032575107296137336,0.7992911657504179,0.0,0.05810996286129501,0.0014505797024723383,0.010779024928392862,0.022012874862615796,0.013305167575748022,0.037733574442435205,0.7040480632284206,0.06050183863292234,0.6459518643322101,0.013368222677169623,0.6577601251730155,0.0678757758851793,0.7167284012413656,0.44099640905863835,0.029586278123164778,0.0,0.7071145792435546,0.09297339556039894,0.009548611111111112,0.011992198846425163,0.09925270339157692,0.6286786907685495,0.5041639618946165,0.49619520221063235,0.4899965385946694,0.1877720563614809,0.48437913688112255,0.31502074432808425,0.3193555662052829,0.32243558472659545,0.5320875541693119,0.5244642993176549,0.5244642993176549,0.36713286713286714,0.36713286713286714,0.019388058020862124,0.006356793314799459,0.49410945295121267,0.5239432160008443,0.5109107400096036,0.5175071360608944,0.3591633878649824,0.5282480021759122,0.0
0.25,0.2526387470207695,0.25,0.025059049306170655,0.5041187349636552,0.5237072509043078,0.08673418027340997,0.004383684537827119,0.012078269737401205,6.133464180569185e-05,0.10169728574140119,0.021158060750056325,0.00014096845327399234,0.042936596218020026,2.1324007633994736e-05,0.06377720844848803,0.20735370689309893,0.06192296742180827,0.0,0.056688393230879625,0.09676503685080241,0.04587601241695905,0.0,0.008078313070062662,2.4575458946695827e-05,0.15208837927052354,1.1480265423736597e-05,0.00012219461529061954,0.0004426737494466578,0.0008379683457457395,0.05821019056847545,0.0,0.05866006162025011,0.20735370689309893,0.0031386242531890843,0.0,0.0,0.0,0.0,0.004171187462326703,0.026990431485827766,0.0,0.026907578317951382,9.490624618680261e-05,0.026990431485827766,0.0056193677437980745,0.026699369306236863,0.0,0.029586278123164778,0.0,0.6959576626096061,0.002961313401719931,0.021690259971509977,0.0023444956222249884,0.005216976322953611,0.021458190748419825,0.4564767500568696,0.4911115915814564,0.4348505826698973,0.1564420231491118,0.4850807519195128,0.3147277017752209,0.32132889803512527,0.2916936449509956,0.49845151674073257,0.4913101677023365,0.4913101677023365,0.33916083916083917,0.33916083916083917,0.0,0.00014632005072428425,0.49348314364080087,0.5244445617182965,0.5067065037614042,0.5115860352777574,0.1778256367778008,0.3812444145112616,0.0
0.4807692307692308,0.49812734082397003,0.5,0.01682905225863596,0.5010122969610484,0.5171767099638277,0.0004227989289093801,0.002915659948415247,0.0,9.813542688910696e-05,0.003266700632361315,0.015883907174897075,0.00792444090904514,0.0017999797755081405,0.0007996502862748025,0.026093885537915317,0.058557295630231904,0.012455769308984422,0.0,0.023510534393749127,0.013696130412303201,0.0008190339444068071,0.0,0.004646548495186418,0.0026541495662431498,0.021522518931845355,0.0,0.013502504989613457,0.018541993641595235,0.0014559700007332223,0.00511749031007752,4.291845493562232e-05,0.037676956845687594,0.058557295630231904,1.0092039399321815e-05,0.0,1.0121150167505037e-05,0.0,0.0,0.0,0.06893542757417102,0.0,0.06872381485666289,9.490624618680261e-05,0.06893542757417102,0.006392675231476708,0.06931624787265993,0.05105516056343825,0.031145582308985235,0.007311395503874275,0.6933565632770581,0.0030205396697543293,0.009637642450142451,0.0011411261878086227,0.008514192127897266,0.0675147952816136,0.45469576169155057,0.4911115915814564,0.4329987308180454,0.1560619360910761,0.48437913688112255,0.3146660086061971,0.3214275646266174,0.29226129761851966,0.4963261475613459,0.4892152488328309,0.4892152488328309,0.3321678321678322,0.3321678321678322,0.0,0.00014632005072428425,0.47824654989957455,0.5243284606047812,0.525454836472283,0.5164897899436434,0.17276454752536757,0.3816264943206103,0.0
0.5384615384615384,0.9880830779707184,0.25,0.0802824525145163,0.49004961027854904,0.5327451907267347,0.0,0.0034967530150574466,0.0,0.0,0.0033366300036962665,0.0040964299612887365,0.00015103762850784893,4.0448983719284053e-05,5.3310019084986835e-05,0.004236347864678945,0.06726879480914809,0.0,0.0,0.022254778847495462,0.0,0.0010111530177861815,0.0,0.04127228369253819,0.00035634415472708946,0.04299393976556193,0.005453126076274884,0.0,0.01970904261740915,0.0009112905759984916,0.0006863695090439277,0.0,0.02528242614631789,0.06726879480914809,0.0,0.0,0.0,0.0,0.0,0.0,0.3367134059497302,0.0,0.33567978881900623,9.490624618680261e-05,0.3367134059497302,0.005588435444290929,0.3358093903293623,0.0,0.029586278123164778,0.3665533710014098,0.6959494830519566,0.001492501954466845,0.007233796296296296,0.00010373874434623843,3.253831386457554e-05,0.337714883852007,0.45344740536071954,0.4911115915814564,0.4317007038190838,0.15547370612030662,0.48437913688112255,0.31462745037555717,0.32132889803512527,0.2915694709299747,0.49551464296558007,0.48841537071901964,0.48841537071901964,0.3304195804195804,0.3304195804195804,0.0,0.00014632005072428425,0.47313349027060886,0.5333632381656024,0.5215547137598037,0.516738637195345,0.1720521847173328,0.38128974601406573,0.0
0.46153846153846156,0.5141300646918624,0.0,0.008057769904536955,0.600253460613148,0.6124938342650443,0.0,0.009205737529436951,0.0022414379196056765,0.001459764474975466,0.01222765007342584,0.0015976076849026073,0.002406532880891726,0.005278592375366569,0.0105340597711934,0.019174517358939706,0.24643529458885732,0.07254850124049293,0.0,0.022334509358368712,0.07241410772396874,0.06001193160560988,0.0,0.09170606278408228,0.0,0.22624193927502018,0.008150988450852983,0.0007637163455663721,0.0023139764175620745,0.004786894175072537,0.007116036821705426,0.004023605150214592,0.024899816750236614,0.24643529458885732,0.010717745842079766,0.002138810948170893,0.0027934374462313897,0.0007222483906421731,0.030751121900978447,0.0,0.05125273314477142,1.081548777849881e-05,0.05108540231379176,0.004785986414848759,0.0547130448737237,0.012218258305322418,0.06078686555210732,0.0,0.029586278123164778,0.01897247024622682,0.6959494830519566,0.010483049442088554,0.007311698717948719,0.005581144445827627,0.009718109740886561,0.039635251016546566,0.46534285413094983,0.49847333477474437,0.45212299526941263,0.16180849042090117,0.48437913688112255,0.3153060752348196,0.3203845178022722,0.29796443301255043,0.5110767617102322,0.503754529921971,0.503754529921971,0.36713286713286714,0.36713286713286714,0.008045941712987134,0.0022273163276918828,0.47422413234563643,0.5348514433479339,0.5192018353518647,0.5170533557783795,0.17476910333402362,0.38368583973370984,0.0
0.14423076923076922,0.6601974804221995,0.25,0.007627202047042614,0.5335655005074363,0.5458011344952318,0.028126195413638286,0.007686739864003833,0.004068581626582816,0.0005642787046123651,0.03963996363672691,0.035567253138889456,0.014086776152165376,0.08443725351400547,0.018445266603405445,0.15077363781243064,0.2745624223975648,0.08934599585146623,0.0011518660229571905,0.024985548844904223,0.09301406109021604,0.06184211856780286,0.0,0.04110018930382758,0.0010567447347079207,0.19864896628547485,0.0,0.03878660747016415,0.030081693428306973,0.00726937539934429,0.005278989018087855,0.0004935622317596566,0.08037817918202139,0.2745624223975648,0.009637897626352334,1.0588173010746996e-05,0.0013258706719431598,0.0,0.0,0.005798673899939722,0.14344747347094342,0.0036123729180186025,0.13966742993130618,0.0006914597936467047,0.14054883552987907,0.008774462293526901,0.14309740714786265,0.03878010886005618,0.03294789493934914,0.0,0.6940272870043188,0.02297979199734666,0.017850783475783477,0.008890410390472633,0.07215913404700702,0.14235677764805346,0.45433512541819937,0.4911115915814564,0.4326237452405676,0.1559352404050642,0.48437913688112255,0.3145734688526613,0.3213993741719054,0.29200408000354783,0.49612741174197467,0.4890193603151628,0.4890193603151628,0.3339160839160839,0.3339160839160839,0.0,0.00014632005072428425,0.4880191348292768,0.5252467148662198,0.5162567358480499,0.5184805679572568,0.17329467798716092,0.383802406455206,0.0
0.28846153846153844,0.06673476336397685,0.75,0.0011071744906997344,0.4923678475939272,0.5019884495231831,0.0016710624333085022,0.0020083391952370757,0.0,0.0,0.0035364282075104145,0.001362062962128505,0.0010572633995549424,0.0013145919708767318,4.264801526798947e-05,0.0037118476528615525,0.007009252212921056,0.001596372066539228,0.0,0.022254778847495462,0.0015916302551677295,0.00036401508640302534,0.0,0.00010123199335918124,0.0,0.0020745827840287783,0.0,0.0021282228829782902,0.0021328826109702605,0.0011941048926876789,0.00013121770025839794,0.0003111587982832618,0.0050041281540103505,0.007009252212921056,0.0,0.0,1.0121150167505037e-05,0.0,0.0,0.0,0.01420232292230848,0.0014492753623188406,0.012808847203751661,9.490624618680261e-05,0.012848287897935847,0.0057740292413338,0.012734007408148965,0.01054646101925115,0.029586278123164778,0.00083059201538781,0.6956304803036253,0.001966312098742034,0.007678952991452992,0.00013486036765010997,0.0010412260436664172,0.012611216232537541,0.45360830462113777,0.4911115915814564,0.4318680050767278,0.15550990488773858,0.48437913688112255,0.3146505853139411,0.32132889803512527,0.2916315579404852,0.4956360926329736,0.4885350803687057,0.4885350803687057,0.3321678321678322,0.3321678321678322,0.0,0.00014632005072428425,0.477890201498823,0.526011926750752,0.5238862508669904,0.5161897094342384,0.1728887968523504,0.38146459609631,0.0
0.23076923076923078,0.7020769492679605,1.0,0.015180592461371913,0.49559277328154216,0.5110829085827031,0.0,0.0018758091975818372,0.0012003909237698648,0.0,0.002877094134923727,0.0006042234192900886,0.0015607221612477721,0.004813429062594802,0.00013860604962096578,0.007060579774464909,0.027396162935074297,9.151177451498758e-05,0.0,0.022254778847495462,9.123995093318194e-05,0.004358069506658442,0.0,0.0015083567010518004,0.0,0.006019355959571184,0.0,0.0011913974990835404,0.0013582035494386093,0.0009427143889639568,0.01897609819121447,2.145922746781116e-05,0.02160736221027407,0.027396162935074297,0.0,0.0,0.0,0.0,0.0,0.0,0.00400192573870133,0.0,0.0039896409323160915,0.0009355044266984827,0.0046237788610057964,0.005588435444290929,0.004344779257182901,0.0,0.029586278123164778,0.0035737314346291297,0.6959494830519566,0.0015991092369287627,0.007233796296296296,0.00010373874434623843,0.00013015325545830215,0.0036233342727162933,0.4539134583908965,0.4911115915814564,0.43218530056536286,0.1555913521144605,0.48437913688112255,0.3146120270833012,0.32132889803512527,0.29168477537806553,0.4959121146043225,0.4888071477543558,0.4888071477543558,0.3304195804195804,0.3304195804195804,0.0,0.00014632005072428425,0.4779549921171415,0.5263496754446144,0.5238275622899216,0.5166654468271975,0.17216815075585007,0.3813091738009818,0.0
0.8076923076923077,0.8699353081375554,0.5,0.013864285011317784,0.5131804670475444,0.5280746464978625,9.059977048058144e-05,0.003425390708627703,0.0,0.0010794896957801766,0.004235721920859931,0.007363332855416504,0.037829891353599224,0.03723328951360097,0.0008636223091767868,0.08306267777531218,0.1373212640685705,0.02174929840972872,3.00486788597528e-05,0.022254778847495462,0.021715108322097304,0.0008089224142289453,0.0,0.022605104117105167,1.2287729473347913e-05,0.045538625052375555,0.0,0.036301983625921554,0.01138878828121856,0.016738417706271144,0.030694848191214468,0.0,0.09321573128737994,0.1373212640685705,0.0004036815759728726,0.0,0.0004959363582077468,0.0,0.0,0.0,0.4226595253856492,0.001762924507895306,0.41974222319991195,0.001369361552123866,0.42197749292892817,0.011104695523065184,0.4262688957853639,0.009918817973227424,0.3844798606751585,0.0,0.7161529904462768,0.014640733458103336,0.009248130341880344,0.002251130752313374,0.026442803067278385,0.4270602681267362,0.4543240289174809,0.49048932389033323,0.43193146417445477,0.1566773151374196,0.48437913688112255,0.3137945925937351,0.32132889803512527,0.2917912102532263,0.4955974495569847,0.48849699093471466,0.48849699093471466,0.3304195804195804,0.3304195804195804,0.0,0.00014632005072428425,0.4957022223182084,0.5258694390205287,0.503265219015099,0.5118568396399034,0.18183474839511288,0.3846118975767074,0.0
0.028846153846153848,0.48484848484848486,1.0,0.009103434701308926,0.4948869988099715,0.5078407596185466,0.0070265155328273175,0.0029666330244364925,0.0,0.0032630029440628068,0.012447428097621404,0.030508162136697867,0.01759084913354747,0.0399939326524421,0.006215948225309465,0.09341147041617075,0.11639363960427765,0.04898930329035669,0.0,0.024706492056847853,0.051347816830729615,0.00015167295266792723,0.0,0.0010933055282791573,0.01683418937848664,0.0670100458860921,0.0,0.029540548246507273,0.008793110386735884,0.0025034304329153963,0.011405846253229972,0.0,0.05101794236694255,0.11639363960427765,0.0024826416922331665,0.0,2.0242300335010073e-05,0.0,0.0,0.0,0.07745080339411446,0.009149902660609993,0.06874381305682488,0.00012202231652588907,0.06897554713044873,0.005660610809807601,0.06864551006106717,0.0414141518073033,0.029586278123164778,0.0,0.6968574139510536,0.017673118381464546,0.018952546296296297,0.0037449686708992073,0.015650928968860833,0.0841418736664117,0.44516386757436044,0.49177604691265575,0.42381446867428174,0.15547370612030662,0.48437913688112255,0.3145194873297654,0.3225692780424548,0.29221694975386936,0.4875652101907312,0.4805798300122974,0.4805798300122974,0.29545454545454547,0.29545454545454547,0.0,0.00014632005072428425,0.4823499557264109,0.5260594226608264,0.519457930960892,0.5162263046183122,0.1746448540070408,0.3828698726832364,1.0
0.9615384615384616,0.08852570650323459,1.0,0.013212282255683496,0.4958142937361228,0.5104817494245314,0.002063661438724355,0.002711767644330265,0.00045678592674428485,0.0004293424926398429,0.005404541413172695,0.02531593716076439,0.007320290395013744,0.0017595307917888563,0.0007676642748238103,0.034717879405297455,0.056204189530179846,0.015709521291739536,0.0,0.022254778847495462,0.015662858243529566,0.00025278825444654537,0.0,0.0056791148274500675,0.0,0.02176778980286354,0.0,0.013298847297462427,0.016841724013038753,0.0025034304329153963,0.00345203488372093,0.0,0.03506917175134417,0.056204189530179846,0.004521233650896173,0.0,0.000576905559547787,0.0,0.0,0.0,0.08949670016649615,0.0,0.08922197002269794,0.016608593082690457,0.10171310505305811,0.005155383251190893,0.10084092501751928,0.0656041321548735,0.030376055567930986,0.010732123146195123,0.7024522313833269,0.0037194096325602324,0.009092325498575499,0.0013071081787626043,0.01300447944120869,0.0997524054913644,0.4544017044225104,0.4911115915814564,0.43269297334717893,0.15575424656790438,0.48437913688112255,0.3145117756836375,0.32132889803512527,0.29171138409685576,0.49637583151618875,0.4892424555713959,0.4892424555713959,0.3321678321678322,0.3321678321678322,0.0,0.00014632005072428425,0.4785974990821329,0.5232941052298274,0.5260257162674065,0.5163141330600892,0.17378339200662665,0.3822740872178114,0.0
0.7884615384615384,0.32277834525025534,1.0,0.009041925007381163,0.5707294204921876,0.5834583607365997,0.0,0.00910379137739446,0.0,0.0032630029440628068,0.011488396719313494,0.0,0.0011982318528289348,0.002548285974314895,0.0003731701335949078,0.004054790099049847,0.17408979853406498,0.06356001138813194,2.0032452573168534e-05,0.022464071438537743,0.06360438357275373,0.06031527751094573,0.0,0.001417247907028537,0.0,0.12650867134725247,0.006486349964411178,0.028328784978208628,0.01273693106362429,0.0030062114403628403,0.0014030200258397935,0.00048283261802575106,0.05040375359954893,0.17408979853406498,0.003956079444534151,0.0,5.060575083752518e-05,0.0,0.0,0.0,0.09812240476620329,0.011637464849664719,0.08706216440520352,0.006995946147484306,0.09244548755290767,0.01015610500484606,0.09643607968765643,0.036228379754910535,0.029586278123164778,0.02964994918088327,0.6948370632116215,0.008327213285636445,0.007233796296296296,0.005135067845138803,0.0019631449364960574,0.0740066025202303,0.4661528986834002,0.4911115915814564,0.44491173416407054,0.16066822924679416,0.48437913688112255,0.3150824374971081,0.3222732782679784,0.29777817198101914,0.5042921416544757,0.4970671135826921,0.4970671135826921,0.34965034965034963,0.34965034965034963,0.011280696905485776,0.003820579102245199,0.4862373928255189,0.5255158583566415,0.5166835618630955,0.5169435702261582,0.17348519362186787,0.3825849318084679,0.0
0.20192307692307693,0.5093632958801498,0.25,0.25847603582324574,0.4920432943697743,0.5012023183163433,0.0,0.0018758091975818372,0.0022945525622503613,0.015689401373895975,0.016683150018481332,0.2755156381213772,0.5865798032483159,0.052836484983314794,0.5772835346675055,0.0,0.0,0.1121934355553748,0.010386826659187883,0.022254778847495462,0.13445727435853247,0.8698747181410963,0.20195684289554625,0.2918822064525272,0.021122606964685067,0.0,0.0,0.0,0.6250653949857137,0.16450366087421048,0.4077539567183462,0.44074034334763945,0.0,0.0,0.33542911351525917,0.007814071681931283,0.6333208505814601,0.13024022609514838,0.0,0.16177215189873417,0.0002708070048745261,0.0,0.0002699757021868032,9.490624618680261e-05,0.0002708070048745261,0.15734229682634607,0.0,0.0,0.07294303477045827,0.0,0.6959494830519566,0.0014806567008599654,0.020521723646723646,0.1186563757832275,0.0,0.0,0.8714192979243995,0.4911115915814564,0.8663032191069574,0.2929385254432087,0.4861596505162828,0.3092138747937135,0.32132889803512527,0.4176947979954765,0.8328962985453642,0.8209633361991097,0.8209633361991097,0.3811188811188811,0.3811188811188811,0.3656297024229954,0.09436017493374954,0.8742252121892751,0.23527890653860356,0.4652456917249106,0.5697870160286905,0.23635535307517086,0.4784999158129234,0.0
0.8942307692307693,0.8215866530473273,0.5,0.03502361972246826,0.59685337921726,0.620365422558369,0.0,0.1451509312780989,0.0,0.07491413150147203,0.0017482342833737925,0.0,0.12852295268494557,0.005207806653857823,0.0034758132443411414,0.0,0.0,0.0,0.0,0.022254778847495462,0.0,0.039212514029748124,0.0,0.0851259832157355,0.0,0.0,0.008254310839666615,0.7365585923180319,0.35318322668920277,0.008369208853135572,3.0281007751937984e-05,0.4638412017167382,0.0,0.0,0.0,0.0,0.09680880135218567,0.0,0.26467404441361625,0.0,0.0002708070048745261,0.0,0.0002699757021868032,9.490624618680261e-05,0.0002708070048745261,0.030499247314045325,0.0,0.0,0.029586278123164778,0.0,0.686935610522183,0.07905522257231526,0.4017427884615385,0.10466201917091995,0.20162908491415307,0.0,0.25333865965367824,0.4911115915814564,0.22362986038998497,0.15547370612030662,0.48437913688112255,0.35152767709795335,0.32132889803512527,0.3340103774003282,0.269993651494659,0.2661254339474801,0.2661254339474801,0.07867132867132867,0.07867132867132867,0.0,0.00014632005072428425,0.25281299267866014,0.47087972980104487,0.8035533265752547,0.5182683158896289,0.17621867881548975,0.3859006074421376,0.0
0.5384615384615384,0.6217228464419475,0.5,0.004662434799724437,0.4923936057863203,0.5034990545873068,0.0,0.0018758091975818372,0.0,0.0,0.0017482342833737925,0.0,0.0,4.0448983719284053e-05,2.1324007633994736e-05,2.017308506989974e-05,0.004505947851163536,0.0,0.0,0.022254778847495462,0.0,0.000707807112450327,0.0,0.0024093214419485132,6.143864736673958e-05,0.003198740942862107,0.0,0.0012932263451590567,1.0060767032878587e-05,0.0007855953241366307,0.00012112403100775194,0.0,0.0013794075595561733,0.004505947851163536,0.0,0.0,0.0,0.0,0.0,0.0,0.00031092656115223367,0.0,0.000309972102510774,9.490624618680261e-05,0.00031092656115223367,0.006031798403893345,0.0004705175693262589,0.0,0.030872197808873857,0.0,0.6949106792304673,0.0015043472080737248,0.007267183048433049,0.0,0.00016269156932287768,0.00021136116590845041,0.4536471423736525,0.4911115915814564,0.4319083881389177,0.15550990488773858,0.48437913688112255,0.31462745037555717,0.32132889803512527,0.291604949221695,0.4956912970272434,0.4885894938458357,0.4885894938458357,0.3321678321678322,0.3321678321678322,0.0,0.00014632005072428425,0.4776742327710948,0.5282178479075412,0.5222376353838766,0.5166947229744565,0.17200248498653967,0.3812120348664016,0.0
0.9038461538461539,0.9009193054136875,1.0,0.018649739198897747,0.49841587116782493,0.5153475419269977,0.0,0.0019267822736030828,0.002305175490779298,0.0,0.003965994345710832,0.0,0.00040276700935426384,4.0448983719284053e-05,1.0662003816997368e-05,0.00041354824393294466,0.03019986382024272,0.00022369544881441412,0.0,0.022254778847495462,0.0002230309911700003,0.0031547974154928866,0.0,0.018555824382737916,0.0,0.022145915729016568,0.0,0.0,0.007706547547184997,0.0012883763315840744,3.0281007751937984e-05,0.00036480686695278974,0.008538230733603174,0.03019986382024272,0.0,0.0,0.0,0.0,0.0,0.0,0.001975888146677098,0.0,0.001969822715955564,9.490624618680261e-05,0.001975888146677098,0.005588435444290929,0.0017018720592651916,0.0,0.029586278123164778,0.0,0.6959494830519566,0.0016227997441425222,0.007422987891737892,5.1869372173119215e-05,0.0006724584865345611,0.0009662224727243448,0.4539134583908965,0.4911115915814564,0.43218530056536286,0.15547370612030662,0.48437913688112255,0.31462745037555717,0.32132889803512527,0.2915694709299747,0.49597835987744626,0.4888724439269118,0.4888724439269118,0.3304195804195804,0.3304195804195804,0.0,0.00014632005072428425,0.47851111159104165,0.5260963639242175,0.5237688737128527,0.5169874844470467,0.17206875129426383,0.38152287945705815,0.0
0.9711538461538461,0.026217228464419477,1.0,0.00505609684086212,0.49077083966555557,0.5020449687602763,0.0,0.0018758091975818372,0.0,0.0,0.0017482342833737925,0.00077832169264486,0.000372559483652694,7.07857215087471e-05,1.0662003816997368e-05,0.0011801254765891347,0.0028137141026154527,1.0167974946109733e-05,0.0,0.022254778847495462,1.0137772325909106e-05,0.0006066918106717089,0.0,0.0004960367674599881,0.00014745275368017498,0.0012467935943424185,0.0,0.0,0.00031188377801923616,0.0009008159716766698,0.0012112403100775194,0.0,0.0016009182625505952,0.0028137141026154527,0.0,0.0,0.0,0.0,0.0,0.0,0.0015446029166917413,0.0,0.0015398614124728775,9.490624618680261e-05,0.0015446029166917413,0.005588435444290929,0.0012713985383922316,0.0,0.030619064012474433,0.0,0.6959494830519566,0.001539882968894364,0.007233796296296296,1.0373874434623843e-05,0.00017353767394440286,0.0012480373606022787,0.45351953261538974,0.4911115915814564,0.4317757009345794,0.15548275581216459,0.48437913688112255,0.31462745037555717,0.32132889803512527,0.29157834050290476,0.4955808882387038,0.48848066689157565,0.48848066689157565,0.3304195804195804,0.3304195804195804,0.0,0.00014632005072428425,0.4783977280089844,0.5261913557443664,0.5235981433068345,0.5167313181585302,0.1720604680057983,0.3812832700850937,0.0
0.20192307692307693,0.9002383384405857,0.75,0.012634091132762523,0.5355025165753968,0.5498242765537653,0.009694175441422216,0.0018758091975818372,0.0,0.0,0.011368517797025005,0.0,0.001067332574788799,0.01715036909697644,0.009606465439114628,0.0272235783018297,0.1314234789922698,0.02618253548623256,0.0016426611109998197,0.022254778847495462,0.02843645137417504,0.004337846446302719,0.0014046644547237896,0.0005061599667959062,0.002457545894669583,0.03617745347518165,0.0,0.0,0.0521047124632782,0.03857796771726948,0.0071059431524547806,0.001040772532188841,0.09650818582734247,0.1314234789922698,0.009769094138543516,5.294086505373498e-05,0.06549396273392508,0.003438530381535563,0.0,0.009355033152501507,0.19529197007081103,0.0,0.19469247767700906,9.490624618680261e-05,0.19529197007081103,0.014496937702348793,0.20331364500951046,0.0,0.029586278123164778,0.0,0.6959494830519566,0.0945725047973277,0.009415064102564104,0.005850865181127847,0.08661699150750007,0.16712629332903903,0.4740536071949711,0.4911115915814564,0.4531268028152763,0.1656365100768319,0.48437913688112255,0.31491278128229255,0.32132889803512527,0.3018581755288483,0.5096138452620829,0.5023125727780257,0.5023125727780257,0.3741258741258741,0.3723776223776224,0.009407405132614725,0.0027313076135199728,0.4889909941040537,0.5246662092986437,0.5168863042202422,0.5213203542413818,0.1877821495133568,0.3976414666683936,0.0
0.1346153846153846,0.3626149131767109,0.0,0.020814880425155006,0.48603133226522693,0.5038998273594213,0.028367794801586504,0.0018758091975818372,6.373757117362114e-05,0.0,0.02995974066193145,0.00617536816664277,0.007400843796884597,0.004874102538173729,0.0,0.018317161243468966,0.051718268113910365,0.0026436734859885307,0.0,0.030686280372341484,0.011212376192455471,0.0,0.003947591484827201,0.013970015083567012,8.601410631343541e-05,0.027133090106386242,0.0,0.012810068836299947,0.008068735160368625,0.002712922519351831,0.002705103359173126,0.0,0.02527235747799996,0.051718268113910365,0.02129420313256903,0.0,0.015950932663987935,0.0,0.0038254984183035386,0.0,0.019367715793063327,0.0013303049967553536,0.018078372946434818,0.0009761785322071124,0.01878598222703657,0.006732930526055307,0.019591550705776353,0.013386288571751948,0.029586278123164778,0.003519087223090458,0.6933647428347076,0.003162682713036886,0.008602653133903135,0.00028009460973484377,0.0025922190045445177,0.018499134425701516,0.45415758140670337,0.4911115915814564,0.43243913695627084,0.15547370612030662,0.48437913688112255,0.3150130326819563,0.32132889803512527,0.2920129495764779,0.49594523724088435,0.48883979584063375,0.48883979584063375,0.3321678321678322,0.3321678321678322,0.0,0.00014632005072428425,0.4714003412305899,0.5216950762573223,0.5355492717281118,0.5174046695454878,0.17272313108303997,0.38240360579725163,0.0
0.6346153846153846,0.5917602996254682,0.75,0.018354492668044484,0.7227439687192512,0.738968472541927,0.093438563288973,0.026648724143907187,0.03534248321577293,0.008341511285574092,0.1587796325711032,0.1802326772218012,0.0948113540019937,0.0850338760238649,0.023595014447015172,0.37958685521776847,0.9975868145952658,0.33407898482938136,0.004026522967206875,0.024397536327214014,0.3393416530651555,0.0258450711346148,0.0,0.05714546025125781,0.0005406600968273082,0.42634209154735264,0.0,0.30612805995682457,0.21887198680027364,0.019692256125024878,0.03733648255813954,0.00630901287553648,0.5830564449545904,0.9975868145952658,0.01719683513644437,0.00838583302451162,0.017823345444976366,0.0,0.0013557398240691112,0.0,0.0002708070048745261,0.24406229720960415,0.0002699757021868032,0.012053093265723932,0.0002708070048745261,0.009228136019631699,0.0,0.6146065912809063,0.4617666713918308,0.0,0.7116215155084413,0.12632962971737224,0.05332977207977208,0.05074899373417984,0.39166368398789575,0.0,0.48575486720262767,0.4911115915814564,0.4652936425522095,0.16999846155238416,0.48364442679375164,0.3150515909125962,0.32187861190200995,0.30762339793338955,0.5176681663860443,0.5102514990912949,0.5102514990912949,0.3776223776223776,0.3776223776223776,0.006111230537726868,0.0016420361247947454,0.5618696412759433,0.5086495329568842,0.4599637197887211,0.5182683158896289,0.1804597225098364,0.38921628307580725,0.0
0.3942307692307692,0.0892066734763364,0.75,0.06465899025686449,0.34253759408179774,0.3790899375205525,0.4064406370170529,0.0018758091975818372,0.0,0.0,0.40509085823318447,0.08564610941564425,0.011458721416128805,0.010041460208312265,0.00011728204198697104,0.10590869661697364,0.27144831177153844,0.22834221336478625,0.0,0.022254778847495462,0.22766395312294077,0.0,0.0,0.001629835093082818,0.0,0.2311473566953838,0.0,0.014357867296647795,0.0172441546943539,0.0012255287056531438,0.01340439276485788,0.0,0.045218389415815866,0.27144831177153844,0.023262150815436783,0.0,0.00016193840268008058,0.0,0.0,0.0,0.058644761388939044,0.0023685918234912394,0.056274935255826976,9.490624618680261e-05,0.05644821568273455,0.006485472129998144,0.056942636900590655,0.014579839282223298,0.06265567728478565,0.0,0.6928576102604372,0.0039444694510909475,0.007233796296296296,0.000985518071289265,0.009848262996344863,0.05551753291195298,0.4544571869261029,0.4911115915814564,0.43275066343602164,0.15547370612030662,0.48437913688112255,0.31462745037555717,0.32132889803512527,0.2915694709299747,0.4965193629412902,0.48940569600278594,0.48940569600278594,0.3304195804195804,0.3304195804195804,0.0,0.00014632005072428425,0.47978532708463817,0.5256266821468151,0.5228351918049405,0.5167825514162336,0.17225098364050528,0.38148402388322605,0.0
0.46153846153846156,0.7916241062308478,0.5,0.02155299675228816,0.5224482646705785,0.5405242929957251,0.06971149006422517,0.0018758091975818372,0.021394578057278832,0.0020117762512266925,0.09268638674938312,0.015238719455994101,0.006877246684724054,0.026726665992516937,0.0020577667366804917,0.0504629723023542,0.21787759842992752,0.15310936673852035,0.00019030829944510107,0.022254778847495462,0.15283705558540567,0.014449376624164534,0.005158509118209779,0.005142585262646406,0.000995306087341181,0.17687095686298557,4.592106169494639e-05,0.008991487108468088,0.010020523964747072,0.002513905037237218,0.02031855620155039,0.0042274678111587985,0.044825711351416664,0.21787759842992752,0.07030114645567576,8.470538408597597e-05,0.0,0.0,0.007451314226860464,0.0,0.11825239212854305,0.0,0.11788938995490404,9.490624618680261e-05,0.11825239212854305,0.006217392200936218,0.11837020722795075,0.0,0.029586278123164778,0.06160588408869848,0.6959494830519566,0.02608324844234915,0.026854077635327635,0.017936428897464624,0.015282161411728978,0.12697773662385764,0.4491086735797867,0.4784869402886689,0.4133783316026306,0.1566411163699876,0.48437913688112255,0.30512670234588274,0.32132889803512527,0.2817863319881148,0.48407077203345383,0.4771354569099674,0.4771354569099674,0.3304195804195804,0.3304195804195804,0.0,0.00014632005072428425,0.46932704144439885,0.5395957570320333,0.5192872005548738,0.5171119080728976,0.17289708014081592,0.38228056314678344,0.0
0.9134615384615384,0.028941096356826693,0.0,0.008168487353606929,0.49259967132546506,0.5051689411377837,0.12784634278926493,0.00425115454017188,0.0,0.0,0.13094774277979243,0.009216967412899658,0.002315910303787017,0.001516836889473152,0.0021110767557654788,0.014867563696516109,0.15200064084591663,0.12886891446699475,0.0,0.022254778847495462,0.128486126458572,0.0,0.0,0.0,0.0,0.12952345913685093,0.0,0.006863264225489797,0.007183387661475311,0.0008484429500675612,0.01126453488372093,0.0,0.025232082804728245,0.15200064084591663,0.1356874697238818,0.0,0.0,0.0,0.0,0.0,0.12508274658482277,0.0,0.12469877711006008,9.490624618680261e-05,0.12508274658482277,0.005588435444290929,0.12457703473821204,0.09135807550237167,0.029586278123164778,0.020753871542387513,0.6959822012825546,0.003162682713036886,0.007233796296296296,0.013257811527449271,0.0024403735398431654,0.1250754861306816,0.4535972081204192,0.4911115915814564,0.4318564670589592,0.15550085519588058,0.48437913688112255,0.31393340222403876,0.32132889803512527,0.2908066876579893,0.4961384526208286,0.48903024301058884,0.48903024301058884,0.3304195804195804,0.3304195804195804,0.0,0.00014632005072428425,0.4829816642550159,0.5213362182700934,0.5237688737128527,0.5164458757227548,0.17232553323669497,0.38125089044023364,0.0
0.6442307692307693,0.39291794347974124,0.25,0.0,0.4920432943697743,0.5012023183163433,0.0,0.0024976807250410332,0.9488187303475821,0.0027723258096172716,0.0017482342833737925,0.030047313766052883,0.0,4.0448983719284053e-05,0.007090232538303249,0.0,0.0,0.11101395046162607,0.0003105030148841123,0.022254778847495462,0.0,0.0,0.0,0.0,0.022363667641493203,0.0,0.2279980713154088,0.0,0.0,0.3787512176727524,0.12152777777777778,0.00851931330472103,0.6924827322338348,0.0,0.0,0.0,0.0,0.0,0.0,1.0,0.0014242442478586187,0.0,0.0014198722115009647,9.490624618680261e-05,0.0014242442478586187,0.08067143711463509,0.07405145660226249,0.0,0.029586278123164778,0.0,0.6959494830519566,0.011252990926535736,0.008235398860398861,0.0011722478111124942,0.005694204926300719,0.01564072627722533,0.4859213147134051,0.4911115915814564,0.4654667128187377,0.16301209943801415,0.48564336775218425,0.31500532103582835,0.3200603275730837,0.29690008426094283,0.5245079908360706,0.5169933289077038,0.5169933289077038,0.3304195804195804,0.3304195804195804,0.0,0.00014632005072428425,0.5974180938600091,0.18313367460024274,0.8982446780131248,0.7162409426919416,0.26155311658728514,0.6277830304757218,0.0
0.6153846153846154,0.7841334695267279,0.0,0.027433323491782305,0.5226182687403729,0.543160144689247,0.0,0.006748835265212914,0.0021033398487294978,0.0,0.008501413572291986,0.005161501751223809,0.013845115946552819,0.0027303064010516737,0.003369193206171168,0.02482298117851163,0.113179396803781,0.04769797047220075,0.00019030829944510107,0.02299228607307301,0.04849910280714916,0.007553313042862776,0.0,0.004464330907139893,0.0,0.06103156840502397,0.0,0.01170013441407682,0.02354219485693589,0.004881165613968932,0.014302729328165373,0.00038626609442060086,0.05367607080287562,0.113179396803781,0.0006458905215565962,0.0,0.00013157495217756547,0.0,0.0,9.644364074743822e-05,0.07350905698982968,3.244646333549643e-05,0.07325340719335259,0.004609731957644698,0.07681892038274056,0.005959623038376673,0.0767744518970868,0.03906820730741133,0.03944837083088638,0.0019016185615457755,0.6950906294987568,0.013776029944801118,0.007678952991452992,0.002541599236482842,0.015846158852048285,0.07673416804219171,0.45375255913047824,0.4911115915814564,0.4320179993077189,0.15554610365517058,0.48437913688112255,0.31465829696006914,0.3214980407633975,0.29178234068029624,0.49568025614838945,0.48857861115040974,0.48857861115040974,0.3304195804195804,0.3304195804195804,0.001146495511265342,0.0004389601521728528,0.47800358508088037,0.5124650377328618,0.5353732059969055,0.5133206470028544,0.17906813004762892,0.3837441230944579,0.0
0.8173076923076923,0.09499489274770173,1.0,0.0,0.4920432943697743,0.5012023183163433,0.0,0.0018758091975818372,0.0,0.2415358194308145,0.0017482342833737925,0.640988878192655,0.0,4.0448983719284053e-05,0.0,0.0,0.0,0.0,0.0,0.022254778847495462,0.0,0.0,0.0,0.0,0.0,0.0,0.0,0.00957191153109853,0.0,0.40793346531334773,3.0281007751937984e-05,1.0,0.0,0.0,0.0,0.0,0.0,0.46443711728685827,0.0,0.0,0.0002708070048745261,0.0,0.0002699757021868032,9.490624618680261e-05,0.0002708070048745261,0.005588435444290929,0.0,0.0,0.10188129037484053,0.0,0.6959494830519566,0.0014806567008599654,0.007233796296296296,0.0,0.0,0.0,0.45350288786431203,0.4911115915814564,0.4317583939079266,0.15547370612030662,1.0,0.41071456113021887,0.32132889803512527,0.2915694709299747,0.4955698473598499,0.48846978419614967,0.48846978419614967,0.3881118881118881,0.3881118881118881,0.0,0.09541693085564715,0.4782951428633134,0.5260963639242175,0.5237688737128527,0.4749030227622044,0.5412714847794575,0.6329313940084705,0.0
0.028846153846153848,0.045284303711270006,0.75,0.012129711642554867,0.5039281243399463,0.5182505754685959,0.004721254706154745,0.0018758091975818372,0.0,0.002146712463199215,0.00818173644618935,0.006707904061610306,0.011327822138088669,0.019516634644554557,0.0008316362977257946,0.03817756349478526,0.07757239556214203,0.02019359824297393,0.0002403894308780224,0.022254778847495462,0.0203769223750773,0.0008999261858297016,0.0,0.009657532166465888,0.0077535572976825335,0.03764907870129074,0.0,0.010875320760865137,0.021077306933880637,0.002472006619949932,0.006772852067183462,0.0007618025751072961,0.04090899937574257,0.07757239556214203,0.009839738414338769,0.0002011752872041929,0.0007692074127303827,0.0,0.0,0.0,0.11551423241258953,0.00881462253947653,0.10702036816686498,0.009273696055967569,0.11414013761007803,0.007361887282700596,0.11537691460606668,0.055664735721120705,0.05775500698649278,0.01077583851542606,0.6942808532914541,0.013195612518064012,0.010628116096866098,0.0035893605543798495,0.0090022668358659,0.11518177060268127,0.45394674789305195,0.4911115915814564,0.43221991461866843,0.15562755088189248,0.48437913688112255,0.31462745037555717,0.32132889803512527,0.2917202536697858,0.49591763504374947,0.48881258910206876,0.48881258910206876,0.3321678321678322,0.3321678321678322,0.0,0.00014632005072428425,0.48067079886832387,0.5253311520396854,0.5220242223763538,0.5164531947595695,0.17315386208324704,0.38189848333743476,0.0
0.9807692307692307,0.658835546475996,0.0,0.018600531443755536,0.5290629684771241,0.5458936205195659,0.010227707423141195,0.007034284490931889,0.002815076060168267,0.0,0.01960020379416789,0.02741535751592487,0.022987927058894603,0.017615532409748204,0.010864581889520317,0.07783784874220816,0.18227059718828856,0.046142270305445966,0.00030048678859752797,0.02249397038011521,0.04655265052057461,0.00411539278238976,0.0,0.00900964740896713,0.0,0.06018333997608609,0.0,0.0,0.07581794035977303,0.019137102095968323,0.029867167312661497,0.0007403433476394849,0.12398558166696873,0.18227059718828856,0.054133699337962214,0.0,0.00012145380201006042,0.0,4.203844415718174e-05,0.003315250150693189,0.42997131451726145,0.0,0.4286514213720765,9.490624618680261e-05,0.42997131451726145,0.008104262470872084,0.43134447892681954,0.0,0.029586278123164778,0.4061267089977159,0.6959494830519566,0.02699533297007889,0.015469195156695158,0.004035437155068675,0.02324320220392846,0.4286303796449133,0.45627701304393664,0.4911115915814564,0.4346428983500634,0.15719314757332514,0.48437913688112255,0.3145734688526613,0.3213148028077693,0.2931748636303162,0.49733086753705597,0.4902055741165972,0.4902055741165972,0.3339160839160839,0.3339160839160839,0.001545721626795238,0.0005365068526557088,0.4834945899833704,0.5244920576283709,0.5218108093688311,0.518831881724365,0.18056740525988818,0.3897991166832882,0.0
0.3173076923076923,0.3575076608784474,0.25,0.0003075484696388151,0.4919608681541164,0.5012485613285104,2.01332823290181e-05,0.0018758091975818372,0.0,0.0,0.0017682141037552073,0.0,1.0069175233856595e-05,4.0448983719284053e-05,0.0,1.008654253494987e-05,0.00011014539191733089,0.0,0.0,0.022254778847495462,0.0,7.078071124503271e-05,0.0,0.0,0.0,7.153733738030271e-05,0.0,0.0,0.0,0.0007960699284584524,4.037467700258398e-05,3.2188841201716734e-05,4.027467327171309e-05,0.00011014539191733089,0.0,0.0,0.0,0.0,0.0,0.0,0.0002708070048745261,0.0,0.0002699757021868032,9.490624618680261e-05,0.0002708070048745261,0.0056193677437980745,3.003303633997397e-05,0.0,0.029586278123164778,0.0,0.6959494830519566,0.0014806567008599654,0.007233796296296296,0.0,3.253831386457554e-05,3.0194452272635774e-05,0.45350288786431203,0.4911115915814564,0.4317583939079266,0.15547370612030662,0.48437913688112255,0.31462745037555717,0.32132889803512527,0.2915694709299747,0.4955698473598499,0.48846978419614967,0.48846978419614967,0.3304195804195804,0.3304195804195804,0.0,0.00014632005072428425,0.47832213895427944,0.5260594226608264,0.5237795443632289,0.5166947229744565,0.17201076827500517,0.3812185107953736,0.0
0.21153846153846154,0.47497446373850866,0.75,0.04564019289440016,0.4920432943697743,0.5012023183163433,0.09159636795586784,0.0049953614500820665,0.0,0.01670755642787046,0.10931958721691093,0.2927513671834996,0.041323895159747465,0.10438871473354233,0.05412033137507863,0.4850214843355995,0.0,0.13126855655427663,0.051162883871872435,0.024467300524228106,0.1849129672245821,0.6564809852675005,0.0,0.1232803215128109,0.0019291735273156225,0.9759634546402183,0.1906298073611462,0.0023726121135595295,0.35896816773310797,0.06125548607401355,0.06185400516795866,0.036813304721030046,0.6831289393664794,0.0,0.16602414015824318,0.011869341945047383,0.038470491786686635,0.0015230020411367562,0.6259209046673183,0.030427968655816755,0.8932920101903673,0.0002920181700194679,0.890279874811267,9.490624618680261e-05,0.8930212031854928,0.02318891386385664,0.9081489638602462,0.0026443321775098004,0.029586278123164778,0.0,0.6959494830519566,0.5296249792708062,0.02952501780626781,0.041454002240756876,0.2317161791342639,0.7267603365674947,0.5561899055132964,0.4975663005131072,0.5455924772124149,0.19531949937104642,0.48437913688112255,0.31781236022641396,0.32132889803512527,0.33428533416116013,0.5779127218526595,0.5696329266832809,0.5696329266832809,0.34440559440559443,0.34440559440559443,0.021875543817625322,0.006275504397730413,0.5150044273589185,0.432561085017679,0.5717227765032278,0.5023567298543511,0.23197349347691035,0.41541141576759194,0.0
0.028846153846153848,0.7548518896833504,0.25,0.006815274087196142,0.48717499600748015,0.49918817823084516,0.007610380720368842,0.0019063930431945846,0.0,0.0,0.009330576118120697,0.0006759109436126416,0.0021447343248114548,0.0004449388209121246,0.0,0.0032075205261140587,0.0068690671686626355,0.001830235490299752,0.0,0.022503936693974366,0.002088381099137276,7.078071124503271e-05,0.0,0.0,0.00012287729473347915,0.002278975176543929,0.0,0.0004785955765549265,0.0024246448549237395,0.0008693921587112046,0.0013929263565891474,0.00033261802575107295,0.0046617934312007895,0.0068690671686626355,0.000272485063781689,0.0,0.0,0.0,0.0,0.0,0.013279573127921206,0.001016655851178888,0.012298893099621032,9.490624618680261e-05,0.012336763555395076,0.0056193677437980745,0.012063269596556212,0.007665476545699617,0.029586278123164778,0.0012240303384662464,0.695908585263709,0.0036838738717395944,0.007233796296296296,9.336486991161458e-05,0.0012473020314753955,0.011695317846934257,0.45374146262975973,0.4895611958086579,0.4303103726779739,0.15547370612030662,0.48437913688112255,0.3146428736678131,0.32132889803512527,0.2915872100758348,0.4941731761848243,0.48984100381982604,0.48984100381982604,0.33916083916083917,0.3304195804195804,0.0,0.00014632005072428425,0.4807625855776084,0.5258219431104544,0.5216134023368725,0.5166947229744565,0.17206875129426383,0.3812638422981777,0.0
0.5384615384615384,0.5124276472591079,1.0,0.012301938785552604,0.5004198585360073,0.514695001644196,0.0,0.0018758091975818372,0.0,7.360157016683021e-05,0.0018081737445180368,3.0723224709665525e-05,0.00030207525701569785,6.067347557892608e-05,0.0,0.00035302898872324544,0.026705250931229225,0.005805913694228657,0.0,0.022254778847495462,0.005788667998094099,0.006602829206143765,0.0017921580974062142,0.00016197118937468999,0.00014745275368017498,0.013551215623754484,0.0,0.0,0.0,0.00114173187107857,0.013222706718346253,0.0,0.013502084214341813,0.026705250931229225,0.006388260939770709,0.0,1.0121150167505037e-05,0.0,0.0,0.0,0.001584722472969449,0.0,0.0015798578127968483,9.490624618680261e-05,0.001584722472969449,0.00559874621079331,0.0013214535989588547,0.0,0.029586278123164778,0.0004043671653861706,0.6959494830519566,0.001753097533818199,0.007244925213675214,0.0004045811029503299,0.00033622924326728057,0.0013184910825717623,0.45350843611467123,0.4911115915814564,0.43176416291681086,0.15547370612030662,0.48437913688112255,0.3145966037910452,0.32132889803512527,0.29153399263825447,0.4955974495569847,0.48849699093471466,0.48849699093471466,0.3304195804195804,0.3304195804195804,0.0,0.00014632005072428425,0.4780683756991988,0.5264710538814713,0.5237421970869125,0.5168630608211959,0.1720936011596604,0.38143221645145,0.0
0.9711538461538461,0.6642832822608103,0.25,0.0012670996949119182,0.5275483867644104,0.5371434149950675,0.0013287966337151946,0.0018860038127860863,0.00834962182374437,0.0,0.01092896174863388,0.014654978186510455,0.030902298792705892,0.005420163818384063,0.008582913072682882,0.05887514877650239,0.13769175311411064,0.017285557408386547,0.0,0.022254778847495462,0.01723421295404548,0.0041861734936347915,0.0,0.0,0.002629574107296454,0.02379127448876353,0.0,0.002077308459940532,0.04378445812708761,0.05095895002566277,0.02079295865633075,0.00020386266094420602,0.11501439819569464,0.13769175311411064,0.018034474406588084,0.0,0.0,0.0,0.0,0.0,0.0002708070048745261,0.0,0.0002699757021868032,0.007728080046639641,0.0002708070048745261,0.008877569958550718,0.0,0.0,0.029586278123164778,0.0,0.6963175631461852,0.029956646371798817,0.01112891737891738,0.0019295406448400349,0.034208613976290415,0.0,0.4668575264790249,0.4911115915814564,0.44564439829237334,0.16275870806599038,0.48437913688112255,0.3145734688526613,0.32132889803512527,0.2986562597010954,0.5044467139584311,0.4972194713186562,0.4972194713186562,0.6031468531468531,0.6031468531468531,0.00015354850597303687,0.00014632005072428425,0.48215018465326226,0.5231780041163122,0.5215547137598037,0.5148356876235087,0.2023441706357424,0.40328847673198726,0.0
0.5384615384615384,0.1487912836227443,0.25,0.008205393169963587,0.4977822196349549,0.5103532966129563,0.003231391813807405,0.003731229164755176,0.0,0.0,0.0067731591092996075,0.0028367777481924502,0.0014096845327399232,0.0031954697138234403,0.0013753984923926604,0.00865425349498699,0.03146152921856851,0.019939398869321185,0.0,0.02299228607307301,0.02063036668322503,0.0,0.0,9.110879402326311e-05,0.0009338674399744414,0.02166559360660596,0.0,0.0,0.005493178799951708,0.0025034304329153963,0.0014736757105943152,0.0018025751072961373,0.010290179020922694,0.03146152921856851,0.005187308251251413,0.0001588225951612049,7.084805117253525e-05,0.0,0.0,0.0,0.017020721750817435,0.0016223231667748216,0.015478606925376717,0.0001355803516954323,0.015546328057611683,0.005980244571381436,0.01562718990889979,0.001872639907808497,0.029586278123164778,0.001857903192314838,0.6959494830519566,0.007580962308403023,0.0088363603988604,0.0014730901697165857,0.0030043709801624748,0.01438262409919884,0.45423525691173294,0.4911115915814564,0.43251990308065075,0.1556999484167564,0.48437913688112255,0.31468143189845305,0.3213148028077693,0.29183555811787665,0.49612741174197467,0.4890193603151628,0.4890193603151628,0.3339160839160839,0.3339160839160839,0.0,0.00014632005072428425,0.4806384035591647,0.5248245289988918,0.5229312276583257,0.5169582082997877,0.17306274591012633,0.3822740872178114,0.0
0.4326923076923077,0.17534899557371467,0.25,0.011576124397205,0.5078794310530464,0.5218318398553108,0.009553242465119089,0.00299721687004924,0.0,0.0,0.012327549175332913,0.04092333531327448,0.006665794004813066,0.0011325715441399535,0.011898796259769062,0.05931895664804019,0.10970481034966156,0.013604750477894823,0.0,0.02310191552552373,0.014426050019768656,7.078071124503271e-05,0.0,0.00020246398671836248,4.9150917893391654e-05,0.014859326935851448,0.0,0.05046637611502587,0.02319006801078514,0.014863463532665053,0.0003229974160206718,0.009313304721030043,0.09567248635695443,0.10970481034966156,0.0003431293395769417,0.0,0.0019432608321609667,0.0,0.0,0.0,0.2179193998114381,0.0,0.21725044745972863,0.0008270401453421371,0.21846101382118716,0.006836038191079125,0.21899088997897687,0.10506333021226683,0.096393349668901,0.01666648451929487,0.6951315272870043,0.0043353628201179785,0.013187767094017094,0.0022822523756172454,0.016746385535634876,0.20908651717057855,0.4596170597602046,0.4911115915814564,0.4381158416983962,0.15841485597415408,0.48437913688112255,0.31468143189845305,0.32132889803512527,0.29450529956982574,0.49982058571862326,0.4926596219351609,0.4926596219351609,0.34440559440559443,0.34440559440559443,0.0015252484926654996,0.0005365068526557088,0.4782951428633134,0.5260963639242175,0.5237688737128527,0.5166947229744565,0.17200248498653967,0.3812120348664016,0.0
0.5576923076923077,0.7262512768130746,0.5,0.013163074500541284,0.49285210161091736,0.5075067823084511,0.0,0.0018758091975818372,0.0,0.0,0.0017482342833737925,0.0,0.0004430437102896902,0.00019213267266659926,0.00018125406488895526,0.00077666377519114,0.013057235550927224,0.012110058160816691,0.0,0.022254778847495462,0.012074086840157745,0.0,0.0,2.0246398671836248e-05,0.0,0.012192006213528733,0.0,0.0,0.0007344359934001368,0.0009950874105730655,0.0002119670542635659,0.0,0.0011176221832900383,0.013057235550927224,0.0,0.0,0.0,0.0,0.0,0.0,0.004142344185673307,0.0,0.00412962833344999,0.003742017706793931,0.0068403843453491405,0.005588435444290929,0.006557212934227651,0.0,0.029586278123164778,0.0025464202577021016,0.6959494830519566,0.001836014309066357,0.007233796296296296,0.0,0.0003687675571318561,0.0029892507749909422,0.45548916149292323,0.4911115915814564,0.4338236990884966,0.15562755088189248,0.48437913688112255,0.31462745037555717,0.32132889803512527,0.2917202536697858,0.4974523172044495,0.4903252837662832,0.4903252837662832,0.3356643356643357,0.3304195804195804,0.0,0.00014632005072428425,0.5067760188324731,0.03965380758879095,0.9977698340713865,0.5309009734318964,0.17238351625595363,0.39407970573378753,0.0
0.21153846153846154,0.39427987742594484,0.5,0.012363448479480368,0.5027896122361717,0.5170842239394936,0.04787694537840504,0.002232620729730556,0.023774114047760687,0.0,0.07197730292404671,0.0,0.0,0.0004044898371928405,0.0,0.0003631155312581953,0.10170424960948451,0.016665310936673852,0.0,0.040303773246427074,0.03498545229671232,0.055532523736817094,0.0,0.00738993551522023,0.0,0.09885438063995258,0.0,0.0,0.0009758944021892228,0.002482481224271753,0.0022912629198966407,1.072961373390558e-05,0.004873235465877283,0.10170424960948451,0.0,0.0,0.0,0.0,0.0,0.0,0.008996810495275922,0.0,0.00896919277265046,9.490624618680261e-05,0.008996810495275922,0.005763718474831419,0.008879767744518971,0.0,0.029586278123164778,0.002207626146162337,0.6959494830519566,0.0018241690554594773,0.010772792022792023,0.001130752313373999,0.000845996160478964,0.0074077056242199775,0.4543406736685586,0.4911115915814564,0.4326295142494519,0.15576329625976237,0.48437913688112255,0.31474312506747687,0.32132889803512527,0.2919863408576877,0.4961439730602556,0.4890356843583018,0.4890356843583018,0.3304195804195804,0.3304195804195804,0.0,0.00014632005072428425,0.4757791071852796,0.5260172040740936,0.5271247932561489,0.5177852594598551,0.17211016773659144,0.3822611353598674,0.0
0.47115384615384615,0.11167858358869595,0.25,0.08877079027654758,0.4920432943697743,0.5012023183163433,0.04270269181984739,0.41103669042012003,0.6917757287328972,0.25079735034347395,0.0017482342833737925,0.0,0.0,0.3717767216098696,0.06978281498224777,0.0,0.0,0.18699922723390408,0.010006210060297683,0.026749586397974843,0.20114354071836255,0.23848043924487092,0.0,0.2617859348268427,0.7366125187387874,0.0,0.0,0.03010060689992261,0.0,0.8857220668489247,0.5296451065891473,0.025182403433476393,0.0,0.0,0.27551267560148557,0.018868124305151144,0.01634565752052063,0.0,0.021565721852634234,0.07793851717902352,0.0002708070048745261,0.017477828250054075,0.0002699757021868032,0.003511531108911696,0.0002708070048745261,0.011011898624543747,0.0,0.0,0.029586278123164778,0.5569665905290653,0.6960885355319985,0.20409371964653764,0.15794159544159544,0.01671231171417901,0.13048948470156943,0.0,0.634836354355654,0.4911115915814564,0.6203069112726434,0.21439624980769406,0.5184471803018269,0.3837777812051761,0.32132889803512527,0.38320102887045987,0.6189627094316708,0.6100947882771605,0.6100947882771605,0.38461538461538464,0.38461538461538464,0.051704900244653955,0.013477702450047958,0.389585987948945,0.45319014195999785,0.6317985381208985,0.443526311937349,0.9546158624974115,0.928324418137782,0.0
0.7788461538461539,0.08137555328566565,1.0,0.015377423481940754,0.5116658853348307,0.5271960292666885,0.0,0.0040472622360868985,0.0,0.00026987242394504416,0.004095863178190028,0.0,0.0,8.089796743856811e-05,0.00020257807252294996,0.00023199047830384703,0.05324027716585894,0.009334201000528734,0.0,0.022254778847495462,0.009306474995184558,0.00450974245932637,0.0,0.0053146796513570144,0.0,0.019304861473055972,0.0,0.0040527880738055475,5.0303835164392934e-05,0.013795053891839234,0.017381298449612406,0.0006866952789699571,0.03451539499385812,0.05324027716585894,0.0028560471500080737,0.0,0.0,0.0,0.0,0.0,0.00461374897193637,0.0003677265844689596,0.004259616634502895,0.0016540802906842738,0.0054361998756293755,0.008784773060029283,0.008259084993492842,0.003158793690644003,0.029586278123164778,0.0,0.6970782620075907,0.0019189310843145152,0.007556534900284901,0.0006950495871197975,0.002852525515461122,0.00846451145376223,0.4534085676082048,0.4911115915814564,0.4316603207568939,0.15547370612030662,0.48437913688112255,0.3145349106220214,0.32132889803512527,0.29146303605481394,0.495542245162715,0.48839904667588063,0.48839904667588063,0.3304195804195804,0.3304195804195804,0.0,0.00014632005072428425,0.4804278340496297,0.5265396590849121,0.5214906898575468,0.5170826319256385,0.18185131497204393,0.3892551386496393,0.0
0.2980769230769231,0.2832822608103507,0.5,0.038997145950201755,0.6302205416432697,0.6553045873068071,0.0,0.0018758091975818372,0.0,0.0005888125613346417,0.002227749972527747,0.1479732912766524,0.12506922557973277,0.0017393062999292142,0.006908978473414294,0.2792560166226221,0.5780330035647054,0.013340383129295969,0.0,0.022254778847495462,0.013310895063918656,0.0001921190733793745,0.001646847981400305,0.015255661399228612,0.0,0.02970843425207714,0.0061534222671228165,0.14607347969532808,0.3829530363394905,0.014276885690643035,0.005480862403100775,0.0005042918454935622,0.5519643971888278,0.5780330035647054,0.0005651542063620217,0.0,5.060575083752518e-05,0.0,2.101922207859087e-05,0.02684749849306811,0.7306172393733324,0.0,0.728374446299833,0.0016676383258538172,0.7317807065053861,0.020683397603777867,0.7447892681950146,0.7082900328226446,0.03241125129098236,0.00038250948077070196,0.7035810103389609,0.0052119115870270785,0.01851851851851852,0.0012448649321548612,0.0071584290502066175,0.7266093643061314,0.46573123165609726,0.4911115915814564,0.4444732894888658,0.15891258902634367,0.48629864972200154,0.31455033391427734,0.32137118371719336,0.29230564548316995,0.507278699384471,0.500010882695426,0.500010882695426,0.3321678321678322,0.3321678321678322,0.003244991759563513,0.0010242403550699897,0.46782065956849456,0.5311203757454219,0.53085418556261,0.5191831954914733,0.17832263408573204,0.38835498452252976,0.0
0.21153846153846154,0.21927136533878108,0.5,0.007282747761047141,0.4970506869709911,0.509243464320947,0.00043286557007388913,0.0028850761028024995,0.00015934392793405286,0.0001226692836113837,0.003426539195412633,0.008991663765028777,0.002205149376214594,0.0017291940539993934,0.0,0.012749389764176637,0.02999959947130212,0.0044230691015577335,0.0,0.022254778847495462,0.004663375269918188,0.0015268410568571342,0.0,0.0040492797343672495,0.0003071932368336979,0.010597745551910558,0.0,0.005417294611217466,0.008420862006519376,0.002671024102064544,0.00012112403100775194,0.004302575107296137,0.019734589903139414,0.02999959947130212,0.0026037461650250285,0.0,2.0242300335010073e-05,0.0,0.0,0.0035563592525617842,0.05897574772823013,0.0,0.05879470847623714,9.490624618680261e-05,0.05897574772823013,0.005763718474831419,0.05876464110521574,0.0,0.029586278123164778,0.055671522715598734,0.6964157178379794,0.004880244486034446,0.008591524216524217,0.0010788829412008798,0.0014208397054197984,0.05833568179073232,0.4539134583908965,0.4911115915814564,0.43218530056536286,0.1556094514981765,0.48437913688112255,0.31468143189845305,0.32132889803512527,0.2917734711073662,0.49585691021005274,0.48875273427722576,0.48875273427722576,0.3321678321678322,0.3321678321678322,0.0,0.00014632005072428425,0.4765080016413624,0.5287614122117261,0.5229739102598303,0.5168776988948254,0.17329467798716092,0.38237770208136357,0.0
0.3076923076923077,0.9451821586653048,0.25,0.04068251156382246,0.4920432943697743,0.5012023183163433,0.0,0.0018758091975818372,0.02035353106144302,0.09120461236506378,0.09516388447667856,0.18207607070438112,0.0,0.6188188896753969,0.18573210649209412,0.0,0.0,0.15588522389880832,0.01065726476892566,0.026271203332735353,0.17029429953062114,0.2488144230866457,0.06333099222590878,0.10912808884119736,0.1272763018849377,0.6658899755751091,0.25409271462356214,0.767555293063419,0.0,0.21591301888571157,0.19902697028423771,0.7905364806866952,0.0,0.0,0.0,0.0027741013288157127,0.0053844518891126795,0.000628042078819281,0.1282172546794043,0.011778179626280891,0.0002708070048745261,0.035961496863508545,0.0002699757021868032,0.012351370039453882,0.0002708070048745261,0.11984203905718352,0.0,0.0,0.029586278123164778,0.0,0.6799748069624395,0.6553031200398001,0.03605769230769231,0.02963815925972032,0.4521307172528986,0.0,0.6522966982362113,0.4115087882127733,0.5513787931233414,0.21368132415091268,0.48437913688112255,0.30754815923006923,0.3218081357652299,0.34077786154596656,0.5794087609373707,0.5711075319135044,0.5711075319135044,0.33916083916083917,0.33916083916083917,0.05419238604141715,0.014111756003186524,0.3225061011165583,0.5947860045384981,0.5140639171957531,0.38746980897313915,0.48419962725201904,0.5109507958916707,0.0
0.22115384615384615,0.18454204971058905,0.25,0.027667060328707804,0.4920432943697743,0.5012023183163433,0.8361855483299442,0.02348839343058996,0.0,0.0013984298331697741,0.8538775836405231,0.22587714806546094,0.044193610101396594,0.26435433309738093,0.06578456355087375,0.5926146335559097,0.0,0.6278012770976532,0.1086660389831527,0.024018816400566086,0.785646941940978,0.0,0.0,0.14776834070639686,0.0,0.0,0.0,0.005549672111115637,0.35825385327377357,0.14141763294891535,0.12775557170542637,0.0,0.626623572766266,0.0,0.19840949459066687,0.0,0.03292410149489388,3.1402103940964046e-05,0.0,0.012320675105485233,0.8812862329742633,0.0,0.8785809277165054,9.490624618680261e-05,0.8812862329742633,0.05219310003505661,0.9245970567624388,0.0,0.029586278123164778,0.45458519579020995,0.7245533961523362,0.023714197720973204,0.1467125178062678,0.0439437321050666,0.055195826418941635,0.6927311888562342,0.5840587670678052,0.4911115915814564,0.5675089419637707,0.19610682256269177,0.48437913688112255,0.3260561099372272,0.3037521495221718,0.3334693334515943,0.5993927516630323,0.5908052106345699,0.5908052106345699,0.36013986013986016,0.36013986013986016,0.00690968276878666,0.0019184184428295047,0.6606915318661859,0.16258905483138952,0.7055860854719095,0.5092219863865914,0.29167943673638436,0.4681578572446218,0.0
0.2403846153846154,0.07184201566224038,0.5,0.09681625824229899,0.4920432943697743,0.5012023183163433,0.23619360164287584,0.002987022254844991,0.00912509560635676,0.02116045142296369,0.26304432523151616,0.12058865698543719,0.0,4.0448983719284053e-05,0.00461664765275986,0.0,0.0,0.11423719851954284,0.0010316713075181794,0.03575913412665191,0.12866860636043836,0.5523827820864131,0.0,0.5687922010872316,0.06702956427711287,0.0,0.0,0.0,0.4938729928769769,0.046894803548795945,0.8489482396640826,0.28756437768240345,0.0,0.0,0.5133013079283062,0.0,0.0049290001315749525,0.0,0.0008407688831436349,0.05229656419529838,0.9579346452428236,0.0,0.9549940505354517,0.1255202895996312,0.0002708070048745261,0.015125894458994081,0.0,0.0,0.029586278123164778,0.818209637053147,0.6920969113990316,0.06006728104048708,0.07853676994301995,0.010487987053404705,0.13660668770810963,1.0,0.4884624133779413,0.4911115915814564,0.46810891888773504,0.17544637605089547,0.48437913688112255,0.31250674769036196,0.32051137484847625,0.3081999201738436,0.5200033122636561,0.5125531891738946,0.5125531891738946,0.3356643356643357,0.3356643356643357,0.0,0.00014632005072428425,0.7422089281472044,0.4664520555174415,0.3211278877447581,0.513752470174925,0.25417270656450613,0.4428434508930306,0.0
0.6153846153846154,0.6659856996935649,0.25,0.006175573270347406,0.49748857624167364,0.5092074975337061,0.0021139946445469008,0.0034661691694446994,0.0,0.0,0.0053945515029819886,0.0036765458902566412,0.006565102252474499,8.089796743856811e-05,0.00046912816794788414,0.010681648544511913,0.02986942764449073,0.007686989059258957,0.0,0.022254778847495462,0.007664155878387283,0.0,0.0,0.0,0.0,0.007726032437072692,0.0,0.008502708647305608,0.010573866151555394,0.0013826477704804699,0.0024123869509043924,0.0005150214592274677,0.02242292434402626,0.02986942764449073,0.0010092039399321815,9.529355709672296e-05,0.0,0.0,0.0,0.0,0.030621251328960302,0.0003677265844689596,0.030187283144516994,9.490624618680261e-05,0.030280235100599788,0.005980244571381436,0.030333366703373714,0.014188848532241302,0.037352422996699136,0.0032895815346280365,0.6959658421672557,0.0024519674966241023,0.007734597578347579,0.0005186937217311921,0.0016052234839857265,0.02790973871733967,0.4549343364569983,0.4911115915814564,0.4332467982000692,0.15614338331779806,0.48437913688112255,0.3146428736678131,0.32132889803512527,0.29224355847265954,0.49657456733555994,0.489460109479916,0.489460109479916,0.3374125874125874,0.3374125874125874,0.0,0.00014632005072428425,0.47874867719154274,0.5259274895772863,0.52325134716961,0.5163580472809778,0.17285566369848832,0.38158116281780624,0.0
0.5576923076923077,0.46612189308818525,1.0,0.011170160417281763,0.49604611746766053,0.5098548997040447,0.00011073305280959955,0.003323444556585211,0.0,0.00019627085377821392,0.003426539195412633,0.0027650902238698974,0.0016211372126509118,0.000717969461017292,0.0001279440458039684,0.005144136692824434,0.02365121960988505,0.00607028104282751,0.0,0.022254778847495462,0.006052250078567735,0.0,0.0,0.001407124707692619,0.0,0.007521640044557542,0.0,0.006822532687059591,0.005915731015332609,0.0011207826624349264,0.0034015665374676997,2.145922746781116e-05,0.01637165468495137,0.02365121960988505,0.0016248183432908123,0.0,0.0,0.0,0.0,0.0,0.026619325590258973,0.0030932295046506597,0.023687868091871733,0.0001355803516954323,0.023790896872680586,0.0075887241457529946,0.025417959755731304,0.014898805420366503,0.029586278123164778,0.005540923050021311,0.6982970160973695,0.0021676814100589892,0.008012820512820514,0.0009025270758122743,0.0006941506957776115,0.025373404726438266,0.45360275637077846,0.4911115915814564,0.43186223606784346,0.15558230242260251,0.48437913688112255,0.31458118049878925,0.32132889803512527,0.2916315579404852,0.4956305721935466,0.4885296390209927,0.4885296390209927,0.3304195804195804,0.3304195804195804,0.0,0.00014632005072428425,0.4789916420102369,0.5252467148662198,0.5237688737128527,0.5164605137963844,0.17253261544833298,0.381419264593506,0.0
0.8557692307692307,0.5263874702076949,0.75,0.040744021257750215,0.7446641904457713,0.7701825057546859,0.386569087358312,0.08432985696954867,0.00028681907028129517,0.0007728164867517173,0.46706826105633314,0.4606742723716281,0.09183087813277215,0.11382344018606533,0.033094859847959825,0.6905146154001333,0.0,0.5559848700532801,0.0007211682926340672,0.040313739560286235,0.5734329538427226,0.0,0.0,0.06867578429486855,0.0,0.647392464052488,0.0009069409684751913,0.548236324385972,0.39227936737896896,0.012108642596025935,0.0593406815245478,0.04478540772532189,0.0,0.0,0.023332795091232036,0.00310233469214887,0.012479378156533709,0.0,0.0,0.013658830620855938,0.0002708070048745261,0.0,0.0002699757021868032,9.490624618680261e-05,0.0002708070048745261,0.0024745839605716286,0.0,0.5784193684470464,0.46150341224357544,0.16878504060064917,0.6853569558958251,0.09223898983677241,0.11515090811965813,0.030281339474666998,0.07670365188342607,0.0,0.5152049801095225,0.4911115915814564,0.4959155417099342,0.18526529171681708,0.48437913688112255,0.32080447892407116,0.3368759338088123,0.33766464144751435,0.5282729305252698,0.5207043280479708,0.5207043280479708,0.3618881118881119,0.3618881118881119,0.0067766073969433615,0.001983449576484742,0.5054370127205581,0.5092722571111932,0.5083177719682014,0.5089585010612603,0.18398840339614828,0.3837376471654859,0.0
0.028846153846153848,0.26421518556350015,0.0,0.06843568546402913,0.6772756075069676,0.7145316096678724,0.00402665646580362,0.016749752780581294,0.002698223846349962,0.05217124631992149,0.06535399246760772,0.14829076459865229,0.21007320290395012,0.021407624633431082,0.003785011355034065,0.3813923463315245,0.8581026955581368,0.43146784886322037,0.0002904705623109437,0.05886104965217564,0.4677162640281425,0.010323872311596914,0.0,0.015134183007197594,0.0006266742031407436,0.49773635425289475,0.012295364268821897,0.14174575373711865,0.1516157591854803,0.0030062114403628403,0.05957283591731266,0.008809012875536482,0.3724803157534385,0.8581026955581368,0.06768730825125141,0.10137116840489173,0.0180864953493315,0.0,0.0,0.011669680530440023,0.0002708070048745261,0.10164395414233182,0.0002699757021868032,0.06031969846929783,0.0002708070048745261,0.023137360031344728,0.0,0.44057455061786827,0.06660456450861668,0.0,0.6759831828294727,0.25416360664281823,0.0349002849002849,0.05566621021619154,0.42316077180880485,0.0,0.4794742477959576,0.4911115915814564,0.4587631244952117,0.17019755477325998,0.4869804077310034,0.31373289942471116,0.32132889803512527,0.30148565346578565,0.5152446934776008,0.5088530727290536,0.5088530727290536,0.34265734265734266,0.34265734265734266,0.0,0.00014632005072428425,0.522422953156383,0.46020898200432736,0.5467001013711785,0.5165922564590499,0.1738082418720232,0.38252664844771983,0.0
0.5961538461538461,0.8546135512427647,0.25,0.0009595512252731031,0.4929499827420111,0.5025073988819467,0.0,0.0018758091975818372,0.0,0.0,0.0017482342833737925,0.003174733219998771,0.0019332816449004662,9.101021336838912e-05,2.1324007633994736e-05,0.005134050150289484,0.007640084912083951,5.083987473054867e-05,0.0,0.022254778847495462,5.068886162954553e-05,0.0,2.4218352667651546e-05,0.0,0.00012287729473347915,0.00016351391401212047,0.0,0.0002240234613661358,0.0066904100768642605,0.001340749353193183,0.00010093669250645996,0.0,0.007521295233492418,0.007640084912083951,0.0,0.0,0.0,0.0,0.0,0.0,0.023179073639445547,0.0,0.023107920287174153,0.00017625445720406197,0.023239252973862107,0.005588435444290929,0.022925217739513466,0.0,0.029586278123164778,0.024152741500092896,0.6959494830519566,0.0016464902513562817,0.007712339743589744,1.0373874434623843e-05,0.00015184546470135252,0.022977978179475823,0.45354172561682676,0.4911115915814564,0.43179877697011654,0.1554918055040226,0.48437913688112255,0.31462745037555717,0.32132889803512527,0.2915872100758348,0.4955974495569847,0.48849699093471466,0.48849699093471466,0.3321678321678322,0.3321678321678322,0.0,0.00014632005072428425,0.477890201498823,0.5260963639242175,0.5238275622899216,0.5162189855814975,0.1729799130254711,0.3815552591019182,0.0
0.21153846153846154,0.20360912495743957,0.25,0.03625381360102352,0.6480761206101601,0.6719726241367971,0.0,0.003180719943725724,0.0017952749213903287,0.0059003925417075555,0.00952038441174414,0.02498822276386129,0.002456878757061009,0.010031347962382446,0.007793924790225074,0.04441104678138428,0.38468778788000163,0.0935148655793712,0.001352190548688876,0.03828061153301839,0.11090722924544562,0.1781348271433916,0.0,0.026613891054128744,0.0,0.3186988380292486,0.013787798773907654,0.0,0.027727473942613382,0.004493605254061527,0.0196624677002584,0.010482832618025751,0.07281660927525725,0.38468778788000163,0.027500807363151945,0.0004447032664513738,0.01256034735787375,3.1402103940964046e-05,1.0509611039295436e-05,0.017166968053044,0.16464062907464244,0.0,0.16413522782949536,9.490624618680261e-05,0.16464062907464244,0.014950611428453591,0.1731604765241766,0.0,0.029586278123164778,0.0005573709576944515,0.6959494830519566,0.11465020966098885,0.007968304843304843,0.00631768953068592,0.04611763685072506,0.1462619268086477,0.46884380010763604,0.4911115915814564,0.4477097034729433,0.1617632419616112,0.48534551231135825,0.31468143189845305,0.32156851690017757,0.2966606057918311,0.5076596097049325,0.500386335687623,0.500386335687623,0.3374125874125874,0.3374125874125874,0.0045245626426721535,0.001316880456518558,0.49757035181305753,0.5001741516702728,0.5313183588539722,0.5172729268828221,0.17341892731414374,0.38283101710940437,0.0
0.6153846153846154,0.057882192713653385,0.0,0.011502312764491684,0.4927542204798236,0.5067206511016114,0.005274919970202742,0.0024670968794282856,0.0,9.813542688910696e-05,0.007652271206081858,0.0036560637404501974,0.004078015969711921,0.0004044898371928405,0.0,0.008049060942889997,0.024662554572035086,0.009974783422133648,0.0,0.022254778847495462,0.009945154651716833,0.0010010414876083196,0.0,0.0,0.0,0.011037189195818132,0.0,0.006099547879923425,0.005090748118636564,0.001099833453791283,0.0025133236434108524,1.072961373390558e-05,0.01391489961537687,0.024662554572035086,0.00017156466978847086,0.0,0.0,0.0,0.0,0.0,0.022456921626446812,2.163097555699762e-05,0.022367986881180694,9.490624618680261e-05,0.022436861848307958,0.006238013733940981,0.022755030533586948,0.022430521972651225,0.029586278123164778,5.464421153867171e-05,0.6954914278235834,0.0018478595626732369,0.008079594017094018,0.0005394414706004399,0.0005097669172116834,0.023491283868110634,0.4531644445923978,0.4911115915814564,0.4314064843659859,0.15547370612030662,0.48437913688112255,0.3144809290991255,0.32132889803512527,0.2914009490443035,0.4953379889039168,0.4882412475922036,0.4882412475922036,0.3304195804195804,0.3304195804195804,0.0,0.00014632005072428425,0.47850031315465524,0.5242967966647316,0.5254868484234114,0.5168337846739369,0.1720936011596604,0.3814063127355619,0.0
0.34615384615384615,0.8042219952332312,0.25,0.013778171439818914,0.5056024068454972,0.5204805162775403,0.0018623286154341742,0.00483224760681408,0.0,4.906771344455348e-05,0.006523411354531923,0.001228928988386621,0.0008256723691762407,0.004631408635858024,0.00030919811069292363,0.006909281636440661,0.04921496375215284,0.016553463212266646,0.0,0.0223145767306504,0.016554982208209567,0.014328038262030192,0.0,0.0032293005881578814,0.0,0.03442989851917711,0.0,0.00544784326504012,0.0005634029538412009,0.0013826477704804699,0.007933624031007752,0.0012231759656652359,0.015566161219517108,0.04921496375215284,0.00011101243339253997,0.0,6.072690100503021e-05,0.0,0.0,0.0,0.02342982086618122,0.0,0.02335789778919897,0.0001355803516954323,0.023459910533389503,0.007135050419648197,0.02463710081089198,0.00047330459208346626,0.030183673882667423,0.008109200992338882,0.697225494045282,0.003672028618132714,0.007367343304843305,0.0016598199095398149,0.0010303799390448919,0.014654374169652564,0.45908442772571667,0.4911010446714374,0.43755047882773734,0.1586410982706039,0.48437913688112255,0.3143266961765659,0.3213429932624813,0.2943367776841545,0.49938999144331886,0.4922351968135467,0.4922351968135467,0.3409090909090909,0.3409090909090909,0.0,0.00014632005072428425,0.48274409865451484,0.5219483877777191,0.523710185135784,0.5168923369684549,0.17225098364050528,0.38158116281780624,0.0
0.49038461538461536,0.8338440585631597,0.5,0.017973132565692353,0.7478479030255573,0.7638420749753371,0.052990799089975636,0.03706762088264979,0.003930483555706637,0.0,0.0925165582761411,0.005857894844642894,0.43181657990394007,0.05591060774598038,0.04013178236717809,0.5320247725484659,0.0,0.21435107983893928,0.0003305354674572808,0.04364248838924435,0.23580458430064577,0.010849671880845728,0.0,0.02183574096757539,0.00047922144946056864,0.2711162890517215,0.024877735173237207,0.3265854751333958,0.45308664332568716,0.031759000303763524,0.04224200581395349,5.36480686695279e-05,0.8701242473670433,0.0,0.09811480704020668,0.0004552914394621208,0.009716304160804833,0.0,0.013284148353669431,0.013948161543098253,0.0002708070048745261,0.2559917802292883,0.0002699757021868032,0.024282440988651923,0.0002708070048745261,0.01943579485698967,0.0,0.0,0.04385289888823637,0.0,0.6951397068446539,0.0351685579588259,0.018885772792022793,0.02607992032864434,0.2383865334765019,0.0,0.5056786342426915,0.5209066123852364,0.5186108226606669,0.18366349625795245,0.48437913688112255,0.327020065703225,0.32132889803512527,0.33345159430573423,0.5526070275193905,0.5446897887668817,0.5446897887668817,0.45454545454545453,0.45454545454545453,0.026154428850740617,0.007202198052317546,0.5202362697881346,0.4977940788432107,0.511177506269007,0.5170313986679352,0.19611513770967073,0.40036135683663826,0.0
0.09615384615384616,0.2553626149131767,0.75,0.03763163074500541,0.4920432943697743,0.5012023183163433,0.12753427691316516,0.03197031328052522,0.0019015042066796975,0.004330225711481845,0.1631152535938702,0.0,0.05304441513195654,0.16086560825159266,0.093132603341472,0.30165822759274574,0.0,0.5041281978281206,4.006490514633707e-05,0.03291873467679244,0.5135187193965999,0.22860147426109995,0.0,0.004828766083232944,0.03255019537489862,0.7806563039723662,0.2032695795926802,0.35884485357011936,0.14605215501629842,0.06872387895547245,0.06110707364341085,9.656652360515021e-05,0.8055840834491231,0.0,0.4177095107379299,0.02973158981417756,0.004048460067002014,0.0011461767938451876,0.0,0.03521398432790838,0.0002708070048745261,0.16321652606532555,0.0002699757021868032,0.030424230920455007,0.0002708070048745261,0.05544099148330687,0.0,0.0,0.040936797553714994,0.0,0.6783388954325351,0.10196394304802066,0.023348468660968662,0.05024067388688327,0.28244341044913723,0.0,0.5831266610074514,0.4965854378813367,0.5725279796930887,0.19927421471298903,0.4891580619539317,0.31081018554220585,0.32146985030868547,0.3237926293848951,0.6102183333793371,0.601475693499766,0.601475693499766,0.3548951048951049,0.3548951048951049,0.025048879607734748,0.006909557950868978,0.5985519296805822,0.49064858303868275,0.49119671343968413,0.5858669399107077,0.2852019051563471,0.5309160849123807,0.0
0.5384615384615384,0.8764044943820225,1.0,0.00562198602499754,0.4969940189477263,0.5084881617888852,0.0,0.0018758091975818372,0.0,2.453385672227674e-05,0.0017682141037552073,0.0,0.0,0.0001516836889473152,0.00013860604962096578,0.00024207702083879688,0.014459085993511435,0.0,0.0,0.022254778847495462,0.0,0.00033368049586943995,2.4218352667651546e-05,0.013089296741342134,0.0,0.013561435243380241,0.0,0.0,0.0,0.0009636635976076004,0.00024224806201550387,0.0008583690987124464,0.0011780341931976078,0.014459085993511435,0.0,0.0,0.0,0.0,0.0,0.0,0.00035104611742994125,0.0,0.0003499685028347449,9.490624618680261e-05,0.00035104611742994125,0.006567958262017198,0.0010311342476724398,0.0,0.029586278123164778,0.0,0.6959494830519566,0.0022624434389140274,0.007233796296296296,0.0,0.00023861430167355395,0.0008857039333306495,0.45358611161970075,0.4911115915814564,0.43184492904119065,0.15551895457959658,0.48437913688112255,0.31462745037555717,0.32132889803512527,0.29161381879462506,0.49562505175411964,0.4885241976732797,0.4885241976732797,0.3304195804195804,0.3304195804195804,0.0,0.00014632005072428425,0.4778362093168909,0.5257111193202807,0.5237688737128527,0.5155309961209105,0.17346034375647132,0.38132212565892576,0.0
0.25,0.5127681307456589,0.25,0.015389725420726306,0.5203515478097809,0.5358640249917791,0.017838088143510036,0.0026913784139217666,0.0,0.00013493621197252208,0.02036942687885236,0.01707187186367081,0.013794770070383534,0.021923349175851956,0.005960060133701528,0.0581085715438462,0.14389994793126928,0.005439866596168706,3.00486788597528e-05,0.022254778847495462,0.005454121511339099,0.05296419507164019,0.0,0.0021056254618709697,6.143864736673958e-05,0.06119508231903609,0.0,0.03861349843183577,0.0193569157712584,0.006242864175805759,0.02077277131782946,0.0009871244635193132,0.08439557784087476,0.14389994793126928,0.008921362829000485,0.0,0.0,0.0,0.0,0.0012055455093429777,0.09982748590800586,0.0,0.09952104310612045,0.0002847187385604078,0.09996790435497784,0.006320499865960035,0.10022024226649315,0.0,0.029586278123164778,0.08603184664648474,0.6959494830519566,0.006976854374452156,0.008680555555555556,0.0009025270758122743,0.005574897775463942,0.09126776440275375,0.4587404362034433,0.4911115915814564,0.43720433829468097,0.1582972099800002,0.48437913688112255,0.31449635239138146,0.31965156597975924,0.29313938533859596,0.4998040244003423,0.4926432978920218,0.4926432978920218,0.3409090909090909,0.3409090909090909,0.001535485059730369,0.0005365068526557088,0.49196056411031686,0.518840044329516,0.5191218054740436,0.5187806484666617,0.1728473804100228,0.38371821937856987,0.0
0.8269230769230769,0.5590738849165815,0.5,0.03188662533215235,0.8651455595452133,0.8866429628411706,0.13651372083190724,0.027586628742698103,0.0026876009178210245,0.024950932286555445,0.18524290466628707,0.03932572762837187,0.009434817194123628,0.04680958640914147,0.009542493416212643,0.10385104193984386,0.0,0.28629967055761174,0.0,0.04144989934023002,0.3056842489431372,0.11830490308098324,0.0,0.3242663211281293,0.0,0.755076596049095,0.06573599981631575,0.09613661357989492,0.05635035615115296,0.048570740240287416,0.04394783591731266,0.0012231759656652359,0.3000060412009907,0.0,0.15115856612304215,0.044015035205675256,0.0007692074127303827,0.0,0.0,0.03105485232067511,0.5122966439991173,5.4077438892494055e-05,0.5106740393364597,9.490624618680261e-05,0.5122464945537702,0.01951828098900872,0.5245369906897588,0.3034294004465526,0.053836495818229683,0.06984623118873018,0.6995975657636436,0.03749022766577432,0.01839610042735043,0.021795510187144696,0.015694313387346934,0.4661318893675269,0.48725289479962497,0.4911115915814564,0.4668512749509634,0.16487633596076054,0.4892374900714853,0.3250690192328455,0.32132889803512527,0.3063373098585303,0.5199646691876674,0.5125150997399036,0.5125150997399036,0.36013986013986016,0.36013986013986016,0.006633295458035194,0.0019346762262433142,0.48959030732349956,0.4837089028444772,0.5605826175105373,0.5237209983166216,0.20184717332781116,0.41075522283671595,0.0
0.34615384615384615,0.0902281239359891,1.0,0.018735852770396615,0.5839845862976719,0.6007275567247616,0.0,0.006320661426634452,0.0,0.0017787046123650637,0.007552372104174783,0.0,0.010552495645081712,0.0012134695115785215,0.026708319561578403,0.03700752456073107,0.2365121960988505,0.05428681823727986,0.0,0.023839422751101277,0.05573747224784826,0.00857457759082682,0.0,0.001386878309020783,0.0,0.06625379403378606,0.008093587123734302,0.08856054743187651,0.04292929292929293,0.011553488566969382,0.023982558139534885,0.0007188841201716739,0.1725467689643368,0.2365121960988505,0.02124374293557242,5.294086505373498e-05,0.002601135593048794,0.0,0.0018286723208374058,0.013767329716696804,0.23042667148101342,9.733939000648929e-05,0.2296393324600786,0.03698631994251393,0.2576277306372991,0.008980677623574537,0.26016618280108117,0.1218450647707045,0.030072295012251674,0.039802843684768476,0.694640753828033,0.03518040321243278,0.010038283475783475,0.005892360678866343,0.027462336901701755,0.2170779822054028,0.47802615445219354,0.4911115915814564,0.45725741317641627,0.16832426855865557,0.48437913688112255,0.31456575720653335,0.32132889803512527,0.3040933079072243,0.5121753291562009,0.5048373581168584,0.5048373581168584,0.3339160839160839,0.3339160839160839,0.007790027536365405,0.002650018696450926,0.4857298663153576,0.5253892025964431,0.5164328015792562,0.5157286101149088,0.17907641333609442,0.3858876555841936,0.0
